0	17.409620	0.000000
1	16.374706	0.000000
2	15.273172	0.000000
3	14.362916	0.000000
4	13.547771	0.000000
5	13.563512	0.000000
6	13.017862	0.000000
7	12.355341	0.000000
8	12.160199	0.000000
9	12.456070	0.000000
10	11.986690	0.000000
11	12.831466	0.000000
12	12.653105	0.000000
13	13.020790	0.000000
14	13.233836	0.000000
15	12.469487	0.000000
16	12.530133	0.000000
17	11.918041	0.000000
18	11.744994	0.000000
19	12.093603	0.000000
20	11.888272	0.000000
21	11.733623	0.000000
22	11.679629	0.000000
23	12.208168	0.000000
24	11.484678	0.000000
25	11.099534	0.000000
26	11.449386	0.000000
27	11.690686	0.000000
28	11.127580	0.000000
29	11.283207	0.000000
30	10.976523	0.000000
31	10.740969	0.000000
32	10.593041	0.000000
33	10.551512	0.000000
34	10.820422	0.000000
35	10.676363	0.000000
36	10.592268	0.000000
37	10.316294	0.000000
38	10.618922	0.000000
39	10.952400	0.000000
40	10.503874	0.000000
41	10.308658	0.000000
42	10.641389	0.000000
43	10.396997	0.000000
44	10.141239	0.000000
45	9.809742	0.000000
46	10.125297	0.000000
47	10.820219	0.000000
48	10.525904	0.000000
49	10.248134	0.000000
50	10.072992	0.000000
51	10.188060	0.000000
52	10.250289	0.000000
53	10.617897	0.000000
54	10.594967	0.000000
55	10.835753	0.000000
56	10.525059	0.000000
57	10.739071	0.000000
58	10.732331	0.000000
59	10.915219	0.000000
60	10.577685	0.000000
61	10.348574	0.000000
62	10.478477	0.000000
63	10.050331	0.000000
64	10.143089	0.000000
65	10.376969	0.000000
66	9.858262	0.000000
67	10.416672	0.000000
68	10.520490	0.000000
69	10.000720	0.000000
70	10.235466	0.000000
71	9.767109	0.000000
72	9.915088	0.000000
73	9.839230	0.000000
74	9.169788	0.000000
75	9.210513	0.000000
76	9.267014	0.000000
77	10.093741	0.000000
78	9.907110	0.000000
79	9.534392	0.000000
80	9.541679	0.000000
81	9.439501	0.000000
82	9.444975	0.000000
83	10.061851	0.000000
84	10.592872	0.000000
85	10.011398	0.000000
86	9.891754	0.000000
87	9.744910	0.000000
88	9.579472	0.000000
89	9.528097	0.000000
90	9.965192	0.000000
91	9.479466	0.000000
92	9.491338	0.000000
93	9.651756	0.000000
94	9.546278	0.000000
95	9.402150	0.000000
96	9.783016	0.000000
97	9.299509	0.000000
98	9.833637	0.000000
99	10.327217	0.000000
100	10.100753	0.000000
101	10.305816	0.000000
102	9.862434	0.000000
103	9.631438	0.000000
104	9.564947	0.000000
105	9.674480	0.000000
106	9.816544	0.000000
107	9.889940	0.000000
108	10.218955	0.000000
109	10.420461	0.000000
110	10.554220	0.000000
111	10.492944	0.000000
112	9.965363	0.000000
113	10.357978	0.000000
114	10.351170	0.000000
115	9.816413	0.000000
116	10.257817	0.000000
117	10.571567	0.000000
118	10.620581	0.000000
119	10.733027	0.000000
120	10.217181	0.000000
121	10.190071	0.000000
122	10.419804	0.000000
123	9.935157	0.000000
124	10.169443	0.000000
125	10.191787	0.000000
126	9.989573	0.000000
127	9.675079	0.000000
128	9.447634	0.000000
129	9.735123	0.000000
130	9.788849	0.000000
131	9.562120	0.000000
132	9.584709	0.000000
133	9.415609	0.000000
134	9.247805	0.000000
135	9.694267	0.000000
136	9.909626	0.000000
137	10.155263	0.000000
138	10.484496	0.000000
139	10.465102	0.000000
140	10.652941	0.000000
141	10.142370	0.000000
142	10.332537	0.000000
143	9.633838	0.000000
144	9.336120	0.000000
145	9.504086	0.000000
146	9.889472	0.000000
147	9.781025	0.000000
148	9.806188	0.000000
149	9.418384	0.000000
150	9.286646	0.000000
151	9.468140	0.000000
152	10.038382	0.000000
153	9.913642	0.000000
154	9.967232	0.000000
155	9.661948	0.000000
156	9.774731	0.000000
157	9.732270	0.000000
158	9.879256	0.000000
159	10.072603	0.000000
160	10.089070	0.000000
161	9.904688	0.000000
162	9.227445	0.000000
163	9.499760	0.000000
164	9.866596	0.000000
165	9.450004	0.000000
166	9.566807	0.000000
167	9.833854	0.000000
168	9.632716	0.000000
169	9.466247	0.000000
170	9.625728	0.000000
171	9.765228	0.000000
172	9.324822	0.000000
173	9.394875	0.000000
174	9.542641	0.000000
175	9.946227	0.000000
176	9.455143	0.000000
177	9.367506	0.000000
178	9.587808	0.000000
179	9.469419	0.000000
180	10.191563	0.000000
181	10.433432	0.000000
182	10.831360	0.000000
183	11.284080	0.000000
184	10.863952	0.000000
185	10.370115	0.000000
186	10.216705	0.000000
187	9.992243	0.000000
188	10.134034	0.000000
189	10.538084	0.000000
190	10.373669	0.000000
191	10.410763	0.000000
192	10.166569	0.000000
193	10.790065	0.000000
194	10.644935	0.000000
195	10.676693	0.000000
196	10.980710	0.000000
197	11.369871	0.000000
198	11.284304	0.000000
199	10.630116	0.000000
200	10.442028	0.000000
201	10.286039	0.000000
202	10.352775	0.000000
203	9.850147	0.000000
204	10.458047	0.000000
205	10.444617	0.000000
206	10.312687	0.000000
207	10.477198	0.000000
208	10.562818	0.000000
209	10.842770	0.000000
210	10.332994	0.000000
211	10.376620	0.000000
212	10.057019	0.000000
213	10.004785	0.000000
214	9.943554	0.000000
215	10.254349	0.000000
216	10.639693	0.000000
217	10.429264	0.000000
218	10.562523	0.000000
219	10.721787	0.000000
220	10.481378	0.000000
221	10.308242	0.000000
222	9.304147	0.000000
223	9.052827	0.000000
224	9.256934	0.000000
225	9.177009	0.000000
226	9.220154	0.000000
227	8.817513	0.000000
228	9.195569	0.000000
229	8.982233	0.000000
230	9.449962	0.000000
231	9.372093	0.000000
232	9.680293	0.000000
233	9.558236	0.000000
234	9.181476	0.000000
235	9.774426	0.000000
236	9.884682	0.000000
237	9.790014	0.000000
238	10.026757	0.000000
239	9.803859	0.000000
240	10.030603	0.000000
241	9.843937	0.000000
242	9.839834	0.000000
243	9.605734	0.000000
244	9.762184	0.000000
245	9.681319	0.000000
246	10.484235	0.000000
247	10.466049	0.000000
248	10.344682	0.000000
249	10.791704	0.000000
250	10.669375	0.000000
251	10.417746	0.000000
252	10.340714	0.000000
253	10.169326	0.000000
254	10.541843	0.000000
255	10.574876	0.000000
256	10.464911	0.000000
257	10.165857	0.000000
258	9.303412	0.000000
259	8.995242	0.000000
260	9.676196	0.000000
261	9.965399	0.000000
262	10.181224	0.000000
263	10.527107	0.000000
264	10.304774	0.000000
265	10.366022	0.000000
266	10.887966	0.000000
267	11.191297	0.000000
268	10.633446	0.000000
269	10.207382	0.000000
270	10.389219	0.000000
271	10.649356	0.000000
272	10.940703	0.000000
273	10.911611	0.000000
274	10.219970	0.000000
275	9.925050	0.000000
276	9.378782	0.000000
277	9.901400	0.000000
278	9.871830	0.000000
279	9.910190	0.000000
280	10.071987	0.000000
281	9.729057	0.000000
282	10.050413	0.000000
283	10.448884	0.000000
284	9.438638	0.000000
285	9.687318	0.000000
286	9.336795	0.000000
287	9.468299	0.000000
288	9.623276	0.000000
289	9.510486	0.000000
290	9.420871	0.000000
291	9.532151	0.000000
292	9.571586	0.000000
293	9.439379	0.000000
294	9.073711	0.000000
295	9.493125	0.000000
296	9.433087	0.000000
297	9.811695	0.000000
298	9.657577	0.000000
299	9.537469	0.000000
300	9.273864	0.000000
301	9.769822	0.000000
302	9.393997	0.000000
303	9.558123	0.000000
304	9.594738	0.000000
305	9.395637	0.000000
306	9.464598	0.000000
307	8.798176	0.000000
308	8.913254	0.000000
309	8.735550	0.000000
310	8.744736	0.000000
311	8.639187	0.000000
312	9.420601	0.000000
313	9.605847	0.000000
314	10.152550	0.000000
315	10.075580	0.000000
316	10.152739	0.000000
317	10.298490	0.000000
318	10.785938	0.000000
319	10.654890	0.000000
320	10.605512	0.000000
321	10.275735	0.000000
322	10.292536	0.000000
323	10.037339	0.000000
324	9.926442	0.000000
325	9.827622	0.000000
326	9.841999	0.000000
327	9.809860	0.000000
328	9.729760	0.000000
329	9.702238	0.000000
330	9.450503	0.000000
331	9.684438	0.000000
332	9.592440	0.000000
333	9.556935	0.000000
334	9.698994	0.000000
335	9.927757	0.000000
336	10.040677	0.000000
337	10.276638	0.000000
338	10.541511	0.000000
339	10.206240	0.000000
340	10.002429	0.000000
341	9.777496	0.000000
342	10.267646	0.000000
343	9.577207	0.000000
344	9.733375	0.000000
345	9.823438	0.000000
346	9.599612	0.000000
347	9.657709	0.000000
348	9.788911	0.000000
349	9.426772	0.000000
350	9.484886	0.000000
351	9.963186	0.000000
352	10.325269	0.000000
353	10.168178	0.000000
354	9.868939	0.000000
355	9.718417	0.000000
356	9.381892	0.000000
357	9.351801	0.000000
358	9.684830	0.000000
359	9.579286	0.000000
360	9.614340	0.000000
361	9.254577	0.000000
362	8.977801	0.000000
363	9.405099	0.000000
364	9.449462	0.000000
365	9.406334	0.000000
366	9.247444	0.000000
367	9.323303	0.000000
368	9.407554	0.000000
369	9.400713	0.000000
370	9.418811	0.000000
371	9.214635	0.000000
372	9.268706	0.000000
373	9.359505	0.000000
374	9.306454	0.000000
375	9.538590	0.000000
376	9.160201	0.000000
377	9.365725	0.000000
378	9.606235	0.000000
379	10.056225	0.000000
380	9.677045	0.000000
381	9.388235	0.000000
382	9.686124	0.000000
383	9.522746	0.000000
384	9.321699	0.000000
385	9.115907	0.000000
386	9.147188	0.000000
387	9.393432	0.000000
388	9.431666	0.000000
389	9.619249	0.000000
390	9.472344	0.000000
391	9.650927	0.000000
392	9.669170	0.000000
393	9.400652	0.000000
394	9.155090	0.000000
395	9.544057	0.000000
396	9.829145	0.000000
397	9.856780	0.000000
398	10.010836	0.000000
399	9.827663	0.000000
400	9.497784	0.000000
401	9.438678	0.000000
402	9.615232	0.000000
403	9.715844	0.000000
404	9.475200	0.000000
405	9.911434	0.000000
406	9.716019	0.000000
407	10.542131	0.000000
408	10.540698	0.000000
409	10.078035	0.000000
410	10.188821	0.000000
411	9.868994	0.000000
412	9.860497	0.000000
413	9.890030	0.000000
414	9.593605	0.000000
415	10.835979	0.000000
416	11.018241	0.000000
417	10.940816	0.000000
418	10.118931	0.000000
419	10.020681	0.000000
420	9.913943	0.000000
421	9.539957	0.000000
422	9.443510	0.000000
423	9.442726	0.000000
424	9.496549	0.000000
425	9.201104	0.000000
426	9.534681	0.000000
427	9.340493	0.000000
428	9.217352	0.000000
429	9.357599	0.000000
430	9.125828	0.000000
431	9.280105	0.000000
432	9.689135	0.000000
433	9.365162	0.000000
434	9.618528	0.000000
435	9.324511	0.000000
436	9.323372	0.000000
437	9.597416	0.000000
438	9.348264	0.000000
439	8.915362	0.000000
440	9.028716	0.000000
441	9.227010	0.000000
442	9.142214	0.000000
443	9.328808	0.000000
444	9.366154	0.000000
445	9.415300	0.000000
446	9.698783	0.000000
447	9.592859	0.000000
448	9.341460	0.000000
449	9.387617	0.000000
450	9.682501	0.000000
451	9.296691	0.000000
452	8.913988	0.000000
453	9.041023	0.000000
454	9.093294	0.000000
455	9.388781	0.000000
456	9.525325	0.000000
457	9.829799	0.000000
458	9.728945	0.000000
459	9.416348	0.000000
460	9.191018	0.000000
461	8.620155	0.000000
462	9.129018	0.000000
463	9.300729	0.000000
464	9.173918	0.000000
465	8.975218	0.000000
466	9.070692	0.000000
467	9.544605	0.000000
468	10.113794	0.000000
469	10.401337	0.000000
470	10.062639	0.000000
471	10.095397	0.000000
472	9.802393	0.000000
473	9.826017	0.000000
474	10.136826	0.000000
475	9.777889	0.000000
476	10.247454	0.000000
477	10.049978	0.000000
478	9.812070	0.000000
479	9.879143	0.000000
480	9.787928	0.000000
481	9.844630	0.000000
482	9.869530	0.000000
483	10.066685	0.000000
484	10.642869	0.000000
485	11.033214	0.000000
486	10.852279	0.000000
487	10.834697	0.000000
488	10.723234	0.000000
489	10.674510	0.000000
490	10.709688	0.000000
491	10.029933	0.000000
492	9.888490	0.000000
493	10.013947	0.000000
494	10.047697	0.000000
495	10.721601	0.000000
496	10.708648	0.000000
497	11.020490	0.000000
498	10.453627	0.000000
499	9.954777	0.000000
