0.000000 1.000000
.Vol:  125000.000000
-6.3867695369753 -14.8547887123232 11.4333146518208 -0.459285390691259 0.0255010072062678 -0.887922647829777 @ 	1	8	 C[0.000000,0.800000,0.673810]
-1.51126641771668 -15.7149600567275 10.1243248359555 -0.876841702476334 0.143622346500975 0.458825947810232 @ 	1	8	 C[0.000000,0.800000,0.673810]
0.000000 1.000000
.Vol:  125000.000000
-5.12207568279504 2.72101404760363 17.1328330008178 -0.762470524240128 0.600583336699159 -0.240703874801152 @ 	1	8	 C[0.000000,0.800000,0.673810]
-8.37228347340933 2.09683466156054 21.084296359227 -0.424294512413069 -0.190564304769155 0.885245396759568 @ 	1	8	 C[0.000000,0.800000,0.673810]
0.000000 1.000000
.Vol:  125000.000000
-12.6215437455228 22.4308391952547 -13.9739238256576 0.321499307659368 0.441784498948324 0.83753486593904 @ 	1	8	 C[0.000000,0.800000,0.673810]
-7.43308909464524 22.0197560939988 -14.0439412797541 -0.941131468953141 0.249210131252234 0.228398486482171 @ 	1	8	 C[0.000000,0.800000,0.673810]
0.000000 1.000000
.Vol:  125000.000000
18.701545051618 -24.0062662348969 -18.8455726379688 0.162172137650157 0.466842192592464 0.869343755361157 @ 	1	8	 C[0.000000,0.800000,0.673810]
22.7719388565784 22.4243135741945 -22.0063027820217 0.957722101605734 -0.287116826304905 -0.0182292114062748 @ 	1	8	 C[0.000000,0.800000,0.673810]
0.000000 1.000000
.Vol:  125000.000000
13.5770272756266 -16.585976238191 -15.6306747977458 -0.552916840591322 0.760201215449732 0.34114084982491 @ 	1	8	 C[0.000000,0.800000,0.673810]
16.9650567970685 -15.4711080714891 -12.1220343570489 0.700152414728669 0.214826375111424 0.680908382020739 @ 	1	8	 C[0.000000,0.800000,0.673810]
0.000000 1.000000
.Vol:  125000.000000
5.59166122786987 -2.84696664160826 -23.0564940981941 -0.149914802123201 -0.905053721586754 0.397999137117568 @ 	1	8	 C[0.000000,0.800000,0.673810]
1.15926330088385 -3.70945013422688 -19.4334587195105 -0.847167756438367 0.322638234103403 0.42215087628219 @ 	1	8	 C[0.000000,0.800000,0.673810]
