29.881084 -28.664098 -29.710712 @ 1 C[0.000000,0.900000,0.073810] 
27.402154 -29.451929 -26.780617 @ 1 C[0.000000,0.900000,0.073810] 
28.401355 29.038517 -19.913559 @ 1 C[0.000000,0.900000,0.073810] 
28.635771 28.275879 -13.238610 @ 1 C[0.000000,0.900000,0.073810] 
29.679486 29.718508 -3.834306 @ 1 C[0.000000,0.900000,0.073810] 
-29.514694 29.588733 2.519656 @ 1 C[0.000000,0.900000,0.073810] 
-29.501097 29.475688 3.489542 @ 1 C[0.000000,0.900000,0.073810] 
29.980636 28.098188 11.966622 @ 1 C[0.000000,0.900000,0.073810] 
-29.600898 29.053695 14.851242 @ 1 C[0.000000,0.900000,0.073810] 
29.389622 28.409214 23.224711 @ 1 C[0.000000,0.900000,0.073810] 
-29.718844 -23.432457 27.998953 @ 1 C[0.000000,0.900000,0.073810] 
29.490051 -24.510043 -22.810630 @ 1 C[0.000000,0.900000,0.073810] 
29.616233 -25.537590 -17.135628 @ 1 C[0.000000,0.900000,0.073810] 
28.815125 -24.117142 -13.262310 @ 1 C[0.000000,0.900000,0.073810] 
-29.029831 -26.396948 -5.939181 @ 1 C[0.000000,0.900000,0.073810] 
-29.784189 -20.003964 -0.354036 @ 1 C[0.000000,0.900000,0.073810] 
29.322697 -23.812738 4.873558 @ 1 C[0.000000,0.900000,0.073810] 
-29.338424 -23.203538 14.713789 @ 1 C[0.000000,0.900000,0.073810] 
-29.346521 -23.211882 15.370816 @ 1 C[0.000000,0.900000,0.073810] 
-29.723514 -23.416650 27.339572 @ 1 C[0.000000,0.900000,0.073810] 
28.604116 -18.122386 27.346217 @ 1 C[0.000000,0.900000,0.073810] 
-29.597260 -17.816326 -21.137566 @ 1 C[0.000000,0.900000,0.073810] 
-29.602889 -17.806573 -20.474893 @ 1 C[0.000000,0.900000,0.073810] 
-28.151092 -17.372292 -11.348390 @ 1 C[0.000000,0.900000,0.073810] 
28.979420 -17.950010 -4.393230 @ 1 C[0.000000,0.900000,0.073810] 
-29.086189 -17.165232 -0.817965 @ 1 C[0.000000,0.900000,0.073810] 
29.665625 -17.899493 7.487286 @ 1 C[0.000000,0.900000,0.073810] 
-27.761762 -17.811450 12.361183 @ 1 C[0.000000,0.900000,0.073810] 
29.098045 -20.225860 19.358231 @ 1 C[0.000000,0.900000,0.073810] 
-29.998233 -19.632133 22.457400 @ 1 C[0.000000,0.900000,0.073810] 
29.835374 -12.756379 -29.970187 @ 1 C[0.000000,0.900000,0.073810] 
-29.435384 -10.772223 -22.594904 @ 1 C[0.000000,0.900000,0.073810] 
29.612621 -11.436471 -19.201408 @ 1 C[0.000000,0.900000,0.073810] 
27.767993 -11.675984 -10.914176 @ 1 C[0.000000,0.900000,0.073810] 
29.300932 -11.280275 -2.341910 @ 1 C[0.000000,0.900000,0.073810] 
29.314518 -11.282478 -1.688399 @ 1 C[0.000000,0.900000,0.073810] 
-29.940365 -11.434759 5.515280 @ 1 C[0.000000,0.900000,0.073810] 
29.443226 -11.684261 10.343663 @ 1 C[0.000000,0.900000,0.073810] 
-28.049411 -14.019852 18.220716 @ 1 C[0.000000,0.900000,0.073810] 
-29.497223 -13.017138 23.221902 @ 1 C[0.000000,0.900000,0.073810] 
29.024334 -7.816022 -29.145084 @ 1 C[0.000000,0.900000,0.073810] 
28.145110 -5.354677 -22.766004 @ 1 C[0.000000,0.900000,0.073810] 
27.807508 -6.261178 -18.710664 @ 1 C[0.000000,0.900000,0.073810] 
-29.525901 -4.743542 -12.671426 @ 1 C[0.000000,0.900000,0.073810] 
-29.419109 -5.340977 -4.144675 @ 1 C[0.000000,0.900000,0.073810] 
29.762608 -5.297255 -0.983129 @ 1 C[0.000000,0.900000,0.073810] 
28.067990 -4.992789 5.009774 @ 1 C[0.000000,0.900000,0.073810] 
28.847474 -6.643672 12.226981 @ 1 C[0.000000,0.900000,0.073810] 
29.775334 -5.610766 18.658959 @ 1 C[0.000000,0.900000,0.073810] 
29.809944 -4.674522 23.504691 @ 1 C[0.000000,0.900000,0.073810] 
-28.839207 0.676881 26.681275 @ 1 C[0.000000,0.900000,0.073810] 
-28.192719 0.449987 -23.916264 @ 1 C[0.000000,0.900000,0.073810] 
29.765639 0.064635 -17.184309 @ 1 C[0.000000,0.900000,0.073810] 
-29.162224 0.968390 -11.932114 @ 1 C[0.000000,0.900000,0.073810] 
-28.725529 -1.106382 -6.603451 @ 1 C[0.000000,0.900000,0.073810] 
29.514977 1.493801 1.835297 @ 1 C[0.000000,0.900000,0.073810] 
29.815831 -0.055320 7.993163 @ 1 C[0.000000,0.900000,0.073810] 
29.601713 -0.312587 10.269819 @ 1 C[0.000000,0.900000,0.073810] 
29.937686 -1.913815 17.496516 @ 1 C[0.000000,0.900000,0.073810] 
-28.557268 0.507170 25.025045 @ 1 C[0.000000,0.900000,0.073810] 
29.126610 6.408960 29.385886 @ 1 C[0.000000,0.900000,0.073810] 
28.824636 6.789491 -25.798491 @ 1 C[0.000000,0.900000,0.073810] 
28.677168 7.160358 -18.141133 @ 1 C[0.000000,0.900000,0.073810] 
-29.374532 6.739946 -11.520189 @ 1 C[0.000000,0.900000,0.073810] 
29.122364 5.236694 -6.863461 @ 1 C[0.000000,0.900000,0.073810] 
29.794004 6.048410 0.123390 @ 1 C[0.000000,0.900000,0.073810] 
-29.543976 7.131548 6.944471 @ 1 C[0.000000,0.900000,0.073810] 
-29.659897 7.520887 14.563954 @ 1 C[0.000000,0.900000,0.073810] 
-29.644941 7.507224 15.223654 @ 1 C[0.000000,0.900000,0.073810] 
29.465605 6.862749 22.507060 @ 1 C[0.000000,0.900000,0.073810] 
29.098915 11.524754 26.166453 @ 1 C[0.000000,0.900000,0.073810] 
-28.013189 9.600898 -22.157535 @ 1 C[0.000000,0.900000,0.073810] 
-29.856414 12.219389 -18.787570 @ 1 C[0.000000,0.900000,0.073810] 
29.202816 11.909165 -12.890321 @ 1 C[0.000000,0.900000,0.073810] 
29.603724 13.163943 -5.645677 @ 1 C[0.000000,0.900000,0.073810] 
28.320945 13.506520 0.324321 @ 1 C[0.000000,0.900000,0.073810] 
-29.857160 12.521734 5.595932 @ 1 C[0.000000,0.900000,0.073810] 
28.838562 10.948863 10.686170 @ 1 C[0.000000,0.900000,0.073810] 
29.516407 13.272415 19.473892 @ 1 C[0.000000,0.900000,0.073810] 
29.094030 11.541114 25.508328 @ 1 C[0.000000,0.900000,0.073810] 
28.370706 19.773141 29.432994 @ 1 C[0.000000,0.900000,0.073810] 
28.668496 18.926555 -26.013857 @ 1 C[0.000000,0.900000,0.073810] 
-29.631952 18.853811 -16.743092 @ 1 C[0.000000,0.900000,0.073810] 
29.987184 17.440074 -10.584387 @ 1 C[0.000000,0.900000,0.073810] 
29.810942 20.380813 -6.002527 @ 1 C[0.000000,0.900000,0.073810] 
29.901599 17.594991 0.943603 @ 1 C[0.000000,0.900000,0.073810] 
-29.029562 18.642988 3.849405 @ 1 C[0.000000,0.900000,0.073810] 
-29.385454 18.828605 14.401143 @ 1 C[0.000000,0.900000,0.073810] 
-29.239533 18.533144 18.172796 @ 1 C[0.000000,0.900000,0.073810] 
28.510663 17.629890 23.072732 @ 1 C[0.000000,0.900000,0.073810] 
29.327513 22.480182 -28.844936 @ 1 C[0.000000,0.900000,0.073810] 
-27.665725 25.502055 -24.490185 @ 1 C[0.000000,0.900000,0.073810] 
-29.070633 23.876074 -14.551533 @ 1 C[0.000000,0.900000,0.073810] 
-28.530191 24.079226 -12.194747 @ 1 C[0.000000,0.900000,0.073810] 
-29.829198 24.031224 -2.949007 @ 1 C[0.000000,0.900000,0.073810] 
-29.848439 24.000770 -2.291917 @ 1 C[0.000000,0.900000,0.073810] 
28.583474 24.158138 5.047127 @ 1 C[0.000000,0.900000,0.073810] 
29.129951 24.028726 16.051636 @ 1 C[0.000000,0.900000,0.073810] 
29.111591 24.030149 16.716550 @ 1 C[0.000000,0.900000,0.073810] 
28.947979 22.620502 23.032416 @ 1 C[0.000000,0.900000,0.073810] 
-25.424133 29.629363 -28.468647 @ 1 C[0.000000,0.900000,0.073810] 
-23.367995 -28.838028 -24.701531 @ 1 C[0.000000,0.900000,0.073810] 
-24.858406 29.806630 -15.292298 @ 1 C[0.000000,0.900000,0.073810] 
-24.853813 29.819509 -14.627586 @ 1 C[0.000000,0.900000,0.073810] 
-25.654774 -29.462411 -7.359040 @ 1 C[0.000000,0.900000,0.073810] 
-24.178044 -29.635762 -2.289567 @ 1 C[0.000000,0.900000,0.073810] 
-25.064302 28.935854 6.746632 @ 1 C[0.000000,0.900000,0.073810] 
-24.770433 -29.365398 10.424293 @ 1 C[0.000000,0.900000,0.073810] 
-21.959196 -29.499365 18.660671 @ 1 C[0.000000,0.900000,0.073810] 
-24.526262 -29.561964 25.429555 @ 1 C[0.000000,0.900000,0.073810] 
-22.752476 -24.415186 29.119696 @ 1 C[0.000000,0.900000,0.073810] 
-21.275948 -22.666817 -23.735986 @ 1 C[0.000000,0.900000,0.073810] 
-24.901146 -24.084761 -14.356417 @ 1 C[0.000000,0.900000,0.073810] 
-24.900963 -24.102006 -13.694070 @ 1 C[0.000000,0.900000,0.073810] 
-23.785840 -24.037731 -4.964982 @ 1 C[0.000000,0.900000,0.073810] 
-24.035855 -24.601675 0.384199 @ 1 C[0.000000,0.900000,0.073810] 
-25.291406 -25.257489 5.818890 @ 1 C[0.000000,0.900000,0.073810] 
-23.854368 -25.869548 11.957206 @ 1 C[0.000000,0.900000,0.073810] 
-24.802946 -23.131002 17.537098 @ 1 C[0.000000,0.900000,0.073810] 
-23.840129 -24.243849 24.434341 @ 1 C[0.000000,0.900000,0.073810] 
-24.100145 -17.662810 -26.954785 @ 1 C[0.000000,0.900000,0.073810] 
-24.120244 -16.388285 -24.055481 @ 1 C[0.000000,0.900000,0.073810] 
-24.214747 -18.045994 -16.267860 @ 1 C[0.000000,0.900000,0.073810] 
-23.312219 -17.304676 -13.416345 @ 1 C[0.000000,0.900000,0.073810] 
-23.641911 -19.447679 -3.525837 @ 1 C[0.000000,0.900000,0.073810] 
-23.408092 -18.599259 -1.261120 @ 1 C[0.000000,0.900000,0.073810] 
-24.323882 -17.033813 6.443798 @ 1 C[0.000000,0.900000,0.073810] 
-23.827691 -17.398613 11.784493 @ 1 C[0.000000,0.900000,0.073810] 
-25.893787 -18.009532 17.788341 @ 1 C[0.000000,0.900000,0.073810] 
-23.050770 -18.387531 22.888319 @ 1 C[0.000000,0.900000,0.073810] 
-23.659441 -11.190488 28.488588 @ 1 C[0.000000,0.900000,0.073810] 
-22.260383 -11.418342 -24.072215 @ 1 C[0.000000,0.900000,0.073810] 
-26.842969 -11.404524 -17.291180 @ 1 C[0.000000,0.900000,0.073810] 
-24.164194 -11.940875 -12.825381 @ 1 C[0.000000,0.900000,0.073810] 
-24.504399 -13.439915 -4.353875 @ 1 C[0.000000,0.900000,0.073810] 
-23.608639 -12.097671 0.675520 @ 1 C[0.000000,0.900000,0.073810] 
-23.951882 -13.157657 6.798328 @ 1 C[0.000000,0.900000,0.073810] 
-24.328398 -11.845730 12.409929 @ 1 C[0.000000,0.900000,0.073810] 
-22.825856 -12.976108 16.560614 @ 1 C[0.000000,0.900000,0.073810] 
-22.826379 -11.672807 23.691567 @ 1 C[0.000000,0.900000,0.073810] 
-24.589720 -5.525477 28.532500 @ 1 C[0.000000,0.900000,0.073810] 
-21.962136 -5.593680 -23.912939 @ 1 C[0.000000,0.900000,0.073810] 
-24.927712 -7.550727 -17.441131 @ 1 C[0.000000,0.900000,0.073810] 
-24.420375 -4.457201 -10.402944 @ 1 C[0.000000,0.900000,0.073810] 
-24.164924 -8.061970 -5.702717 @ 1 C[0.000000,0.900000,0.073810] 
-24.883815 -6.380346 0.881450 @ 1 C[0.000000,0.900000,0.073810] 
-26.993738 -5.763335 7.203613 @ 1 C[0.000000,0.900000,0.073810] 
-24.377963 -4.367854 10.965675 @ 1 C[0.000000,0.900000,0.073810] 
-22.996868 -5.171372 21.201565 @ 1 C[0.000000,0.900000,0.073810] 
-23.011007 -5.168344 21.862190 @ 1 C[0.000000,0.900000,0.073810] 
-22.700407 1.008537 -28.632780 @ 1 C[0.000000,0.900000,0.073810] 
-23.941845 0.217143 -22.523190 @ 1 C[0.000000,0.900000,0.073810] 
-24.200620 1.543666 -19.380411 @ 1 C[0.000000,0.900000,0.073810] 
-24.010883 0.753143 -11.547440 @ 1 C[0.000000,0.900000,0.073810] 
-23.639021 -1.184431 -6.991715 @ 1 C[0.000000,0.900000,0.073810] 
-24.402010 -0.987090 0.422710 @ 1 C[0.000000,0.900000,0.073810] 
-23.953762 1.125586 2.860549 @ 1 C[0.000000,0.900000,0.073810] 
-24.299689 -0.399285 15.302918 @ 1 C[0.000000,0.900000,0.073810] 
-24.306273 -0.422239 15.968148 @ 1 C[0.000000,0.900000,0.073810] 
-23.134849 -1.355783 24.175726 @ 1 C[0.000000,0.900000,0.073810] 
-24.303738 5.153591 29.632284 @ 1 C[0.000000,0.900000,0.073810] 
-22.164556 7.280444 -24.510557 @ 1 C[0.000000,0.900000,0.073810] 
-24.086800 6.183588 -15.400709 @ 1 C[0.000000,0.900000,0.073810] 
-24.078763 6.189252 -14.731142 @ 1 C[0.000000,0.900000,0.073810] 
-24.257882 4.177402 -4.051968 @ 1 C[0.000000,0.900000,0.073810] 
-23.720879 4.841822 -1.417701 @ 1 C[0.000000,0.900000,0.073810] 
-23.487879 7.546321 5.733699 @ 1 C[0.000000,0.900000,0.073810] 
-23.391183 5.169356 9.868529 @ 1 C[0.000000,0.900000,0.073810] 
-24.389149 6.644411 19.216931 @ 1 C[0.000000,0.900000,0.073810] 
-22.603558 6.033929 23.485535 @ 1 C[0.000000,0.900000,0.073810] 
-24.781139 11.514091 -29.324301 @ 1 C[0.000000,0.900000,0.073810] 
-22.998716 11.329150 -20.917793 @ 1 C[0.000000,0.900000,0.073810] 
-23.003392 11.320609 -20.243370 @ 1 C[0.000000,0.900000,0.073810] 
-22.351466 13.168453 -12.174740 @ 1 C[0.000000,0.900000,0.073810] 
-23.443378 9.445803 -4.943223 @ 1 C[0.000000,0.900000,0.073810] 
-24.291181 12.926642 0.088706 @ 1 C[0.000000,0.900000,0.073810] 
-24.316494 12.615624 7.142293 @ 1 C[0.000000,0.900000,0.073810] 
-24.589424 11.361909 9.360674 @ 1 C[0.000000,0.900000,0.073810] 
-26.571717 13.632157 19.938775 @ 1 C[0.000000,0.900000,0.073810] 
-23.930220 13.900083 22.978800 @ 1 C[0.000000,0.900000,0.073810] 
-24.659417 18.552462 -29.409872 @ 1 C[0.000000,0.900000,0.073810] 
-22.810592 16.524439 -22.985806 @ 1 C[0.000000,0.900000,0.073810] 
-22.754717 18.821127 -16.668930 @ 1 C[0.000000,0.900000,0.073810] 
-24.614394 17.955639 -13.282130 @ 1 C[0.000000,0.900000,0.073810] 
-22.802341 19.929138 -7.766598 @ 1 C[0.000000,0.900000,0.073810] 
-23.913336 18.420341 1.067013 @ 1 C[0.000000,0.900000,0.073810] 
-23.932087 18.380266 5.972189 @ 1 C[0.000000,0.900000,0.073810] 
-24.724504 18.746134 12.291549 @ 1 C[0.000000,0.900000,0.073810] 
-23.270536 16.636410 18.611406 @ 1 C[0.000000,0.900000,0.073810] 
-25.642829 17.903897 24.747068 @ 1 C[0.000000,0.900000,0.073810] 
-24.470177 25.115180 -29.891034 @ 1 C[0.000000,0.900000,0.073810] 
-23.645047 26.091542 -24.913516 @ 1 C[0.000000,0.900000,0.073810] 
-23.499765 25.489727 -16.936578 @ 1 C[0.000000,0.900000,0.073810] 
-23.445898 24.261370 -10.304279 @ 1 C[0.000000,0.900000,0.073810] 
-23.089376 22.999442 -3.811093 @ 1 C[0.000000,0.900000,0.073810] 
-23.593746 24.304920 -1.228323 @ 1 C[0.000000,0.900000,0.073810] 
-26.185909 26.266593 4.398602 @ 1 C[0.000000,0.900000,0.073810] 
-24.493949 23.541831 13.621059 @ 1 C[0.000000,0.900000,0.073810] 
-24.487094 23.546331 14.280484 @ 1 C[0.000000,0.900000,0.073810] 
-23.922491 24.109438 23.070451 @ 1 C[0.000000,0.900000,0.073810] 
-17.806186 -29.871099 29.707315 @ 1 C[0.000000,0.900000,0.073810] 
-18.208782 29.379104 -22.353973 @ 1 C[0.000000,0.900000,0.073810] 
-20.096561 29.718181 -18.228189 @ 1 C[0.000000,0.900000,0.073810] 
-19.684175 28.783227 -13.462597 @ 1 C[0.000000,0.900000,0.073810] 
-18.301948 -29.410892 -6.619564 @ 1 C[0.000000,0.900000,0.073810] 
-17.579193 -26.675171 -0.235317 @ 1 C[0.000000,0.900000,0.073810] 
-19.983241 29.106148 7.606368 @ 1 C[0.000000,0.900000,0.073810] 
-19.342458 28.820560 11.167534 @ 1 C[0.000000,0.900000,0.073810] 
-19.037832 -29.672027 20.021424 @ 1 C[0.000000,0.900000,0.073810] 
-19.037686 -29.661685 20.682701 @ 1 C[0.000000,0.900000,0.073810] 
-18.153273 -23.996100 26.360747 @ 1 C[0.000000,0.900000,0.073810] 
-18.505841 -24.231037 -22.673587 @ 1 C[0.000000,0.900000,0.073810] 
-17.238576 -23.589015 -18.098517 @ 1 C[0.000000,0.900000,0.073810] 
-18.645070 -23.550434 -10.607380 @ 1 C[0.000000,0.900000,0.073810] 
-18.660328 -23.537062 -9.943295 @ 1 C[0.000000,0.900000,0.073810] 
-19.913767 -22.926038 2.380200 @ 1 C[0.000000,0.900000,0.073810] 
-18.626817 -24.321672 7.236897 @ 1 C[0.000000,0.900000,0.073810] 
-19.004297 -23.879297 11.625296 @ 1 C[0.000000,0.900000,0.073810] 
-18.734485 -23.540391 18.269265 @ 1 C[0.000000,0.900000,0.073810] 
-18.180129 -23.991103 25.702266 @ 1 C[0.000000,0.900000,0.073810] 
-18.477120 -18.295618 29.733576 @ 1 C[0.000000,0.900000,0.073810] 
-17.508141 -20.825753 -20.650289 @ 1 C[0.000000,0.900000,0.073810] 
-18.501896 -18.712252 -17.669971 @ 1 C[0.000000,0.900000,0.073810] 
-18.086094 -18.364205 -10.460980 @ 1 C[0.000000,0.900000,0.073810] 
-18.054585 -18.344617 -9.804510 @ 1 C[0.000000,0.900000,0.073810] 
-16.643989 -18.636825 2.706382 @ 1 C[0.000000,0.900000,0.073810] 
-16.625161 -18.637128 3.376891 @ 1 C[0.000000,0.900000,0.073810] 
-18.170423 -18.876917 10.720837 @ 1 C[0.000000,0.900000,0.073810] 
-18.212974 -17.921520 20.846711 @ 1 C[0.000000,0.900000,0.073810] 
-18.273875 -17.857744 21.576020 @ 1 C[0.000000,0.900000,0.073810] 
-15.838446 -10.383412 28.054763 @ 1 C[0.000000,0.900000,0.073810] 
-18.052482 -12.965899 -21.563739 @ 1 C[0.000000,0.900000,0.073810] 
-18.055300 -12.945048 -20.904242 @ 1 C[0.000000,0.900000,0.073810] 
-17.689902 -11.973466 -12.461790 @ 1 C[0.000000,0.900000,0.073810] 
-16.958264 -12.075392 -6.563270 @ 1 C[0.000000,0.900000,0.073810] 
-16.819102 -12.045439 -2.421052 @ 1 C[0.000000,0.900000,0.073810] 
-18.146098 -13.337046 4.528002 @ 1 C[0.000000,0.900000,0.073810] 
-18.983692 -13.903767 13.257383 @ 1 C[0.000000,0.900000,0.073810] 
-17.637604 -11.253043 20.229311 @ 1 C[0.000000,0.900000,0.073810] 
-17.621864 -11.235255 20.889568 @ 1 C[0.000000,0.900000,0.073810] 
-17.709206 -5.927444 -29.250303 @ 1 C[0.000000,0.900000,0.073810] 
-16.742699 -5.979214 -23.855303 @ 1 C[0.000000,0.900000,0.073810] 
-17.389250 -4.923922 -18.474736 @ 1 C[0.000000,0.900000,0.073810] 
-19.599570 -8.096636 -10.246675 @ 1 C[0.000000,0.900000,0.073810] 
-16.571067 -5.681062 -6.932252 @ 1 C[0.000000,0.900000,0.073810] 
-19.547345 -5.643694 -0.511698 @ 1 C[0.000000,0.900000,0.073810] 
-18.317730 -6.016895 7.624331 @ 1 C[0.000000,0.900000,0.073810] 
-16.621192 -5.189979 13.034196 @ 1 C[0.000000,0.900000,0.073810] 
-14.911527 -6.723309 16.895389 @ 1 C[0.000000,0.900000,0.073810] 
-18.176769 -5.702241 24.860945 @ 1 C[0.000000,0.900000,0.073810] 
-16.169905 -2.288068 -29.670484 @ 1 C[0.000000,0.900000,0.073810] 
-17.213777 -0.716558 -24.812664 @ 1 C[0.000000,0.900000,0.073810] 
-17.363601 0.035722 -16.069412 @ 1 C[0.000000,0.900000,0.073810] 
-17.360390 0.042026 -15.415535 @ 1 C[0.000000,0.900000,0.073810] 
-18.627629 -0.896121 -7.731026 @ 1 C[0.000000,0.900000,0.073810] 
-17.556968 -0.466349 -3.395961 @ 1 C[0.000000,0.900000,0.073810] 
-17.436296 0.115028 8.870819 @ 1 C[0.000000,0.900000,0.073810] 
-17.424356 0.101753 9.530738 @ 1 C[0.000000,0.900000,0.073810] 
-18.273907 -0.513075 19.006116 @ 1 C[0.000000,0.900000,0.073810] 
-18.024462 -0.755095 22.648653 @ 1 C[0.000000,0.900000,0.073810] 
-18.328607 3.550454 28.353863 @ 1 C[0.000000,0.900000,0.073810] 
-19.247700 5.610167 -22.874601 @ 1 C[0.000000,0.900000,0.073810] 
-15.958948 6.471026 -16.684246 @ 1 C[0.000000,0.900000,0.073810] 
-17.835173 6.906654 -11.009102 @ 1 C[0.000000,0.900000,0.073810] 
-19.591105 4.717657 -5.191828 @ 1 C[0.000000,0.900000,0.073810] 
-18.475979 6.078299 0.754584 @ 1 C[0.000000,0.900000,0.073810] 
-17.921144 6.845479 7.980659 @ 1 C[0.000000,0.900000,0.073810] 
-18.088134 6.303454 9.992926 @ 1 C[0.000000,0.900000,0.073810] 
-16.471411 5.190419 20.897763 @ 1 C[0.000000,0.900000,0.073810] 
-16.468565 5.219870 21.561917 @ 1 C[0.000000,0.900000,0.073810] 
-18.813633 11.168637 29.254682 @ 1 C[0.000000,0.900000,0.073810] 
-17.350708 11.661048 -26.101606 @ 1 C[0.000000,0.900000,0.073810] 
-18.927147 11.508101 -18.315290 @ 1 C[0.000000,0.900000,0.073810] 
-18.051078 11.679331 -13.349307 @ 1 C[0.000000,0.900000,0.073810] 
-18.730782 11.647193 -3.701632 @ 1 C[0.000000,0.900000,0.073810] 
-17.746304 12.330052 -1.136513 @ 1 C[0.000000,0.900000,0.073810] 
-17.949803 10.661975 4.763909 @ 1 C[0.000000,0.900000,0.073810] 
-17.770285 12.944092 14.074512 @ 1 C[0.000000,0.900000,0.073810] 
-17.816627 12.678046 18.277881 @ 1 C[0.000000,0.900000,0.073810] 
-19.206400 11.452927 23.772614 @ 1 C[0.000000,0.900000,0.073810] 
-19.242583 17.059335 29.178883 @ 1 C[0.000000,0.900000,0.073810] 
-17.088660 17.920017 -24.059144 @ 1 C[0.000000,0.900000,0.073810] 
-18.656538 17.443160 -16.762652 @ 1 C[0.000000,0.900000,0.073810] 
-19.523197 18.350232 -11.100360 @ 1 C[0.000000,0.900000,0.073810] 
-16.904911 17.575167 -5.989094 @ 1 C[0.000000,0.900000,0.073810] 
-19.156473 19.064825 -2.166538 @ 1 C[0.000000,0.900000,0.073810] 
-18.559310 16.794708 5.717577 @ 1 C[0.000000,0.900000,0.073810] 
-17.556539 17.949201 14.967025 @ 1 C[0.000000,0.900000,0.073810] 
-17.562783 17.906846 15.629226 @ 1 C[0.000000,0.900000,0.073810] 
-19.041645 17.281379 24.265195 @ 1 C[0.000000,0.900000,0.073810] 
-17.864503 22.195031 27.484298 @ 1 C[0.000000,0.900000,0.073810] 
-17.077340 24.732385 -24.293687 @ 1 C[0.000000,0.900000,0.073810] 
-16.488195 24.202239 -19.982975 @ 1 C[0.000000,0.900000,0.073810] 
-18.855078 23.906760 -12.511994 @ 1 C[0.000000,0.900000,0.073810] 
-19.890907 23.444409 -5.619517 @ 1 C[0.000000,0.900000,0.073810] 
-19.007976 24.068968 -1.015776 @ 1 C[0.000000,0.900000,0.073810] 
-19.631144 23.966740 6.931454 @ 1 C[0.000000,0.900000,0.073810] 
-17.305402 23.203804 12.944782 @ 1 C[0.000000,0.900000,0.073810] 
-18.609647 24.185898 18.433472 @ 1 C[0.000000,0.900000,0.073810] 
-18.382382 23.567313 23.786963 @ 1 C[0.000000,0.900000,0.073810] 
-11.929404 28.497777 28.530441 @ 1 C[0.000000,0.900000,0.073810] 
-12.553450 29.298536 -24.632008 @ 1 C[0.000000,0.900000,0.073810] 
-12.642344 -29.368242 -14.410665 @ 1 C[0.000000,0.900000,0.073810] 
-12.649764 -29.339348 -13.746444 @ 1 C[0.000000,0.900000,0.073810] 
-11.699259 29.122676 -2.242518 @ 1 C[0.000000,0.900000,0.073810] 
-11.714712 29.137241 -1.579058 @ 1 C[0.000000,0.900000,0.073810] 
-9.560406 -29.147145 7.727528 @ 1 C[0.000000,0.900000,0.073810] 
-12.048703 28.486950 12.455157 @ 1 C[0.000000,0.900000,0.073810] 
-10.291305 -29.921772 18.863429 @ 1 C[0.000000,0.900000,0.073810] 
-11.900702 28.965189 25.584870 @ 1 C[0.000000,0.900000,0.073810] 
-11.886465 -25.221506 27.283528 @ 1 C[0.000000,0.900000,0.073810] 
-11.863648 -24.037072 -21.897397 @ 1 C[0.000000,0.900000,0.073810] 
-11.880811 -24.006346 -21.237503 @ 1 C[0.000000,0.900000,0.073810] 
-10.577279 -24.381998 -12.068823 @ 1 C[0.000000,0.900000,0.073810] 
-11.675563 -23.496614 -6.243224 @ 1 C[0.000000,0.900000,0.073810] 
-11.072886 -23.898236 0.203631 @ 1 C[0.000000,0.900000,0.073810] 
-11.688471 -24.154602 7.391662 @ 1 C[0.000000,0.900000,0.073810] 
-11.665328 -24.141299 8.044533 @ 1 C[0.000000,0.900000,0.073810] 
-11.184541 -24.548142 20.770654 @ 1 C[0.000000,0.900000,0.073810] 
-13.191654 -21.485583 24.901424 @ 1 C[0.000000,0.900000,0.073810] 
-11.695079 -16.312688 29.671818 @ 1 C[0.000000,0.900000,0.073810] 
-11.472571 -16.769598 -23.261344 @ 1 C[0.000000,0.900000,0.073810] 
-12.086042 -17.721272 -18.787127 @ 1 C[0.000000,0.900000,0.073810] 
-12.758486 -17.640572 -13.950020 @ 1 C[0.000000,0.900000,0.073810] 
-13.019829 -18.059131 -6.132966 @ 1 C[0.000000,0.900000,0.073810] 
-13.262145 -17.529344 0.984413 @ 1 C[0.000000,0.900000,0.073810] 
-12.075969 -18.082621 6.305854 @ 1 C[0.000000,0.900000,0.073810] 
-11.318067 -16.678608 13.237089 @ 1 C[0.000000,0.900000,0.073810] 
-13.387936 -19.670812 18.194273 @ 1 C[0.000000,0.900000,0.073810] 
-11.362156 -18.368775 24.875604 @ 1 C[0.000000,0.900000,0.073810] 
-12.776602 -11.307956 -26.795032 @ 1 C[0.000000,0.900000,0.073810] 
-12.788516 -11.332424 -26.127251 @ 1 C[0.000000,0.900000,0.073810] 
-11.980474 -10.394039 -17.569275 @ 1 C[0.000000,0.900000,0.073810] 
-12.995891 -12.246313 -14.237281 @ 1 C[0.000000,0.900000,0.073810] 
-11.109888 -12.140411 -3.696727 @ 1 C[0.000000,0.900000,0.073810] 
-11.113586 -12.145216 -3.024793 @ 1 C[0.000000,0.900000,0.073810] 
-12.133699 -13.049520 5.461604 @ 1 C[0.000000,0.900000,0.073810] 
-11.286029 -12.198526 12.634613 @ 1 C[0.000000,0.900000,0.073810] 
-13.420144 -11.574219 18.244558 @ 1 C[0.000000,0.900000,0.073810] 
-11.903230 -13.935139 23.807237 @ 1 C[0.000000,0.900000,0.073810] 
-11.998884 -6.162079 -28.437938 @ 1 C[0.000000,0.900000,0.073810] 
-12.283733 -6.296551 -25.511073 @ 1 C[0.000000,0.900000,0.073810] 
-10.785518 -4.764744 -18.040695 @ 1 C[0.000000,0.900000,0.073810] 
-13.038823 -6.993546 -10.889686 @ 1 C[0.000000,0.900000,0.073810] 
-12.005100 -6.625237 -6.843425 @ 1 C[0.000000,0.900000,0.073810] 
-12.150537 -6.854778 1.942606 @ 1 C[0.000000,0.900000,0.073810] 
-12.150282 -6.835895 2.600281 @ 1 C[0.000000,0.900000,0.073810] 
-12.521715 -6.924106 11.329913 @ 1 C[0.000000,0.900000,0.073810] 
-11.496199 -5.233843 18.194171 @ 1 C[0.000000,0.900000,0.073810] 
-10.094450 -6.089790 22.543372 @ 1 C[0.000000,0.900000,0.073810] 
-12.884125 1.805615 28.874246 @ 1 C[0.000000,0.900000,0.073810] 
-11.554480 -0.068367 -21.751495 @ 1 C[0.000000,0.900000,0.073810] 
-11.563681 -0.049226 -21.106516 @ 1 C[0.000000,0.900000,0.073810] 
-12.579164 0.329954 -8.149451 @ 1 C[0.000000,0.900000,0.073810] 
-12.566058 0.335349 -7.481559 @ 1 C[0.000000,0.900000,0.073810] 
-11.950393 -2.357197 -3.419525 @ 1 C[0.000000,0.900000,0.073810] 
-10.732484 -0.096742 6.653380 @ 1 C[0.000000,0.900000,0.073810] 
-13.287227 1.144367 13.128095 @ 1 C[0.000000,0.900000,0.073810] 
-12.134834 0.333299 21.230905 @ 1 C[0.000000,0.900000,0.073810] 
-12.129535 0.340006 21.896740 @ 1 C[0.000000,0.900000,0.073810] 
-12.200888 5.884441 -27.256355 @ 1 C[0.000000,0.900000,0.073810] 
-12.218194 5.873281 -26.593854 @ 1 C[0.000000,0.900000,0.073810] 
-12.573765 4.449643 -18.332314 @ 1 C[0.000000,0.900000,0.073810] 
-10.963705 4.463366 -11.105685 @ 1 C[0.000000,0.900000,0.073810] 
-11.736586 6.045355 -5.410724 @ 1 C[0.000000,0.900000,0.073810] 
-13.226797 4.385274 -1.053325 @ 1 C[0.000000,0.900000,0.073810] 
-12.362940 5.334405 5.504912 @ 1 C[0.000000,0.900000,0.073810] 
-12.058730 6.249092 13.287775 @ 1 C[0.000000,0.900000,0.073810] 
-11.470187 5.779932 17.520032 @ 1 C[0.000000,0.900000,0.073810] 
-11.869132 5.179113 24.200737 @ 1 C[0.000000,0.900000,0.073810] 
-12.561875 9.613202 -28.655222 @ 1 C[0.000000,0.900000,0.073810] 
-12.244075 11.953158 -21.938429 @ 1 C[0.000000,0.900000,0.073810] 
-11.505008 12.073901 -17.202448 @ 1 C[0.000000,0.900000,0.073810] 
-12.679590 12.840560 -8.765450 @ 1 C[0.000000,0.900000,0.073810] 
-12.674183 12.819700 -8.104642 @ 1 C[0.000000,0.900000,0.073810] 
-11.585666 12.527940 1.728096 @ 1 C[0.000000,0.900000,0.073810] 
-12.598693 10.865473 5.914967 @ 1 C[0.000000,0.900000,0.073810] 
-11.449404 11.939862 11.567721 @ 1 C[0.000000,0.900000,0.073810] 
-11.100151 11.089888 20.368487 @ 1 C[0.000000,0.900000,0.073810] 
-11.089353 11.098666 21.029945 @ 1 C[0.000000,0.900000,0.073810] 
-12.725922 16.013377 26.989576 @ 1 C[0.000000,0.900000,0.073810] 
-11.035175 17.900579 -21.949197 @ 1 C[0.000000,0.900000,0.073810] 
-10.664832 18.087811 -20.241169 @ 1 C[0.000000,0.900000,0.073810] 
-10.817074 19.449116 -12.074241 @ 1 C[0.000000,0.900000,0.073810] 
-10.911434 18.456535 -3.730747 @ 1 C[0.000000,0.900000,0.073810] 
-11.836509 17.524922 -1.281847 @ 1 C[0.000000,0.900000,0.073810] 
-13.294185 17.544853 6.770060 @ 1 C[0.000000,0.900000,0.073810] 
-11.789161 17.488608 11.218446 @ 1 C[0.000000,0.900000,0.073810] 
-12.991506 17.565932 19.360865 @ 1 C[0.000000,0.900000,0.073810] 
-12.728356 15.994070 26.319840 @ 1 C[0.000000,0.900000,0.073810] 
-12.781450 23.278574 -29.910793 @ 1 C[0.000000,0.900000,0.073810] 
-12.331530 22.621475 -20.748605 @ 1 C[0.000000,0.900000,0.073810] 
-11.979248 23.126786 -17.994071 @ 1 C[0.000000,0.900000,0.073810] 
-12.934569 24.701729 -13.507517 @ 1 C[0.000000,0.900000,0.073810] 
-11.775642 24.885362 -5.467325 @ 1 C[0.000000,0.900000,0.073810] 
-11.307235 24.433938 2.147021 @ 1 C[0.000000,0.900000,0.073810] 
-11.310678 24.421503 2.809691 @ 1 C[0.000000,0.900000,0.073810] 
-10.947238 23.867941 11.212320 @ 1 C[0.000000,0.900000,0.073810] 
-11.389764 24.611633 18.421765 @ 1 C[0.000000,0.900000,0.073810] 
-10.351498 23.035542 21.702644 @ 1 C[0.000000,0.900000,0.073810] 
-5.893959 29.935702 28.997076 @ 1 C[0.000000,0.900000,0.073810] 
-6.049364 29.412557 -25.624211 @ 1 C[0.000000,0.900000,0.073810] 
-7.867204 29.205712 -17.180524 @ 1 C[0.000000,0.900000,0.073810] 
-6.451417 -29.101405 -13.512639 @ 1 C[0.000000,0.900000,0.073810] 
-6.082099 -29.171122 -5.948153 @ 1 C[0.000000,0.900000,0.073810] 
-5.167046 -27.174171 1.056241 @ 1 C[0.000000,0.900000,0.073810] 
-5.067413 -27.781763 6.005481 @ 1 C[0.000000,0.900000,0.073810] 
-5.871181 -29.002942 12.980418 @ 1 C[0.000000,0.900000,0.073810] 
-5.662889 29.107272 19.195210 @ 1 C[0.000000,0.900000,0.073810] 
-6.384176 -28.620973 24.253571 @ 1 C[0.000000,0.900000,0.073810] 
-6.804758 -22.523869 -28.836156 @ 1 C[0.000000,0.900000,0.073810] 
-8.252254 -23.707490 -25.034323 @ 1 C[0.000000,0.900000,0.073810] 
-6.439141 -24.256087 -15.531014 @ 1 C[0.000000,0.900000,0.073810] 
-6.435287 -24.266477 -14.865383 @ 1 C[0.000000,0.900000,0.073810] 
-6.018940 -23.861794 -5.913948 @ 1 C[0.000000,0.900000,0.073810] 
-4.476354 -25.152199 -0.691760 @ 1 C[0.000000,0.900000,0.073810] 
-4.791216 -25.304952 3.608224 @ 1 C[0.000000,0.900000,0.073810] 
-4.774616 -23.087720 11.639046 @ 1 C[0.000000,0.900000,0.073810] 
-5.444431 -25.547210 18.743548 @ 1 C[0.000000,0.900000,0.073810] 
-6.277541 -23.253582 22.709177 @ 1 C[0.000000,0.900000,0.073810] 
-8.042141 -17.724718 28.252885 @ 1 C[0.000000,0.900000,0.073810] 
-7.973220 -17.913917 -24.384162 @ 1 C[0.000000,0.900000,0.073810] 
-6.819353 -18.514340 -20.486873 @ 1 C[0.000000,0.900000,0.073810] 
-5.453927 -18.549488 -10.312379 @ 1 C[0.000000,0.900000,0.073810] 
-5.274597 -16.647501 -5.683543 @ 1 C[0.000000,0.900000,0.073810] 
-4.896522 -18.400412 0.126816 @ 1 C[0.000000,0.900000,0.073810] 
-5.995209 -19.163541 5.874547 @ 1 C[0.000000,0.900000,0.073810] 
-7.474313 -18.680367 11.893319 @ 1 C[0.000000,0.900000,0.073810] 
-6.285387 -18.271638 20.464419 @ 1 C[0.000000,0.900000,0.073810] 
-6.311765 -18.300348 21.122862 @ 1 C[0.000000,0.900000,0.073810] 
-5.613782 -11.402627 28.484187 @ 1 C[0.000000,0.900000,0.073810] 
-4.481291 -11.347330 -24.364377 @ 1 C[0.000000,0.900000,0.073810] 
-6.025561 -11.016605 -16.503417 @ 1 C[0.000000,0.900000,0.073810] 
-6.808917 -11.557131 -12.756022 @ 1 C[0.000000,0.900000,0.073810] 
-5.447554 -10.726255 -5.276344 @ 1 C[0.000000,0.900000,0.073810] 
-4.967530 -11.192825 -0.516321 @ 1 C[0.000000,0.900000,0.073810] 
-7.050591 -12.124621 6.277165 @ 1 C[0.000000,0.900000,0.073810] 
-5.030670 -12.136833 13.243607 @ 1 C[0.000000,0.900000,0.073810] 
-5.624210 -11.665018 17.541289 @ 1 C[0.000000,0.900000,0.073810] 
-6.488758 -13.516259 24.430743 @ 1 C[0.000000,0.900000,0.073810] 
-6.489242 -6.678853 -26.769821 @ 1 C[0.000000,0.900000,0.073810] 
-6.479418 -6.657632 -26.098093 @ 1 C[0.000000,0.900000,0.073810] 
-7.751371 -7.475395 -17.252527 @ 1 C[0.000000,0.900000,0.073810] 
-6.118045 -5.444237 -11.465943 @ 1 C[0.000000,0.900000,0.073810] 
-5.229819 -5.632553 -4.698257 @ 1 C[0.000000,0.900000,0.073810] 
-4.296822 -6.900361 1.502123 @ 1 C[0.000000,0.900000,0.073810] 
-6.135756 -6.071834 5.237391 @ 1 C[0.000000,0.900000,0.073810] 
-7.020218 -6.256319 12.955963 @ 1 C[0.000000,0.900000,0.073810] 
-5.566882 -5.280440 16.623578 @ 1 C[0.000000,0.900000,0.073810] 
-4.472841 -4.591923 23.129735 @ 1 C[0.000000,0.900000,0.073810] 
-6.417470 -0.215906 -28.487662 @ 1 C[0.000000,0.900000,0.073810] 
-5.376420 0.280903 -24.528132 @ 1 C[0.000000,0.900000,0.073810] 
-3.373245 1.783319 -17.019037 @ 1 C[0.000000,0.900000,0.073810] 
-6.010567 0.616639 -13.230580 @ 1 C[0.000000,0.900000,0.073810] 
-6.608158 0.726498 -7.103974 @ 1 C[0.000000,0.900000,0.073810] 
-7.028115 -1.188434 1.205220 @ 1 C[0.000000,0.900000,0.073810] 
-4.731500 -0.128021 5.168524 @ 1 C[0.000000,0.900000,0.073810] 
-5.883368 0.541348 9.940832 @ 1 C[0.000000,0.900000,0.073810] 
-6.066744 -0.250424 17.577561 @ 1 C[0.000000,0.900000,0.073810] 
-7.324036 -0.105617 25.043927 @ 1 C[0.000000,0.900000,0.073810] 
-7.061759 6.230526 29.488596 @ 1 C[0.000000,0.900000,0.073810] 
-5.022504 6.116338 -23.870383 @ 1 C[0.000000,0.900000,0.073810] 
-5.807174 5.516275 -17.280455 @ 1 C[0.000000,0.900000,0.073810] 
-5.619111 4.987912 -10.189103 @ 1 C[0.000000,0.900000,0.073810] 
-5.618297 5.002743 -9.532610 @ 1 C[0.000000,0.900000,0.073810] 
-6.512560 5.922057 -0.494460 @ 1 C[0.000000,0.900000,0.073810] 
-5.683086 5.603710 6.038099 @ 1 C[0.000000,0.900000,0.073810] 
-5.669019 5.899595 13.165732 @ 1 C[0.000000,0.900000,0.073810] 
-5.369552 5.934155 17.691675 @ 1 C[0.000000,0.900000,0.073810] 
-5.502216 5.469638 25.124698 @ 1 C[0.000000,0.900000,0.073810] 
-6.715313 12.350222 29.618164 @ 1 C[0.000000,0.900000,0.073810] 
-7.155042 15.078386 -22.827581 @ 1 C[0.000000,0.900000,0.073810] 
-6.151468 11.933046 -19.074117 @ 1 C[0.000000,0.900000,0.073810] 
-6.810232 12.399471 -12.551409 @ 1 C[0.000000,0.900000,0.073810] 
-7.186999 13.013687 -6.192659 @ 1 C[0.000000,0.900000,0.073810] 
-5.101274 12.507081 0.254283 @ 1 C[0.000000,0.900000,0.073810] 
-4.504637 11.572245 7.770262 @ 1 C[0.000000,0.900000,0.073810] 
-5.850441 10.229911 10.628775 @ 1 C[0.000000,0.900000,0.073810] 
-5.473566 10.922292 19.875156 @ 1 C[0.000000,0.900000,0.073810] 
-5.465149 10.921134 20.537880 @ 1 C[0.000000,0.900000,0.073810] 
-5.292802 17.786935 -26.983811 @ 1 C[0.000000,0.900000,0.073810] 
-5.280236 17.795015 -26.324164 @ 1 C[0.000000,0.900000,0.073810] 
-4.664820 18.654465 -14.016346 @ 1 C[0.000000,0.900000,0.073810] 
-4.641101 18.661900 -13.350309 @ 1 C[0.000000,0.900000,0.073810] 
-5.836386 18.213918 -3.199486 @ 1 C[0.000000,0.900000,0.073810] 
-5.828365 18.214559 -2.533075 @ 1 C[0.000000,0.900000,0.073810] 
-4.644808 14.171920 5.522114 @ 1 C[0.000000,0.900000,0.073810] 
-6.833171 18.962304 12.885600 @ 1 C[0.000000,0.900000,0.073810] 
-6.617545 18.570693 16.526402 @ 1 C[0.000000,0.900000,0.073810] 
-6.199711 17.776712 26.049293 @ 1 C[0.000000,0.900000,0.073810] 
-6.943374 23.929491 29.690429 @ 1 C[0.000000,0.900000,0.073810] 
-6.167342 23.562738 -24.766071 @ 1 C[0.000000,0.900000,0.073810] 
-5.692936 23.934470 -17.613779 @ 1 C[0.000000,0.900000,0.073810] 
-6.657291 23.343325 -13.228065 @ 1 C[0.000000,0.900000,0.073810] 
-3.805079 24.514185 -6.463646 @ 1 C[0.000000,0.900000,0.073810] 
-6.659698 23.176116 0.595280 @ 1 C[0.000000,0.900000,0.073810] 
-8.387520 24.374019 7.403126 @ 1 C[0.000000,0.900000,0.073810] 
-6.865318 21.674903 10.926345 @ 1 C[0.000000,0.900000,0.073810] 
-4.855619 21.653385 18.677063 @ 1 C[0.000000,0.900000,0.073810] 
-7.466123 23.798172 25.072480 @ 1 C[0.000000,0.900000,0.073810] 
0.651489 29.758749 -26.522977 @ 1 C[0.000000,0.900000,0.073810] 
0.644363 29.755611 -25.857728 @ 1 C[0.000000,0.900000,0.073810] 
-0.827509 29.445148 -17.153103 @ 1 C[0.000000,0.900000,0.073810] 
-0.224621 -29.797073 -10.872759 @ 1 C[0.000000,0.900000,0.073810] 
0.504821 29.810583 -6.054751 @ 1 C[0.000000,0.900000,0.073810] 
0.197739 -29.650677 -1.084616 @ 1 C[0.000000,0.900000,0.073810] 
1.013571 -29.063456 3.746254 @ 1 C[0.000000,0.900000,0.073810] 
0.004025 -29.282496 12.945596 @ 1 C[0.000000,0.900000,0.073810] 
-2.042414 29.386500 17.122308 @ 1 C[0.000000,0.900000,0.073810] 
1.025162 28.561731 24.135611 @ 1 C[0.000000,0.900000,0.073810] 
1.414327 -22.702455 29.410436 @ 1 C[0.000000,0.900000,0.073810] 
0.254224 -24.646702 -23.072112 @ 1 C[0.000000,0.900000,0.073810] 
-0.101449 -25.467919 -17.279445 @ 1 C[0.000000,0.900000,0.073810] 
0.756879 -24.254305 -11.380798 @ 1 C[0.000000,0.900000,0.073810] 
-1.064118 -22.278175 -4.413635 @ 1 C[0.000000,0.900000,0.073810] 
-4.494883 -25.147237 -1.368443 @ 1 C[0.000000,0.900000,0.073810] 
0.671234 -24.414892 6.712040 @ 1 C[0.000000,0.900000,0.073810] 
-0.052374 -22.201357 9.529243 @ 1 C[0.000000,0.900000,0.073810] 
-1.664167 -24.086600 16.734692 @ 1 C[0.000000,0.900000,0.073810] 
-1.205926 -24.213735 22.795513 @ 1 C[0.000000,0.900000,0.073810] 
-2.285372 -17.483115 -27.829401 @ 1 C[0.000000,0.900000,0.073810] 
-0.832872 -18.921689 -21.648701 @ 1 C[0.000000,0.900000,0.073810] 
-0.831814 -18.901765 -20.986851 @ 1 C[0.000000,0.900000,0.073810] 
-1.183913 -17.865811 -10.636313 @ 1 C[0.000000,0.900000,0.073810] 
-2.386825 -16.906043 -6.327534 @ 1 C[0.000000,0.900000,0.073810] 
0.935165 -16.960229 2.560539 @ 1 C[0.000000,0.900000,0.073810] 
0.876315 -17.366426 7.072228 @ 1 C[0.000000,0.900000,0.073810] 
-0.696520 -17.124535 10.814073 @ 1 C[0.000000,0.900000,0.073810] 
-0.393362 -18.597981 17.983226 @ 1 C[0.000000,0.900000,0.073810] 
0.322447 -17.497432 24.276220 @ 1 C[0.000000,0.900000,0.073810] 
1.091274 -12.302438 29.885523 @ 1 C[0.000000,0.900000,0.073810] 
-0.000830 -14.945350 -26.811768 @ 1 C[0.000000,0.900000,0.073810] 
0.281271 -11.877767 -18.173083 @ 1 C[0.000000,0.900000,0.073810] 
-0.716183 -11.176862 -11.702979 @ 1 C[0.000000,0.900000,0.073810] 
0.054938 -11.358083 -4.612523 @ 1 C[0.000000,0.900000,0.073810] 
-0.055634 -11.916039 -1.507461 @ 1 C[0.000000,0.900000,0.073810] 
0.161497 -12.372574 6.141964 @ 1 C[0.000000,0.900000,0.073810] 
-1.538263 -13.506417 13.457790 @ 1 C[0.000000,0.900000,0.073810] 
-0.122504 -13.787823 17.376211 @ 1 C[0.000000,0.900000,0.073810] 
-0.416633 -10.776833 23.056883 @ 1 C[0.000000,0.900000,0.073810] 
0.435462 -4.995205 -29.441577 @ 1 C[0.000000,0.900000,0.073810] 
0.395549 -5.641024 -26.486270 @ 1 C[0.000000,0.900000,0.073810] 
-0.229634 -4.572603 -19.809743 @ 1 C[0.000000,0.900000,0.073810] 
0.377060 -6.224574 -11.942090 @ 1 C[0.000000,0.900000,0.073810] 
0.052127 -6.249036 -6.126010 @ 1 C[0.000000,0.900000,0.073810] 
0.667963 -7.252617 -2.673643 @ 1 C[0.000000,0.900000,0.073810] 
2.310813 -6.991667 6.927874 @ 1 C[0.000000,0.900000,0.073810] 
-0.886893 -5.285728 12.631688 @ 1 C[0.000000,0.900000,0.073810] 
1.860620 -7.397655 15.940622 @ 1 C[0.000000,0.900000,0.073810] 
1.137349 -7.516538 26.161402 @ 1 C[0.000000,0.900000,0.073810] 
-1.164772 0.022155 -27.510152 @ 1 C[0.000000,0.900000,0.073810] 
-1.163805 0.000675 -26.851081 @ 1 C[0.000000,0.900000,0.073810] 
-0.853493 0.054517 -19.155071 @ 1 C[0.000000,0.900000,0.073810] 
-0.275444 1.072579 -10.586821 @ 1 C[0.000000,0.900000,0.073810] 
-0.304416 1.072676 -9.927161 @ 1 C[0.000000,0.900000,0.073810] 
-1.325840 -1.868071 1.241831 @ 1 C[0.000000,0.900000,0.073810] 
0.473855 2.078255 6.664443 @ 1 C[0.000000,0.900000,0.073810] 
0.592896 1.463306 13.257013 @ 1 C[0.000000,0.900000,0.073810] 
-0.160773 -0.321217 18.758772 @ 1 C[0.000000,0.900000,0.073810] 
-1.087192 0.092751 22.932956 @ 1 C[0.000000,0.900000,0.073810] 
-0.683007 5.860952 -29.441731 @ 1 C[0.000000,0.900000,0.073810] 
1.018323 6.206053 -20.896247 @ 1 C[0.000000,0.900000,0.073810] 
0.999530 6.221593 -20.231163 @ 1 C[0.000000,0.900000,0.073810] 
-0.570897 4.396570 -8.602962 @ 1 C[0.000000,0.900000,0.073810] 
0.152117 3.648989 -5.107303 @ 1 C[0.000000,0.900000,0.073810] 
-0.229402 4.899537 -1.718255 @ 1 C[0.000000,0.900000,0.073810] 
0.804422 5.980566 8.376274 @ 1 C[0.000000,0.900000,0.073810] 
-2.657987 6.349857 11.675032 @ 1 C[0.000000,0.900000,0.073810] 
-0.216593 4.530830 15.859258 @ 1 C[0.000000,0.900000,0.073810] 
-0.544489 7.017855 25.309144 @ 1 C[0.000000,0.900000,0.073810] 
0.312477 11.049172 29.451053 @ 1 C[0.000000,0.900000,0.073810] 
1.348980 11.367191 -24.238498 @ 1 C[0.000000,0.900000,0.073810] 
0.459288 12.014113 -15.730334 @ 1 C[0.000000,0.900000,0.073810] 
0.460130 12.021280 -15.071711 @ 1 C[0.000000,0.900000,0.073810] 
0.964496 11.664470 -6.121446 @ 1 C[0.000000,0.900000,0.073810] 
0.503409 10.333633 -1.644602 @ 1 C[0.000000,0.900000,0.073810] 
1.151381 10.136368 5.070243 @ 1 C[0.000000,0.900000,0.073810] 
0.304609 13.367001 10.094550 @ 1 C[0.000000,0.900000,0.073810] 
-0.279246 12.014415 19.422819 @ 1 C[0.000000,0.900000,0.073810] 
-0.255503 12.011686 20.074220 @ 1 C[0.000000,0.900000,0.073810] 
1.356717 18.226023 29.043530 @ 1 C[0.000000,0.900000,0.073810] 
-0.274840 17.163074 -27.375409 @ 1 C[0.000000,0.900000,0.073810] 
-0.815884 17.261644 -19.233076 @ 1 C[0.000000,0.900000,0.073810] 
2.139946 16.970446 -11.228000 @ 1 C[0.000000,0.900000,0.073810] 
-0.718353 17.793196 -5.774327 @ 1 C[0.000000,0.900000,0.073810] 
1.096910 17.295537 0.521203 @ 1 C[0.000000,0.900000,0.073810] 
-1.409340 17.474473 9.404861 @ 1 C[0.000000,0.900000,0.073810] 
-1.280954 17.402379 10.572360 @ 1 C[0.000000,0.900000,0.073810] 
-1.572358 16.033526 15.316218 @ 1 C[0.000000,0.900000,0.073810] 
1.409402 19.076482 24.154959 @ 1 C[0.000000,0.900000,0.073810] 
-1.616524 24.734720 -28.239477 @ 1 C[0.000000,0.900000,0.073810] 
-1.306089 25.307748 -24.143372 @ 1 C[0.000000,0.900000,0.073810] 
0.773143 23.102152 -15.395626 @ 1 C[0.000000,0.900000,0.073810] 
0.807543 23.091957 -14.716859 @ 1 C[0.000000,0.900000,0.073810] 
1.094802 22.921595 -5.358473 @ 1 C[0.000000,0.900000,0.073810] 
-0.202853 23.741710 0.604279 @ 1 C[0.000000,0.900000,0.073810] 
0.934360 25.364408 7.943056 @ 1 C[0.000000,0.900000,0.073810] 
0.415963 24.109323 11.379980 @ 1 C[0.000000,0.900000,0.073810] 
-0.244681 24.108303 18.026418 @ 1 C[0.000000,0.900000,0.073810] 
0.370827 24.392505 24.646907 @ 1 C[0.000000,0.900000,0.073810] 
5.881157 -29.860770 27.784306 @ 1 C[0.000000,0.900000,0.073810] 
4.647489 29.209242 -22.131025 @ 1 C[0.000000,0.900000,0.073810] 
6.765161 28.993384 -18.702005 @ 1 C[0.000000,0.900000,0.073810] 
4.833596 -29.817484 -11.365963 @ 1 C[0.000000,0.900000,0.073810] 
6.435610 27.931124 -5.052127 @ 1 C[0.000000,0.900000,0.073810] 
6.147690 -29.596361 2.323269 @ 1 C[0.000000,0.900000,0.073810] 
6.298940 -29.770214 3.052594 @ 1 C[0.000000,0.900000,0.073810] 
5.092315 29.408849 13.073203 @ 1 C[0.000000,0.900000,0.073810] 
5.809046 -29.977600 16.079852 @ 1 C[0.000000,0.900000,0.073810] 
5.871789 -29.865424 27.123804 @ 1 C[0.000000,0.900000,0.073810] 
6.307213 -24.190364 -29.077921 @ 1 C[0.000000,0.900000,0.073810] 
4.001832 -23.862082 -26.027243 @ 1 C[0.000000,0.900000,0.073810] 
5.881544 -24.095010 -18.066628 @ 1 C[0.000000,0.900000,0.073810] 
5.848095 -23.526595 -9.931418 @ 1 C[0.000000,0.900000,0.073810] 
5.505510 -24.345388 -4.540126 @ 1 C[0.000000,0.900000,0.073810] 
5.190807 -24.281501 3.654886 @ 1 C[0.000000,0.900000,0.073810] 
5.198421 -24.273644 4.321403 @ 1 C[0.000000,0.900000,0.073810] 
5.512061 -23.916600 13.975098 @ 1 C[0.000000,0.900000,0.073810] 
7.440529 -24.162235 21.269803 @ 1 C[0.000000,0.900000,0.073810] 
6.562134 -24.838669 25.420196 @ 1 C[0.000000,0.900000,0.073810] 
4.960637 -16.492425 -28.874878 @ 1 C[0.000000,0.900000,0.073810] 
6.956942 -17.313079 -23.076916 @ 1 C[0.000000,0.900000,0.073810] 
6.598750 -18.873806 -17.827599 @ 1 C[0.000000,0.900000,0.073810] 
5.232216 -17.138303 -12.188919 @ 1 C[0.000000,0.900000,0.073810] 
7.569053 -17.795865 -5.434750 @ 1 C[0.000000,0.900000,0.073810] 
5.241875 -17.144892 -0.373294 @ 1 C[0.000000,0.900000,0.073810] 
5.670131 -19.493687 8.445277 @ 1 C[0.000000,0.900000,0.073810] 
5.678065 -19.507803 9.112823 @ 1 C[0.000000,0.900000,0.073810] 
5.298478 -18.786370 17.062839 @ 1 C[0.000000,0.900000,0.073810] 
3.781806 -18.490594 24.561394 @ 1 C[0.000000,0.900000,0.073810] 
7.023668 -12.582683 29.742625 @ 1 C[0.000000,0.900000,0.073810] 
5.782081 -12.580745 -24.293776 @ 1 C[0.000000,0.900000,0.073810] 
6.475586 -11.975621 -15.467303 @ 1 C[0.000000,0.900000,0.073810] 
6.469113 -11.978336 -14.801344 @ 1 C[0.000000,0.900000,0.073810] 
5.565544 -10.409307 -6.456698 @ 1 C[0.000000,0.900000,0.073810] 
5.960346 -11.819695 -1.283511 @ 1 C[0.000000,0.900000,0.073810] 
5.226095 -12.239748 7.088298 @ 1 C[0.000000,0.900000,0.073810] 
7.519009 -12.393548 11.180659 @ 1 C[0.000000,0.900000,0.073810] 
5.886490 -11.614853 18.471898 @ 1 C[0.000000,0.900000,0.073810] 
6.942748 -13.262303 24.603086 @ 1 C[0.000000,0.900000,0.073810] 
6.063528 -6.785924 29.107188 @ 1 C[0.000000,0.900000,0.073810] 
7.102537 -6.088003 -23.598133 @ 1 C[0.000000,0.900000,0.073810] 
7.064026 -5.247435 -19.763050 @ 1 C[0.000000,0.900000,0.073810] 
5.263803 -4.431924 -11.380172 @ 1 C[0.000000,0.900000,0.073810] 
5.621262 -4.697652 -8.410204 @ 1 C[0.000000,0.900000,0.073810] 
3.899890 -6.111533 -0.167003 @ 1 C[0.000000,0.900000,0.073810] 
6.456009 -6.712923 9.709423 @ 1 C[0.000000,0.900000,0.073810] 
6.454355 -6.717697 10.369156 @ 1 C[0.000000,0.900000,0.073810] 
5.841051 -5.246989 18.804246 @ 1 C[0.000000,0.900000,0.073810] 
6.067226 -6.781358 28.437626 @ 1 C[0.000000,0.900000,0.073810] 
5.708479 -0.213666 29.901556 @ 1 C[0.000000,0.900000,0.073810] 
4.388612 -0.383314 -24.143873 @ 1 C[0.000000,0.900000,0.073810] 
7.046987 0.731353 -15.637737 @ 1 C[0.000000,0.900000,0.073810] 
5.095496 -0.751664 -11.633315 @ 1 C[0.000000,0.900000,0.073810] 
6.517317 -0.768336 -6.258946 @ 1 C[0.000000,0.900000,0.073810] 
5.003002 -0.519627 -2.308668 @ 1 C[0.000000,0.900000,0.073810] 
6.798585 -0.492881 5.844301 @ 1 C[0.000000,0.900000,0.073810] 
4.484141 -0.108288 12.874266 @ 1 C[0.000000,0.900000,0.073810] 
5.217801 0.327321 17.228680 @ 1 C[0.000000,0.900000,0.073810] 
4.567421 0.345577 23.331490 @ 1 C[0.000000,0.900000,0.073810] 
6.968119 5.000754 -29.918588 @ 1 C[0.000000,0.900000,0.073810] 
7.105382 5.360786 -22.503522 @ 1 C[0.000000,0.900000,0.073810] 
5.860849 5.850855 -15.782907 @ 1 C[0.000000,0.900000,0.073810] 
5.841167 5.869660 -15.115766 @ 1 C[0.000000,0.900000,0.073810] 
6.362730 6.280860 -3.245829 @ 1 C[0.000000,0.900000,0.073810] 
6.369561 6.286121 -2.581892 @ 1 C[0.000000,0.900000,0.073810] 
3.515338 6.373721 5.832618 @ 1 C[0.000000,0.900000,0.073810] 
7.433008 6.870965 11.585661 @ 1 C[0.000000,0.900000,0.073810] 
6.347815 5.297515 20.560948 @ 1 C[0.000000,0.900000,0.073810] 
6.101789 5.800980 22.908497 @ 1 C[0.000000,0.900000,0.073810] 
8.266375 11.824334 27.528484 @ 1 C[0.000000,0.900000,0.073810] 
6.075724 10.766878 -24.528241 @ 1 C[0.000000,0.900000,0.073810] 
9.357848 11.910919 -18.355427 @ 1 C[0.000000,0.900000,0.073810] 
6.217875 10.409890 -9.958666 @ 1 C[0.000000,0.900000,0.073810] 
5.016396 11.829451 -6.498241 @ 1 C[0.000000,0.900000,0.073810] 
6.212195 11.581680 -0.924287 @ 1 C[0.000000,0.900000,0.073810] 
6.638751 12.350528 5.801948 @ 1 C[0.000000,0.900000,0.073810] 
6.059603 12.546294 11.023818 @ 1 C[0.000000,0.900000,0.073810] 
5.277794 14.199305 17.368272 @ 1 C[0.000000,0.900000,0.073810] 
4.854283 10.155920 23.225652 @ 1 C[0.000000,0.900000,0.073810] 
5.165779 17.945747 -29.520780 @ 1 C[0.000000,0.900000,0.073810] 
5.572642 17.566740 -24.629002 @ 1 C[0.000000,0.900000,0.073810] 
6.608105 19.004142 -18.198810 @ 1 C[0.000000,0.900000,0.073810] 
5.500563 17.831089 -13.144311 @ 1 C[0.000000,0.900000,0.073810] 
3.472261 17.170233 -7.179298 @ 1 C[0.000000,0.900000,0.073810] 
5.881152 17.255115 -0.686849 @ 1 C[0.000000,0.900000,0.073810] 
7.268959 17.624388 4.010633 @ 1 C[0.000000,0.900000,0.073810] 
4.553171 17.846420 12.844015 @ 1 C[0.000000,0.900000,0.073810] 
4.767172 16.359084 15.760734 @ 1 C[0.000000,0.900000,0.073810] 
6.630460 18.471987 24.634908 @ 1 C[0.000000,0.900000,0.073810] 
4.758320 22.303868 29.461840 @ 1 C[0.000000,0.900000,0.073810] 
3.289710 24.002954 -24.565226 @ 1 C[0.000000,0.900000,0.073810] 
5.549579 24.813301 -15.605977 @ 1 C[0.000000,0.900000,0.073810] 
5.566805 24.851902 -14.934815 @ 1 C[0.000000,0.900000,0.073810] 
7.400289 22.522497 -5.200078 @ 1 C[0.000000,0.900000,0.073810] 
6.254123 24.942624 1.077188 @ 1 C[0.000000,0.900000,0.073810] 
3.557679 24.850157 5.485016 @ 1 C[0.000000,0.900000,0.073810] 
7.874035 24.580913 11.900110 @ 1 C[0.000000,0.900000,0.073810] 
5.847128 24.959445 18.679309 @ 1 C[0.000000,0.900000,0.073810] 
6.792532 23.317061 20.715004 @ 1 C[0.000000,0.900000,0.073810] 
12.671657 -29.525748 -28.455859 @ 1 C[0.000000,0.900000,0.073810] 
11.513727 28.240195 -23.544986 @ 1 C[0.000000,0.900000,0.073810] 
12.902176 28.301634 -19.995427 @ 1 C[0.000000,0.900000,0.073810] 
11.619780 27.525053 -9.757598 @ 1 C[0.000000,0.900000,0.073810] 
11.371350 29.868921 -3.944505 @ 1 C[0.000000,0.900000,0.073810] 
11.377565 29.884543 -3.275939 @ 1 C[0.000000,0.900000,0.073810] 
12.374586 29.148607 6.062907 @ 1 C[0.000000,0.900000,0.073810] 
12.193566 29.852141 9.634085 @ 1 C[0.000000,0.900000,0.073810] 
13.300653 29.653496 18.700635 @ 1 C[0.000000,0.900000,0.073810] 
11.198897 29.946072 24.204646 @ 1 C[0.000000,0.900000,0.073810] 
12.638685 -24.030320 -28.608448 @ 1 C[0.000000,0.900000,0.073810] 
11.063176 -24.300387 -22.067031 @ 1 C[0.000000,0.900000,0.073810] 
10.977098 -24.096949 -17.346664 @ 1 C[0.000000,0.900000,0.073810] 
12.088223 -24.703918 -14.671365 @ 1 C[0.000000,0.900000,0.073810] 
12.182978 -25.020263 -6.926390 @ 1 C[0.000000,0.900000,0.073810] 
10.299066 -21.781478 0.520165 @ 1 C[0.000000,0.900000,0.073810] 
12.013332 -23.560671 5.686523 @ 1 C[0.000000,0.900000,0.073810] 
11.578538 -25.702086 12.080686 @ 1 C[0.000000,0.900000,0.073810] 
11.905593 -24.603708 17.471037 @ 1 C[0.000000,0.900000,0.073810] 
13.166612 -24.524269 24.129295 @ 1 C[0.000000,0.900000,0.073810] 
12.878208 -18.817568 29.805495 @ 1 C[0.000000,0.900000,0.073810] 
12.281490 -18.536249 -25.110244 @ 1 C[0.000000,0.900000,0.073810] 
12.581132 -18.625084 -17.834648 @ 1 C[0.000000,0.900000,0.073810] 
12.423491 -17.679403 -8.443642 @ 1 C[0.000000,0.900000,0.073810] 
12.420576 -17.645194 -7.771575 @ 1 C[0.000000,0.900000,0.073810] 
11.738602 -18.172532 2.113822 @ 1 C[0.000000,0.900000,0.073810] 
12.743642 -18.271500 6.108795 @ 1 C[0.000000,0.900000,0.073810] 
11.465419 -20.628656 11.498720 @ 1 C[0.000000,0.900000,0.073810] 
10.918059 -16.874783 18.862205 @ 1 C[0.000000,0.900000,0.073810] 
13.768763 -19.298530 22.936650 @ 1 C[0.000000,0.900000,0.073810] 
11.592489 -12.379449 29.182578 @ 1 C[0.000000,0.900000,0.073810] 
12.953136 -10.938951 -24.210255 @ 1 C[0.000000,0.900000,0.073810] 
11.758891 -12.687604 -16.622152 @ 1 C[0.000000,0.900000,0.073810] 
9.498241 -11.822331 -10.565139 @ 1 C[0.000000,0.900000,0.073810] 
12.379015 -10.518724 -6.703560 @ 1 C[0.000000,0.900000,0.073810] 
10.755252 -11.398505 -0.049619 @ 1 C[0.000000,0.900000,0.073810] 
10.744547 -13.220061 6.633205 @ 1 C[0.000000,0.900000,0.073810] 
12.984318 -12.452548 13.759131 @ 1 C[0.000000,0.900000,0.073810] 
11.107834 -11.288953 16.889909 @ 1 C[0.000000,0.900000,0.073810] 
11.461273 -12.046752 23.792632 @ 1 C[0.000000,0.900000,0.073810] 
14.798142 -6.689150 -27.964306 @ 1 C[0.000000,0.900000,0.073810] 
13.662563 -6.171543 -21.542612 @ 1 C[0.000000,0.900000,0.073810] 
12.927325 -6.777044 -17.859549 @ 1 C[0.000000,0.900000,0.073810] 
11.618273 -5.363526 -12.427196 @ 1 C[0.000000,0.900000,0.073810] 
10.804274 -4.831035 -7.143197 @ 1 C[0.000000,0.900000,0.073810] 
12.199928 -6.828702 2.118900 @ 1 C[0.000000,0.900000,0.073810] 
11.942918 -8.129100 4.558779 @ 1 C[0.000000,0.900000,0.073810] 
11.884084 -6.457264 12.247481 @ 1 C[0.000000,0.900000,0.073810] 
12.028584 -6.976755 16.696826 @ 1 C[0.000000,0.900000,0.073810] 
14.228761 -7.096070 22.536295 @ 1 C[0.000000,0.900000,0.073810] 
12.148398 -1.571612 -29.667886 @ 1 C[0.000000,0.900000,0.073810] 
12.410287 1.990861 -23.777079 @ 1 C[0.000000,0.900000,0.073810] 
12.029389 -0.269600 -17.478602 @ 1 C[0.000000,0.900000,0.073810] 
12.917141 0.578033 -11.954115 @ 1 C[0.000000,0.900000,0.073810] 
10.867179 0.566622 -8.383442 @ 1 C[0.000000,0.900000,0.073810] 
11.405778 1.223778 -1.846417 @ 1 C[0.000000,0.900000,0.073810] 
12.808273 0.686306 8.030915 @ 1 C[0.000000,0.900000,0.073810] 
12.896900 0.656799 9.264119 @ 1 C[0.000000,0.900000,0.073810] 
10.207533 0.410824 20.132979 @ 1 C[0.000000,0.900000,0.073810] 
11.256383 0.187907 24.629903 @ 1 C[0.000000,0.900000,0.073810] 
11.387413 7.796159 -28.863475 @ 1 C[0.000000,0.900000,0.073810] 
10.088952 5.800767 -24.761763 @ 1 C[0.000000,0.900000,0.073810] 
11.293870 6.989112 -17.267748 @ 1 C[0.000000,0.900000,0.073810] 
11.401138 6.527375 -8.560088 @ 1 C[0.000000,0.900000,0.073810] 
11.402764 6.551685 -7.901742 @ 1 C[0.000000,0.900000,0.073810] 
11.541650 6.390526 0.583443 @ 1 C[0.000000,0.900000,0.073810] 
11.722774 6.238543 7.257995 @ 1 C[0.000000,0.900000,0.073810] 
12.049427 5.284899 11.526789 @ 1 C[0.000000,0.900000,0.073810] 
11.407243 5.954058 16.773933 @ 1 C[0.000000,0.900000,0.073810] 
12.009287 6.903394 22.538742 @ 1 C[0.000000,0.900000,0.073810] 
11.595842 12.346502 -27.791797 @ 1 C[0.000000,0.900000,0.073810] 
11.608586 12.361100 -27.129630 @ 1 C[0.000000,0.900000,0.073810] 
9.368360 11.915596 -17.696793 @ 1 C[0.000000,0.900000,0.073810] 
10.427937 11.790611 -12.501584 @ 1 C[0.000000,0.900000,0.073810] 
14.152526 11.957441 -4.436135 @ 1 C[0.000000,0.900000,0.073810] 
10.635887 15.217282 0.228073 @ 1 C[0.000000,0.900000,0.073810] 
12.508986 11.503918 5.568311 @ 1 C[0.000000,0.900000,0.073810] 
12.776949 11.633120 13.685082 @ 1 C[0.000000,0.900000,0.073810] 
12.785101 11.620533 14.349068 @ 1 C[0.000000,0.900000,0.073810] 
11.503775 11.757040 23.515569 @ 1 C[0.000000,0.900000,0.073810] 
11.102739 16.420116 28.826276 @ 1 C[0.000000,0.900000,0.073810] 
10.736622 17.954933 -21.497617 @ 1 C[0.000000,0.900000,0.073810] 
10.737567 17.938920 -20.835919 @ 1 C[0.000000,0.900000,0.073810] 
11.555550 18.395681 -10.953357 @ 1 C[0.000000,0.900000,0.073810] 
12.669525 18.900192 -5.323379 @ 1 C[0.000000,0.900000,0.073810] 
10.263451 18.789142 -1.759886 @ 1 C[0.000000,0.900000,0.073810] 
10.698274 16.152006 7.834564 @ 1 C[0.000000,0.900000,0.073810] 
10.010529 17.736191 10.537805 @ 1 C[0.000000,0.900000,0.073810] 
10.364918 17.595050 17.569658 @ 1 C[0.000000,0.900000,0.073810] 
11.641078 15.238712 25.177723 @ 1 C[0.000000,0.900000,0.073810] 
9.627778 23.230091 28.412095 @ 1 C[0.000000,0.900000,0.073810] 
10.631653 23.881948 -23.690682 @ 1 C[0.000000,0.900000,0.073810] 
12.381701 23.706581 -18.212098 @ 1 C[0.000000,0.900000,0.073810] 
14.105391 23.693828 -14.720731 @ 1 C[0.000000,0.900000,0.073810] 
12.024546 24.184579 -2.263877 @ 1 C[0.000000,0.900000,0.073810] 
12.036349 24.201183 -1.602131 @ 1 C[0.000000,0.900000,0.073810] 
13.222548 23.678951 8.173725 @ 1 C[0.000000,0.900000,0.073810] 
11.963298 23.761757 14.650796 @ 1 C[0.000000,0.900000,0.073810] 
13.035015 25.318342 20.874584 @ 1 C[0.000000,0.900000,0.073810] 
13.034698 25.319263 21.526329 @ 1 C[0.000000,0.900000,0.073810] 
18.722618 29.778202 -29.414288 @ 1 C[0.000000,0.900000,0.073810] 
17.933607 29.542197 -25.526505 @ 1 C[0.000000,0.900000,0.073810] 
19.437653 -29.634784 -16.570863 @ 1 C[0.000000,0.900000,0.073810] 
17.887216 29.311689 -12.094438 @ 1 C[0.000000,0.900000,0.073810] 
16.612785 -28.931481 -6.995620 @ 1 C[0.000000,0.900000,0.073810] 
17.684496 -29.528930 -1.588086 @ 1 C[0.000000,0.900000,0.073810] 
17.104849 -28.827265 7.233798 @ 1 C[0.000000,0.900000,0.073810] 
17.816651 29.133033 15.146819 @ 1 C[0.000000,0.900000,0.073810] 
17.815767 29.127378 15.809223 @ 1 C[0.000000,0.900000,0.073810] 
19.242179 29.840823 24.209241 @ 1 C[0.000000,0.900000,0.073810] 
19.475170 -23.501329 29.949227 @ 1 C[0.000000,0.900000,0.073810] 
18.336368 -24.106989 -24.413543 @ 1 C[0.000000,0.900000,0.073810] 
16.465868 -25.038775 -18.480271 @ 1 C[0.000000,0.900000,0.073810] 
19.888552 -23.723697 -10.397783 @ 1 C[0.000000,0.900000,0.073810] 
19.643981 -23.581296 -6.361883 @ 1 C[0.000000,0.900000,0.073810] 
17.731636 -23.510759 -1.877527 @ 1 C[0.000000,0.900000,0.073810] 
17.497957 -24.061242 4.978149 @ 1 C[0.000000,0.900000,0.073810] 
18.159251 -23.700767 14.665745 @ 1 C[0.000000,0.900000,0.073810] 
18.154901 -23.707830 15.329077 @ 1 C[0.000000,0.900000,0.073810] 
18.102213 -23.809881 25.169851 @ 1 C[0.000000,0.900000,0.073810] 
18.481687 -17.420591 26.977690 @ 1 C[0.000000,0.900000,0.073810] 
18.927787 -19.315850 -22.644281 @ 1 C[0.000000,0.900000,0.073810] 
18.740083 -18.192453 -16.530584 @ 1 C[0.000000,0.900000,0.073810] 
17.791545 -16.015697 -11.624837 @ 1 C[0.000000,0.900000,0.073810] 
19.241790 -18.056611 -6.529480 @ 1 C[0.000000,0.900000,0.073810] 
18.039731 -17.202244 3.235350 @ 1 C[0.000000,0.900000,0.073810] 
18.061800 -17.220447 3.894266 @ 1 C[0.000000,0.900000,0.073810] 
17.750427 -16.304826 12.222519 @ 1 C[0.000000,0.900000,0.073810] 
17.866470 -17.367360 17.388870 @ 1 C[0.000000,0.900000,0.073810] 
18.471615 -17.418557 26.312269 @ 1 C[0.000000,0.900000,0.073810] 
17.915565 -12.452342 -28.710077 @ 1 C[0.000000,0.900000,0.073810] 
18.356256 -14.603011 -23.331328 @ 1 C[0.000000,0.900000,0.073810] 
18.393994 -11.334403 -17.070052 @ 1 C[0.000000,0.900000,0.073810] 
17.258112 -12.220326 -13.807960 @ 1 C[0.000000,0.900000,0.073810] 
17.144704 -14.117412 -7.619645 @ 1 C[0.000000,0.900000,0.073810] 
19.805278 -11.534715 -0.716470 @ 1 C[0.000000,0.900000,0.073810] 
17.923948 -12.482088 5.449541 @ 1 C[0.000000,0.900000,0.073810] 
18.503941 -12.678356 14.239654 @ 1 C[0.000000,0.900000,0.073810] 
16.414402 -12.567645 18.148542 @ 1 C[0.000000,0.900000,0.073810] 
16.469054 -12.192891 21.635830 @ 1 C[0.000000,0.900000,0.073810] 
19.544515 -5.244332 -29.725425 @ 1 C[0.000000,0.900000,0.073810] 
18.717753 -5.773936 -22.156482 @ 1 C[0.000000,0.900000,0.073810] 
18.739698 -5.763855 -21.486349 @ 1 C[0.000000,0.900000,0.073810] 
16.426106 -6.708960 -11.092918 @ 1 C[0.000000,0.900000,0.073810] 
17.341711 -6.480866 -6.871581 @ 1 C[0.000000,0.900000,0.073810] 
17.862910 -6.256908 1.604965 @ 1 C[0.000000,0.900000,0.073810] 
19.364088 -6.607375 4.799480 @ 1 C[0.000000,0.900000,0.073810] 
17.682350 -6.999984 12.496538 @ 1 C[0.000000,0.900000,0.073810] 
18.593761 -4.509637 17.437049 @ 1 C[0.000000,0.900000,0.073810] 
16.479339 -3.416952 26.543793 @ 1 C[0.000000,0.900000,0.073810] 
18.614137 -0.091944 -27.866548 @ 1 C[0.000000,0.900000,0.073810] 
18.611362 -0.069618 -27.200795 @ 1 C[0.000000,0.900000,0.073810] 
18.715769 -0.010465 -18.299120 @ 1 C[0.000000,0.900000,0.073810] 
19.236370 -0.515282 -10.667491 @ 1 C[0.000000,0.900000,0.073810] 
17.799165 -1.666613 -4.913266 @ 1 C[0.000000,0.900000,0.073810] 
16.094210 -0.763789 -0.585465 @ 1 C[0.000000,0.900000,0.073810] 
17.111101 -0.158427 7.425246 @ 1 C[0.000000,0.900000,0.073810] 
17.108311 -0.187248 8.096868 @ 1 C[0.000000,0.900000,0.073810] 
17.560741 -0.132301 19.882383 @ 1 C[0.000000,0.900000,0.073810] 
17.572815 -0.138262 20.547117 @ 1 C[0.000000,0.900000,0.073810] 
18.691475 4.148613 28.105331 @ 1 C[0.000000,0.900000,0.073810] 
16.656539 5.234244 -23.272227 @ 1 C[0.000000,0.900000,0.073810] 
17.378307 6.264647 -17.757271 @ 1 C[0.000000,0.900000,0.073810] 
17.298649 5.193832 -12.571683 @ 1 C[0.000000,0.900000,0.073810] 
16.296025 6.346333 -6.091283 @ 1 C[0.000000,0.900000,0.073810] 
17.105881 5.881980 -0.064266 @ 1 C[0.000000,0.900000,0.073810] 
16.945298 5.111136 3.352771 @ 1 C[0.000000,0.900000,0.073810] 
19.139262 4.871426 13.950394 @ 1 C[0.000000,0.900000,0.073810] 
19.368619 6.492050 16.046664 @ 1 C[0.000000,0.900000,0.073810] 
16.254552 6.689386 24.484169 @ 1 C[0.000000,0.900000,0.073810] 
18.267131 12.006825 -27.268443 @ 1 C[0.000000,0.900000,0.073810] 
18.279630 11.998237 -26.601267 @ 1 C[0.000000,0.900000,0.073810] 
18.978554 12.311910 -18.935427 @ 1 C[0.000000,0.900000,0.073810] 
19.270751 11.957971 -12.151497 @ 1 C[0.000000,0.900000,0.073810] 
19.102538 12.968870 -1.908406 @ 1 C[0.000000,0.900000,0.073810] 
19.125405 12.968477 -1.250635 @ 1 C[0.000000,0.900000,0.073810] 
17.869062 11.461298 4.549690 @ 1 C[0.000000,0.900000,0.073810] 
16.906016 11.487162 11.570640 @ 1 C[0.000000,0.900000,0.073810] 
18.196414 13.312593 16.802288 @ 1 C[0.000000,0.900000,0.073810] 
18.024903 10.530548 26.672860 @ 1 C[0.000000,0.900000,0.073810] 
18.218831 18.297545 29.259368 @ 1 C[0.000000,0.900000,0.073810] 
18.410810 17.085989 -24.682584 @ 1 C[0.000000,0.900000,0.073810] 
17.087986 17.209548 -17.934129 @ 1 C[0.000000,0.900000,0.073810] 
16.589313 17.976986 -12.954230 @ 1 C[0.000000,0.900000,0.073810] 
17.755865 18.285372 -6.529503 @ 1 C[0.000000,0.900000,0.073810] 
17.921893 18.080922 2.257524 @ 1 C[0.000000,0.900000,0.073810] 
17.927676 18.094014 2.917741 @ 1 C[0.000000,0.900000,0.073810] 
18.246906 17.537038 12.608511 @ 1 C[0.000000,0.900000,0.073810] 
18.029597 18.104814 18.306158 @ 1 C[0.000000,0.900000,0.073810] 
17.881951 18.328992 25.798193 @ 1 C[0.000000,0.900000,0.073810] 
17.329508 25.065137 29.463071 @ 1 C[0.000000,0.900000,0.073810] 
18.950493 23.795837 -23.647506 @ 1 C[0.000000,0.900000,0.073810] 
19.028757 25.805112 -19.725849 @ 1 C[0.000000,0.900000,0.073810] 
16.565898 23.714180 -11.949117 @ 1 C[0.000000,0.900000,0.073810] 
17.760683 26.297333 -5.204507 @ 1 C[0.000000,0.900000,0.073810] 
19.249520 23.739754 0.928531 @ 1 C[0.000000,0.900000,0.073810] 
18.046070 23.869130 4.820250 @ 1 C[0.000000,0.900000,0.073810] 
18.665150 25.594183 9.261037 @ 1 C[0.000000,0.900000,0.073810] 
17.758985 25.272521 18.769818 @ 1 C[0.000000,0.900000,0.073810] 
18.697672 22.836631 23.822517 @ 1 C[0.000000,0.900000,0.073810] 
24.436647 29.482710 27.901866 @ 1 C[0.000000,0.900000,0.073810] 
25.545824 -29.097946 -23.927953 @ 1 C[0.000000,0.900000,0.073810] 
23.445186 -29.946638 -16.851323 @ 1 C[0.000000,0.900000,0.073810] 
25.594841 -29.759805 -8.537196 @ 1 C[0.000000,0.900000,0.073810] 
25.404433 -29.608000 -6.886791 @ 1 C[0.000000,0.900000,0.073810] 
24.658589 29.667167 0.449109 @ 1 C[0.000000,0.900000,0.073810] 
24.084275 -29.481197 9.076799 @ 1 C[0.000000,0.900000,0.073810] 
24.066046 -29.470946 9.735811 @ 1 C[0.000000,0.900000,0.073810] 
24.772059 29.727489 19.066473 @ 1 C[0.000000,0.900000,0.073810] 
24.437220 29.466213 27.232157 @ 1 C[0.000000,0.900000,0.073810] 
24.414770 -23.017763 29.772921 @ 1 C[0.000000,0.900000,0.073810] 
24.291705 -23.464329 -24.127238 @ 1 C[0.000000,0.900000,0.073810] 
26.195359 -24.985960 -20.046362 @ 1 C[0.000000,0.900000,0.073810] 
23.636582 -24.556188 -12.310041 @ 1 C[0.000000,0.900000,0.073810] 
24.356381 -24.813335 -5.611454 @ 1 C[0.000000,0.900000,0.073810] 
23.246428 -24.336789 0.162600 @ 1 C[0.000000,0.900000,0.073810] 
23.414019 -25.653866 4.572353 @ 1 C[0.000000,0.900000,0.073810] 
24.225697 -24.650793 13.473965 @ 1 C[0.000000,0.900000,0.073810] 
22.752670 -23.900754 17.525342 @ 1 C[0.000000,0.900000,0.073810] 
24.288062 -23.947034 23.761647 @ 1 C[0.000000,0.900000,0.073810] 
23.478132 -18.456365 -28.709033 @ 1 C[0.000000,0.900000,0.073810] 
24.644483 -18.641187 -21.587456 @ 1 C[0.000000,0.900000,0.073810] 
24.626537 -18.654184 -20.925609 @ 1 C[0.000000,0.900000,0.073810] 
23.134553 -17.132966 -13.623276 @ 1 C[0.000000,0.900000,0.073810] 
25.402450 -15.903152 -5.553791 @ 1 C[0.000000,0.900000,0.073810] 
26.096572 -16.496153 -2.858988 @ 1 C[0.000000,0.900000,0.073810] 
24.441650 -19.025779 9.687620 @ 1 C[0.000000,0.900000,0.073810] 
24.426322 -19.023697 10.357660 @ 1 C[0.000000,0.900000,0.073810] 
24.981859 -17.183574 18.697422 @ 1 C[0.000000,0.900000,0.073810] 
23.053290 -17.842836 22.875482 @ 1 C[0.000000,0.900000,0.073810] 
23.732220 -13.182213 -29.310015 @ 1 C[0.000000,0.900000,0.073810] 
23.419966 -13.096550 -25.569348 @ 1 C[0.000000,0.900000,0.073810] 
24.780019 -11.439073 -16.873670 @ 1 C[0.000000,0.900000,0.073810] 
23.077031 -12.355416 -13.052472 @ 1 C[0.000000,0.900000,0.073810] 
24.290905 -12.103855 -6.579594 @ 1 C[0.000000,0.900000,0.073810] 
24.892023 -12.830481 0.459079 @ 1 C[0.000000,0.900000,0.073810] 
23.998516 -12.726005 8.271198 @ 1 C[0.000000,0.900000,0.073810] 
23.999109 -12.699612 8.938654 @ 1 C[0.000000,0.900000,0.073810] 
25.119355 -11.006293 18.849400 @ 1 C[0.000000,0.900000,0.073810] 
25.436005 -13.450620 25.124628 @ 1 C[0.000000,0.900000,0.073810] 
24.914161 -6.835703 -29.894376 @ 1 C[0.000000,0.900000,0.073810] 
23.366387 -5.233185 -24.760432 @ 1 C[0.000000,0.900000,0.073810] 
23.137999 -5.893284 -14.800084 @ 1 C[0.000000,0.900000,0.073810] 
23.129818 -5.908635 -14.134236 @ 1 C[0.000000,0.900000,0.073810] 
24.982247 -5.242002 -7.009297 @ 1 C[0.000000,0.900000,0.073810] 
23.571278 -5.588940 2.945258 @ 1 C[0.000000,0.900000,0.073810] 
23.555473 -5.588610 3.615313 @ 1 C[0.000000,0.900000,0.073810] 
24.145495 -4.903990 11.061755 @ 1 C[0.000000,0.900000,0.073810] 
24.170646 -5.965225 15.520897 @ 1 C[0.000000,0.900000,0.073810] 
23.003471 -4.464173 25.111569 @ 1 C[0.000000,0.900000,0.073810] 
22.712418 -0.471067 29.937510 @ 1 C[0.000000,0.900000,0.073810] 
22.160003 -0.362326 -23.335842 @ 1 C[0.000000,0.900000,0.073810] 
24.543951 -1.459857 -17.383248 @ 1 C[0.000000,0.900000,0.073810] 
24.123731 -0.042503 -12.400702 @ 1 C[0.000000,0.900000,0.073810] 
24.466535 0.349338 -3.538682 @ 1 C[0.000000,0.900000,0.073810] 
24.414771 -0.252731 -1.154772 @ 1 C[0.000000,0.900000,0.073810] 
22.543519 -0.688182 6.613381 @ 1 C[0.000000,0.900000,0.073810] 
24.682617 -0.235805 14.030814 @ 1 C[0.000000,0.900000,0.073810] 
24.703378 -0.214464 14.694589 @ 1 C[0.000000,0.900000,0.073810] 
22.890504 -0.836803 24.493010 @ 1 C[0.000000,0.900000,0.073810] 
24.806511 5.386846 29.925596 @ 1 C[0.000000,0.900000,0.073810] 
22.893949 5.605726 -23.971436 @ 1 C[0.000000,0.900000,0.073810] 
22.967564 5.363059 -17.975229 @ 1 C[0.000000,0.900000,0.073810] 
25.025215 5.389107 -11.403692 @ 1 C[0.000000,0.900000,0.073810] 
22.281436 4.786808 -6.532693 @ 1 C[0.000000,0.900000,0.073810] 
25.694810 6.779755 -2.294078 @ 1 C[0.000000,0.900000,0.073810] 
23.913071 7.313197 3.335636 @ 1 C[0.000000,0.900000,0.073810] 
21.515516 6.319199 10.993633 @ 1 C[0.000000,0.900000,0.073810] 
23.216917 5.178858 20.249115 @ 1 C[0.000000,0.900000,0.073810] 
23.744146 6.364086 22.538123 @ 1 C[0.000000,0.900000,0.073810] 
23.039534 11.231821 -29.715857 @ 1 C[0.000000,0.900000,0.073810] 
23.468900 10.421915 -25.658428 @ 1 C[0.000000,0.900000,0.073810] 
20.805879 11.697066 -15.753245 @ 1 C[0.000000,0.900000,0.073810] 
22.965679 11.218486 -9.232739 @ 1 C[0.000000,0.900000,0.073810] 
24.105463 12.784099 -3.565311 @ 1 C[0.000000,0.900000,0.073810] 
24.351023 12.608626 -1.420221 @ 1 C[0.000000,0.900000,0.073810] 
24.929440 13.457993 6.830839 @ 1 C[0.000000,0.900000,0.073810] 
22.464412 10.442287 11.472078 @ 1 C[0.000000,0.900000,0.073810] 
24.619352 15.109822 19.034849 @ 1 C[0.000000,0.900000,0.073810] 
24.276535 12.689297 25.484609 @ 1 C[0.000000,0.900000,0.073810] 
24.547282 16.005811 -29.123687 @ 1 C[0.000000,0.900000,0.073810] 
23.379083 17.798339 -23.542709 @ 1 C[0.000000,0.900000,0.073810] 
24.968920 17.461217 -18.826419 @ 1 C[0.000000,0.900000,0.073810] 
23.492922 15.868357 -12.848318 @ 1 C[0.000000,0.900000,0.073810] 
23.463840 17.893436 -4.044527 @ 1 C[0.000000,0.900000,0.073810] 
23.457276 17.907893 -3.393060 @ 1 C[0.000000,0.900000,0.073810] 
23.060603 17.926477 7.592113 @ 1 C[0.000000,0.900000,0.073810] 
23.343324 17.948842 10.819203 @ 1 C[0.000000,0.900000,0.073810] 
24.682094 19.230628 19.039504 @ 1 C[0.000000,0.900000,0.073810] 
24.494628 17.150774 23.035961 @ 1 C[0.000000,0.900000,0.073810] 
24.769746 24.081772 -29.185894 @ 1 C[0.000000,0.900000,0.073810] 
24.029026 23.999619 -22.157972 @ 1 C[0.000000,0.900000,0.073810] 
23.540157 23.252595 -18.406849 @ 1 C[0.000000,0.900000,0.073810] 
23.405492 25.448981 -12.291236 @ 1 C[0.000000,0.900000,0.073810] 
22.145515 24.199565 -6.508065 @ 1 C[0.000000,0.900000,0.073810] 
23.809531 23.758201 -1.433568 @ 1 C[0.000000,0.900000,0.073810] 
24.604360 24.341814 7.428201 @ 1 C[0.000000,0.900000,0.073810] 
21.791028 25.286106 11.096676 @ 1 C[0.000000,0.900000,0.073810] 
22.805486 24.672939 19.891331 @ 1 C[0.000000,0.900000,0.073810] 
25.361699 23.543212 24.098559 @ 1 C[0.000000,0.900000,0.073810] 
