8061.757525 20.280703 19.702751 20.175293 
4.916700 -8.538638 7.635456 @ 1.063933 C[0.670000,0.670000,0.673810] 
 7.129423 4.662717 0.757376 @ 0.949763 C[0.670000,0.670000,0.673810] 
 6.202841 -4.288769 -4.010304 @ 1.161460 C[0.670000,0.670000,0.673810] 
 -2.016449 8.380780 -0.912890 @ 1.063677 C[0.670000,0.670000,0.673810] 
 4.502305 7.620094 10.015004 @ 1.131567 C[0.670000,0.670000,0.673810] 
 -7.723049 -7.213211 -2.390908 @ 1.095954 C[0.670000,0.670000,0.673810] 
 6.359120 -7.640621 -1.433424 @ 0.881976 C[0.670000,0.670000,0.673810] 
 4.504605 -8.029047 -1.226743 @ 0.889626 C[0.670000,0.670000,0.673810] 
 -6.969922 -7.595387 -4.352631 @ 0.920508 C[0.670000,0.670000,0.673810] 
 -7.539651 3.423089 -0.593474 @ 0.941786 C[0.670000,0.670000,0.673810] 
 1.685126 0.988330 -6.379011 @ 1.037061 C[0.670000,0.670000,0.673810] 
 -0.587352 -8.968679 -8.965132 @ 0.987192 C[0.670000,0.670000,0.673810] 
 -9.090425 -1.876493 7.406828 @ 0.942172 C[0.670000,0.670000,0.673810] 
 2.150444 5.019152 -5.515188 @ 0.887342 C[0.670000,0.670000,0.673810] 
 -2.585281 -1.443761 3.294038 @ 1.095145 C[0.670000,0.670000,0.673810] 
 -7.196531 -5.393458 5.773439 @ 1.063203 C[0.670000,0.670000,0.673810] 
 9.479445 -1.811626 0.359382 @ 0.753659 C[0.670000,0.670000,0.673810] 
 -0.439171 1.896489 -4.145060 @ 1.021165 C[0.670000,0.670000,0.673810] 
 -6.272043 5.370894 -9.782856 @ 1.069764 C[0.670000,0.670000,0.673810] 
 6.878719 7.528940 -2.708392 @ 1.212213 C[0.670000,0.670000,0.673810] 
 -8.802635 8.448549 0.672978 @ 0.840545 C[0.670000,0.670000,0.673810] 
 -7.492019 6.995701 4.707793 @ 0.810469 C[0.670000,0.670000,0.673810] 
 -5.608432 -3.386849 2.906938 @ 0.844023 C[0.670000,0.670000,0.673810] 
 7.396699 -2.529888 -6.664597 @ 1.005201 C[0.670000,0.670000,0.673810] 
 -1.171657 2.200098 6.959861 @ 0.935829 C[0.670000,0.670000,0.673810] 
 3.207288 1.311619 -2.776855 @ 1.131776 C[0.670000,0.670000,0.673810] 
 -9.776065 6.596581 9.974765 @ 1.008174 C[0.670000,0.670000,0.673810] 
 0.688123 -4.560744 -1.240968 @ 0.903119 C[0.670000,0.670000,0.673810] 
 -8.435344 -0.136427 9.265916 @ 0.832554 C[0.670000,0.670000,0.673810] 
 7.812063 -4.466529 -0.857337 @ 0.764943 C[0.670000,0.670000,0.673810] 
 9.401649 9.326897 6.291944 @ 0.992051 C[0.670000,0.670000,0.673810] 
 10.031000 -2.636841 -3.947104 @ 0.924084 C[0.670000,0.670000,0.673810] 
 -4.754421 9.823671 3.881998 @ 0.912885 C[0.670000,0.670000,0.673810] 
 9.923651 -3.342923 2.867413 @ 1.069489 C[0.670000,0.670000,0.673810] 
 2.792626 -1.412401 5.114444 @ 1.062963 C[0.670000,0.670000,0.673810] 
 -6.527630 8.222705 6.936371 @ 0.801275 C[0.670000,0.670000,0.673810] 
 -7.873006 -0.750159 1.613736 @ 1.009567 C[0.670000,0.670000,0.673810] 
 -5.486898 -5.034636 2.032028 @ 0.856348 C[0.670000,0.670000,0.673810] 
 1.010846 4.080891 3.897935 @ 1.060170 C[0.670000,0.670000,0.673810] 
 7.325550 -3.728491 -8.561845 @ 1.132979 C[0.670000,0.670000,0.673810] 
 8.279520 0.513957 -5.490922 @ 1.017817 C[0.670000,0.670000,0.673810] 
 -5.209651 2.104403 6.306759 @ 0.979932 C[0.670000,0.670000,0.673810] 
 7.837636 -0.649260 -2.160260 @ 1.042498 C[0.670000,0.670000,0.673810] 
 -3.263557 -4.196387 -5.885624 @ 0.997532 C[0.670000,0.670000,0.673810] 
 7.349262 9.583968 0.896703 @ 0.989221 C[0.670000,0.670000,0.673810] 
 -6.670308 -2.174354 -5.070549 @ 1.063752 C[0.670000,0.670000,0.673810] 
 3.475239 -2.551942 -5.312737 @ 1.310449 C[0.670000,0.670000,0.673810] 
 -4.127156 -2.050049 -6.143123 @ 0.960669 C[0.670000,0.670000,0.673810] 
 4.258690 -4.852565 3.413603 @ 0.866248 C[0.670000,0.670000,0.673810] 
 -6.626210 -3.074880 -7.096788 @ 1.086948 C[0.670000,0.670000,0.673810] 
 -2.672989 -5.584248 8.878782 @ 0.880212 C[0.670000,0.670000,0.673810] 
 -9.962138 8.556602 -1.810776 @ 1.050926 C[0.670000,0.670000,0.673810] 
 -9.204898 -5.133640 9.011765 @ 0.908773 C[0.670000,0.670000,0.673810] 
 10.118862 7.252264 6.401120 @ 0.874567 C[0.670000,0.670000,0.673810] 
 8.887655 8.341667 -7.127024 @ 1.063253 C[0.670000,0.670000,0.673810] 
 -5.195241 4.231404 -3.171108 @ 0.963822 C[0.670000,0.670000,0.673810] 
 -7.092765 0.474519 -7.899172 @ 0.906831 C[0.670000,0.670000,0.673810] 
 -1.059163 -1.165439 -7.494311 @ 1.015555 C[0.670000,0.670000,0.673810] 
 7.949269 -1.578584 -4.674699 @ 1.058972 C[0.670000,0.670000,0.673810] 
 6.429141 -0.195259 -4.741174 @ 0.994792 C[0.670000,0.670000,0.673810] 
 0.830105 -8.066380 -1.877712 @ 0.970524 C[0.670000,0.670000,0.673810] 
 -5.146209 8.680792 -6.238618 @ 0.892718 C[0.670000,0.670000,0.673810] 
 -6.240428 4.552772 4.875310 @ 1.042898 C[0.670000,0.670000,0.673810] 
 7.933058 2.987395 -0.104575 @ 0.983874 C[0.670000,0.670000,0.673810] 
 -6.735695 1.154361 10.065628 @ 1.067697 C[0.670000,0.670000,0.673810] 
 -0.691071 -9.709185 3.095367 @ 1.082474 C[0.670000,0.670000,0.673810] 
 -8.923963 7.036560 -5.360830 @ 1.118793 C[0.670000,0.670000,0.673810] 
 -3.222076 2.957769 6.872363 @ 1.024924 C[0.670000,0.670000,0.673810] 
 -4.576594 0.389584 5.727902 @ 0.922248 C[0.670000,0.670000,0.673810] 
 1.186165 7.511727 -9.237026 @ 1.082254 C[0.670000,0.670000,0.673810] 
 -10.068129 2.072618 4.072592 @ 1.129996 C[0.670000,0.670000,0.673810] 
 -4.888271 8.413352 5.750119 @ 1.086504 C[0.670000,0.670000,0.673810] 
 -4.805469 6.435433 2.566146 @ 0.979093 C[0.670000,0.670000,0.673810] 
 0.038661 -7.572878 -4.143348 @ 1.014268 C[0.670000,0.670000,0.673810] 
 6.811172 2.310723 -9.356012 @ 1.131433 C[0.670000,0.670000,0.673810] 
 8.631578 -3.743274 1.119619 @ 1.054392 C[0.670000,0.670000,0.673810] 
 9.374758 -4.008643 -7.265151 @ 1.154980 C[0.670000,0.670000,0.673810] 
 2.864908 4.697803 4.054812 @ 0.871802 C[0.670000,0.670000,0.673810] 
 -3.210161 -9.747109 5.739126 @ 1.187154 C[0.670000,0.670000,0.673810] 
 -7.533387 7.352408 -9.979982 @ 1.126934 C[0.670000,0.670000,0.673810] 
 0.933867 3.432866 7.194912 @ 1.180536 C[0.670000,0.670000,0.673810] 
 8.599146 -7.806368 -1.617083 @ 0.745634 C[0.670000,0.670000,0.673810] 
 1.189132 -1.715304 -9.292137 @ 1.046046 C[0.670000,0.670000,0.673810] 
 8.393228 4.818572 -0.687404 @ 0.929751 C[0.670000,0.670000,0.673810] 
 3.669089 5.714641 5.316829 @ 0.930786 C[0.670000,0.670000,0.673810] 
 -0.122377 8.310029 -7.795305 @ 0.885559 C[0.670000,0.670000,0.673810] 
 8.750677 5.352475 2.884770 @ 1.100498 C[0.670000,0.670000,0.673810] 
 -9.031053 -5.157984 2.900511 @ 1.134594 C[0.670000,0.670000,0.673810] 
 0.371190 0.282683 -4.784881 @ 0.822412 C[0.670000,0.670000,0.673810] 
 -0.613766 -1.476034 4.108351 @ 0.866970 C[0.670000,0.670000,0.673810] 
 -1.747088 4.273076 3.836739 @ 1.024924 C[0.670000,0.670000,0.673810] 
 2.736524 7.685713 -2.649272 @ 0.991249 C[0.670000,0.670000,0.673810] 
 -9.270106 -7.378294 3.686457 @ 0.962138 C[0.670000,0.670000,0.673810] 
 5.297899 -2.831977 -7.126178 @ 1.127829 C[0.670000,0.670000,0.673810] 
 -6.407500 4.887489 0.964310 @ 0.961284 C[0.670000,0.670000,0.673810] 
 8.770811 -1.959587 4.121883 @ 0.992072 C[0.670000,0.670000,0.673810] 
 0.530455 -2.381343 -1.451460 @ 1.065122 C[0.670000,0.670000,0.673810] 
 -6.287548 0.580929 6.396534 @ 0.848012 C[0.670000,0.670000,0.673810] 
 4.008027 0.137413 0.485482 @ 1.066610 C[0.670000,0.670000,0.673810] 
 -9.791931 -1.299383 3.193780 @ 1.039156 C[0.670000,0.670000,0.673810] 
 0.612295 9.297645 -6.297799 @ 0.894878 C[0.670000,0.670000,0.673810] 
 2.776180 5.931533 9.262519 @ 1.010168 C[0.670000,0.670000,0.673810] 
 4.811904 4.015101 6.011483 @ 1.155695 C[0.670000,0.670000,0.673810] 
 -4.657040 9.033249 -8.528278 @ 0.936167 C[0.670000,0.670000,0.673810] 
 4.834748 -1.330979 4.277309 @ 1.110076 C[0.670000,0.670000,0.673810] 
 -0.463356 5.235833 -7.354165 @ 1.239621 C[0.670000,0.670000,0.673810] 
 -2.972035 -0.966525 6.984705 @ 0.942489 C[0.670000,0.670000,0.673810] 
 5.773378 -6.985797 9.316267 @ 0.927574 C[0.670000,0.670000,0.673810] 
 -5.593822 -7.458650 -6.669403 @ 1.194093 C[0.670000,0.670000,0.673810] 
 -3.347117 -5.770110 5.098424 @ 1.029366 C[0.670000,0.670000,0.673810] 
 -10.023655 0.448694 9.841823 @ 0.952736 C[0.670000,0.670000,0.673810] 
 7.298215 -1.411391 7.836198 @ 0.967611 C[0.670000,0.670000,0.673810] 
 5.653785 -1.807122 6.523736 @ 1.069541 C[0.670000,0.670000,0.673810] 
 5.610193 2.920559 2.348281 @ 1.074470 C[0.670000,0.670000,0.673810] 
 0.235508 6.760906 -1.179501 @ 0.956128 C[0.670000,0.670000,0.673810] 
 -1.784476 -6.477848 3.635397 @ 1.128214 C[0.670000,0.670000,0.673810] 
 1.180658 5.338246 -9.295228 @ 1.048951 C[0.670000,0.670000,0.673810] 
 7.808155 2.562274 -4.762907 @ 0.994227 C[0.670000,0.670000,0.673810] 
 3.091607 0.934126 7.810635 @ 0.981761 C[0.670000,0.670000,0.673810] 
 8.680698 -4.715319 6.182768 @ 0.967210 C[0.670000,0.670000,0.673810] 
 -5.974984 -6.854418 -1.097943 @ 1.002911 C[0.670000,0.670000,0.673810] 
 1.727434 7.558636 2.078143 @ 0.870931 C[0.670000,0.670000,0.673810] 
 -1.753855 -8.898988 9.265301 @ 1.165620 C[0.670000,0.670000,0.673810] 
 7.536440 1.256237 -1.043676 @ 0.887248 C[0.670000,0.670000,0.673810] 
 4.360273 -0.557614 8.653011 @ 0.997214 C[0.670000,0.670000,0.673810] 
 8.209031 3.665277 9.728644 @ 0.956647 C[0.670000,0.670000,0.673810] 
 -5.773808 -4.865264 0.250507 @ 0.883770 C[0.670000,0.670000,0.673810] 
 7.592833 5.189667 4.704632 @ 0.969778 C[0.670000,0.670000,0.673810] 
 0.808537 -7.468755 -8.144358 @ 1.013294 C[0.670000,0.670000,0.673810] 
 8.571164 3.831024 7.741127 @ 0.952147 C[0.670000,0.670000,0.673810] 
 4.110605 -2.998040 9.351469 @ 0.892885 C[0.670000,0.670000,0.673810] 
 -1.704031 7.549774 8.276959 @ 0.896178 C[0.670000,0.670000,0.673810] 
 -0.870163 6.818073 -4.187014 @ 0.888433 C[0.670000,0.670000,0.673810] 
 -2.938959 -9.582521 -5.270798 @ 1.088899 C[0.670000,0.670000,0.673810] 
 2.918027 -0.413786 -6.274630 @ 0.817049 C[0.670000,0.670000,0.673810] 
 0.088934 6.813404 9.084278 @ 1.063299 C[0.670000,0.670000,0.673810] 
 -8.191533 2.127350 3.300889 @ 0.819885 C[0.670000,0.670000,0.673810] 
 7.390004 -6.026152 8.728311 @ 0.912188 C[0.670000,0.670000,0.673810] 
 8.130294 7.251856 9.443220 @ 0.915733 C[0.670000,0.670000,0.673810] 
 5.507623 4.277735 -8.692313 @ 0.919895 C[0.670000,0.670000,0.673810] 
 7.264126 7.923039 -5.332701 @ 1.103648 C[0.670000,0.670000,0.673810] 
 0.120628 -9.805538 -1.528451 @ 0.867657 C[0.670000,0.670000,0.673810] 
 -7.549317 -9.376872 -5.578511 @ 1.008581 C[0.670000,0.670000,0.673810] 
 -6.620912 2.804778 1.290953 @ 1.090933 C[0.670000,0.670000,0.673810] 
 4.659757 -5.936537 -2.161849 @ 1.291513 C[0.670000,0.670000,0.673810] 
 -0.874643 -7.314749 -1.588153 @ 0.876829 C[0.670000,0.670000,0.673810] 
 -7.075435 5.496366 -0.853028 @ 1.010875 C[0.670000,0.670000,0.673810] 
 8.847081 9.013077 4.163834 @ 0.933826 C[0.670000,0.670000,0.673810] 
 -8.042256 4.857941 1.662744 @ 0.793466 C[0.670000,0.670000,0.673810] 
 5.952522 4.221634 8.527877 @ 1.061342 C[0.670000,0.670000,0.673810] 
 9.963450 -9.109982 -5.311767 @ 1.009887 C[0.670000,0.670000,0.673810] 
 -8.503401 7.627744 3.009520 @ 1.018497 C[0.670000,0.670000,0.673810] 
 0.274563 -0.920279 -0.067960 @ 0.879580 C[0.670000,0.670000,0.673810] 
 -0.981740 -1.422047 -5.339388 @ 1.093554 C[0.670000,0.670000,0.673810] 
 2.403906 -7.309607 0.759895 @ 1.227779 C[0.670000,0.670000,0.673810] 
 -9.541415 -5.441426 -6.289305 @ 0.916518 C[0.670000,0.670000,0.673810] 
 4.654302 -4.219245 -0.559768 @ 0.979607 C[0.670000,0.670000,0.673810] 
 -5.139941 -1.637860 -2.520012 @ 0.922818 C[0.670000,0.670000,0.673810] 
 -8.238024 -9.099824 -7.568575 @ 0.953439 C[0.670000,0.670000,0.673810] 
 -4.453776 8.563839 -0.140575 @ 1.065743 C[0.670000,0.670000,0.673810] 
 -2.883855 6.781925 -3.865790 @ 1.089379 C[0.670000,0.670000,0.673810] 
 0.204952 0.968660 9.815388 @ 0.900505 C[0.670000,0.670000,0.673810] 
 -5.055168 -4.319918 -1.811602 @ 1.093227 C[0.670000,0.670000,0.673810] 
 -9.358909 -2.561900 -7.658690 @ 0.969173 C[0.670000,0.670000,0.673810] 
 -9.435509 -2.119856 1.351459 @ 0.915126 C[0.670000,0.670000,0.673810] 
 2.786367 -8.697726 -1.513213 @ 0.963098 C[0.670000,0.670000,0.673810] 
 0.813841 1.120634 -2.623983 @ 1.096089 C[0.670000,0.670000,0.673810] 
 -6.006597 1.961781 -1.058311 @ 0.990831 C[0.670000,0.670000,0.673810] 
 -0.729196 0.232373 5.989729 @ 1.014132 C[0.670000,0.670000,0.673810] 
 2.029741 -2.665960 9.152886 @ 0.967853 C[0.670000,0.670000,0.673810] 
 2.649038 -6.516674 10.063542 @ 1.054942 C[0.670000,0.670000,0.673810] 
 3.033306 6.571353 -8.573147 @ 1.041996 C[0.670000,0.670000,0.673810] 
 3.382944 -5.771462 8.290253 @ 0.918401 C[0.670000,0.670000,0.673810] 
 9.477025 -4.004852 -1.756361 @ 0.864251 C[0.670000,0.670000,0.673810] 
 0.747736 9.528231 -10.057609 @ 1.044522 C[0.670000,0.670000,0.673810] 
 7.030267 -3.418902 5.881010 @ 1.116486 C[0.670000,0.670000,0.673810] 
 8.791708 4.217721 -4.284183 @ 0.920085 C[0.670000,0.670000,0.673810] 
 -1.427931 3.437156 -2.555304 @ 0.965477 C[0.670000,0.670000,0.673810] 
 2.972703 -4.308430 -9.737938 @ 1.085007 C[0.670000,0.670000,0.673810] 
 5.298290 -3.892830 7.382649 @ 1.178903 C[0.670000,0.670000,0.673810] 
 3.362203 -9.617161 4.138378 @ 1.107700 C[0.670000,0.670000,0.673810] 
 9.499116 1.978145 7.949480 @ 1.099546 C[0.670000,0.670000,0.673810] 
 7.937972 -8.759011 4.272790 @ 1.051228 C[0.670000,0.670000,0.673810] 
 -6.276692 -4.601136 -9.300201 @ 1.075408 C[0.670000,0.670000,0.673810] 
 -9.677249 3.742906 2.748294 @ 0.995975 C[0.670000,0.670000,0.673810] 
 -0.329618 5.455093 4.846076 @ 0.866085 C[0.670000,0.670000,0.673810] 
 6.562411 -5.800652 -9.188023 @ 1.159042 C[0.670000,0.670000,0.673810] 
 6.396285 -0.499613 -6.794015 @ 1.070496 C[0.670000,0.670000,0.673810] 
 0.487972 -6.079289 -6.719204 @ 0.947264 C[0.670000,0.670000,0.673810] 
 -3.785890 -4.405549 1.393425 @ 1.006218 C[0.670000,0.670000,0.673810] 
 -9.203956 -9.580347 0.077717 @ 0.894797 C[0.670000,0.670000,0.673810] 
 -1.834088 -6.840957 7.516504 @ 0.990739 C[0.670000,0.670000,0.673810] 
 8.667355 2.415814 5.825696 @ 1.153158 C[0.670000,0.670000,0.673810] 
 9.441460 -8.495047 0.552813 @ 0.951341 C[0.670000,0.670000,0.673810] 
 3.252537 -2.985606 3.548143 @ 0.837933 C[0.670000,0.670000,0.673810] 
 1.961454 -6.670505 6.200302 @ 0.935047 C[0.670000,0.670000,0.673810] 
 -3.009681 4.398450 -1.118309 @ 0.970602 C[0.670000,0.670000,0.673810] 
 0.300412 7.162898 7.092963 @ 0.897067 C[0.670000,0.670000,0.673810] 
 2.373748 -7.972210 -3.435248 @ 1.132321 C[0.670000,0.670000,0.673810] 
 -7.234487 -1.682381 -2.496723 @ 1.075221 C[0.670000,0.670000,0.673810] 
 5.866743 1.748338 0.364209 @ 1.115785 C[0.670000,0.670000,0.673810] 
 -8.962543 -8.153164 -3.801784 @ 0.897275 C[0.670000,0.670000,0.673810] 
 -4.149834 -6.343817 -2.238872 @ 0.996936 C[0.670000,0.670000,0.673810] 
 -4.652653 -0.178980 -6.412541 @ 0.892958 C[0.670000,0.670000,0.673810] 
 -1.991208 -4.827131 2.310864 @ 0.968695 C[0.670000,0.670000,0.673810] 
 1.649145 2.178177 -4.518404 @ 1.089218 C[0.670000,0.670000,0.673810] 
 1.565352 -3.162824 6.958324 @ 1.163215 C[0.670000,0.670000,0.673810] 
 6.605458 -2.364607 4.159698 @ 0.904160 C[0.670000,0.670000,0.673810] 
 3.373883 5.117912 7.335537 @ 1.070749 C[0.670000,0.670000,0.673810] 
 -0.054571 7.268528 -6.041623 @ 1.122679 C[0.670000,0.670000,0.673810] 
 1.147113 -8.517509 6.738808 @ 1.041561 C[0.670000,0.670000,0.673810] 
 8.267729 9.216970 -3.450209 @ 1.076187 C[0.670000,0.670000,0.673810] 
 5.133496 -4.628211 1.428042 @ 1.064849 C[0.670000,0.670000,0.673810] 
 9.001466 2.793656 -8.837931 @ 0.963733 C[0.670000,0.670000,0.673810] 
 7.741892 3.216185 -6.845480 @ 1.143880 C[0.670000,0.670000,0.673810] 
 -3.588335 -9.770681 -1.599348 @ 0.936124 C[0.670000,0.670000,0.673810] 
 -0.937895 -5.020950 5.094760 @ 0.946221 C[0.670000,0.670000,0.673810] 
 -2.904827 7.020113 -9.978637 @ 1.061304 C[0.670000,0.670000,0.673810] 
 7.742844 2.553664 1.837557 @ 1.010321 C[0.670000,0.670000,0.673810] 
 -2.134137 -5.075461 0.419323 @ 0.935768 C[0.670000,0.670000,0.673810] 
 1.156480 8.722424 3.710652 @ 1.089063 C[0.670000,0.670000,0.673810] 
 -2.240537 -4.223186 -8.188025 @ 0.989743 C[0.670000,0.670000,0.673810] 
 0.824197 -7.709651 9.992982 @ 1.031742 C[0.670000,0.670000,0.673810] 
 -4.071131 3.450763 4.821420 @ 1.219344 C[0.670000,0.670000,0.673810] 
 -1.356103 -0.246917 -9.455935 @ 1.074625 C[0.670000,0.670000,0.673810] 
 -9.344713 8.557592 4.759582 @ 1.119387 C[0.670000,0.670000,0.673810] 
 -4.323939 2.803300 -4.298473 @ 1.045908 C[0.670000,0.670000,0.673810] 
 -1.242126 -8.907909 6.870497 @ 1.188659 C[0.670000,0.670000,0.673810] 
 -4.695079 2.686622 -2.200230 @ 0.855489 C[0.670000,0.670000,0.673810] 
 2.125351 6.991682 7.498953 @ 0.843682 C[0.670000,0.670000,0.673810] 
 -6.859649 4.077895 8.222090 @ 0.899282 C[0.670000,0.670000,0.673810] 
 -2.628024 -6.534431 -1.152427 @ 0.835604 C[0.670000,0.670000,0.673810] 
 -1.989320 -2.840412 -6.579196 @ 0.984363 C[0.670000,0.670000,0.673810] 
 6.134023 3.793905 -1.094941 @ 0.986578 C[0.670000,0.670000,0.673810] 
 -0.547470 -6.984254 2.038690 @ 0.837559 C[0.670000,0.670000,0.673810] 
 -5.865817 0.181949 -2.126647 @ 0.994274 C[0.670000,0.670000,0.673810] 
 -2.399487 5.581245 -8.773835 @ 0.881988 C[0.670000,0.670000,0.673810] 
 -4.842423 -0.984205 0.823683 @ 1.008609 C[0.670000,0.670000,0.673810] 
 -1.037835 -5.613491 -1.047301 @ 0.878960 C[0.670000,0.670000,0.673810] 
 -1.529703 2.910499 -0.546932 @ 1.096164 C[0.670000,0.670000,0.673810] 
 9.467287 0.502088 6.254697 @ 0.901960 C[0.670000,0.670000,0.673810] 
 5.300331 9.382794 -2.365347 @ 0.839854 C[0.670000,0.670000,0.673810] 
 -0.139234 7.487719 2.763458 @ 0.883635 C[0.670000,0.670000,0.673810] 
 -3.670424 7.750021 7.771807 @ 0.915887 C[0.670000,0.670000,0.673810] 
 9.733551 -0.281938 -3.561057 @ 1.062798 C[0.670000,0.670000,0.673810] 
 4.738941 -1.864159 -1.524874 @ 0.846987 C[0.670000,0.670000,0.673810] 
 -1.116974 5.649664 2.498741 @ 0.971185 C[0.670000,0.670000,0.673810] 
 2.469183 -6.610631 -1.434303 @ 1.037306 C[0.670000,0.670000,0.673810] 
 -2.391960 2.283627 -3.828279 @ 0.985350 C[0.670000,0.670000,0.673810] 
 7.737841 -1.878133 9.872848 @ 1.119206 C[0.670000,0.670000,0.673810] 
 -4.385002 -5.857611 -5.884598 @ 0.928606 C[0.670000,0.670000,0.673810] 
 -9.269895 5.161873 -6.766499 @ 1.066777 C[0.670000,0.670000,0.673810] 
 5.988660 0.528879 9.563490 @ 1.095893 C[0.670000,0.670000,0.673810] 
 -6.075318 -2.829323 -1.037697 @ 0.850863 C[0.670000,0.670000,0.673810] 
 9.965842 -8.877597 4.724015 @ 0.936761 C[0.670000,0.670000,0.673810] 
 6.932721 -7.332006 7.347307 @ 0.953604 C[0.670000,0.670000,0.673810] 
 -4.756431 0.661831 7.879090 @ 1.190090 C[0.670000,0.670000,0.673810] 
 -10.123927 -7.218046 -7.023886 @ 0.948849 C[0.670000,0.670000,0.673810] 
 1.027973 8.421308 -3.186344 @ 0.918258 C[0.670000,0.670000,0.673810] 
 1.326863 5.432894 8.204050 @ 0.835597 C[0.670000,0.670000,0.673810] 
 -3.426960 1.169158 -6.840030 @ 0.936768 C[0.670000,0.670000,0.673810] 
 6.842843 -1.794734 2.097220 @ 0.825660 C[0.670000,0.670000,0.673810] 
 -9.899769 -5.122269 -3.080250 @ 1.083738 C[0.670000,0.670000,0.673810] 
 -2.786025 0.950344 6.869239 @ 0.944020 C[0.670000,0.670000,0.673810] 
 4.815535 -8.368357 5.407794 @ 1.114429 C[0.670000,0.670000,0.673810] 
 9.437234 8.132377 -4.984469 @ 1.098332 C[0.670000,0.670000,0.673810] 
 0.096685 -7.755020 3.813213 @ 1.093130 C[0.670000,0.670000,0.673810] 
 -2.227564 7.978122 -5.273991 @ 0.845333 C[0.670000,0.670000,0.673810] 
 2.408254 8.349481 5.397696 @ 0.847025 C[0.670000,0.670000,0.673810] 
 -2.622942 -0.627856 0.743450 @ 1.220737 C[0.670000,0.670000,0.673810] 
 -3.160218 -1.029935 -2.579983 @ 0.993694 C[0.670000,0.670000,0.673810] 
 -9.505412 -8.903122 6.624692 @ 0.982970 C[0.670000,0.670000,0.673810] 
 -3.277340 -9.673823 0.973714 @ 1.038599 C[0.670000,0.670000,0.673810] 
 -8.575441 3.080704 -5.888232 @ 1.054502 C[0.670000,0.670000,0.673810] 
 9.648832 1.684856 -6.781447 @ 1.108453 C[0.670000,0.670000,0.673810] 
 8.222381 5.605967 -2.440280 @ 0.941807 C[0.670000,0.670000,0.673810] 
 5.825076 -6.183467 -6.264308 @ 0.860798 C[0.670000,0.670000,0.673810] 
 8.355342 7.727589 2.461596 @ 1.219872 C[0.670000,0.670000,0.673810] 
 -5.670986 7.159551 4.186792 @ 0.947924 C[0.670000,0.670000,0.673810] 
 5.090268 -1.885434 0.601718 @ 1.158104 C[0.670000,0.670000,0.673810] 
 -8.649990 3.258155 1.042752 @ 0.948033 C[0.670000,0.670000,0.673810] 
 -6.000792 2.438141 8.493419 @ 0.957323 C[0.670000,0.670000,0.673810] 
 -5.038156 1.961862 2.488884 @ 0.941235 C[0.670000,0.670000,0.673810] 
 -4.025824 5.794090 4.468107 @ 1.054319 C[0.670000,0.670000,0.673810] 
 -9.141177 5.046544 -0.162519 @ 1.037544 C[0.670000,0.670000,0.673810] 
 -8.986918 9.260263 -3.874458 @ 1.312090 C[0.670000,0.670000,0.673810] 
 9.479601 5.081205 -9.354135 @ 0.957029 C[0.670000,0.670000,0.673810] 
 -0.086886 4.478433 8.708914 @ 0.898597 C[0.670000,0.670000,0.673810] 
 6.141805 -5.700843 -0.111572 @ 1.040388 C[0.670000,0.670000,0.673810] 
 -7.184462 6.391399 8.140373 @ 1.126455 C[0.670000,0.670000,0.673810] 
 -9.550226 -3.779415 -9.384903 @ 1.146264 C[0.670000,0.670000,0.673810] 
 4.916014 -9.437768 -7.344386 @ 0.929043 C[0.670000,0.670000,0.673810] 
 6.474881 7.587588 3.995490 @ 1.005980 C[0.670000,0.670000,0.673810] 
 -5.803829 -1.087808 -7.823510 @ 1.088340 C[0.670000,0.670000,0.673810] 
 -5.388984 3.749683 -8.652045 @ 1.028990 C[0.670000,0.670000,0.673810] 
 -0.688229 -2.754845 -9.013031 @ 1.101747 C[0.670000,0.670000,0.673810] 
 2.825931 8.702823 7.155362 @ 0.953859 C[0.670000,0.670000,0.673810] 
 -0.192087 -3.086524 8.406598 @ 1.082024 C[0.670000,0.670000,0.673810] 
 9.661643 -5.041873 -0.203037 @ 0.966961 C[0.670000,0.670000,0.673810] 
 4.691153 4.363735 3.828075 @ 0.849128 C[0.670000,0.670000,0.673810] 
 -2.478390 0.823372 -1.172446 @ 1.101319 C[0.670000,0.670000,0.673810] 
 -3.383983 -0.710053 -8.240289 @ 1.082942 C[0.670000,0.670000,0.673810] 
 1.092913 -0.220534 3.866043 @ 1.118060 C[0.670000,0.670000,0.673810] 
 5.504804 -9.654168 -0.476720 @ 1.148545 C[0.670000,0.670000,0.673810] 
 -5.429353 -9.296248 0.183778 @ 1.008085 C[0.670000,0.670000,0.673810] 
 -5.313806 7.394937 7.619367 @ 0.738278 C[0.670000,0.670000,0.673810] 
 2.929102 2.153817 9.552733 @ 0.992924 C[0.670000,0.670000,0.673810] 
 7.650633 3.469029 -2.704333 @ 1.156346 C[0.670000,0.670000,0.673810] 
 3.711637 3.701017 -1.838866 @ 0.893106 C[0.670000,0.670000,0.673810] 
 -7.386591 5.209648 -4.691733 @ 1.139983 C[0.670000,0.670000,0.673810] 
 5.555638 0.396045 5.100851 @ 0.888236 C[0.670000,0.670000,0.673810] 
 4.775405 0.657918 2.622982 @ 1.030198 C[0.670000,0.670000,0.673810] 
 1.319887 -9.108291 2.854972 @ 0.916014 C[0.670000,0.670000,0.673810] 
 0.348167 2.989676 -1.420166 @ 0.967160 C[0.670000,0.670000,0.673810] 
 -5.060332 7.301629 -9.467073 @ 1.057365 C[0.670000,0.670000,0.673810] 
 7.849273 6.115899 -4.311716 @ 1.006573 C[0.670000,0.670000,0.673810] 
 8.996568 -6.904790 4.779500 @ 0.930912 C[0.670000,0.670000,0.673810] 
 -9.212428 -0.065302 5.689907 @ 0.885876 C[0.670000,0.670000,0.673810] 
 -4.171416 0.988722 1.010913 @ 0.940500 C[0.670000,0.670000,0.673810] 
 4.808454 -6.432247 -4.552933 @ 1.087669 C[0.670000,0.670000,0.673810] 
 5.557647 -6.684123 2.218972 @ 0.927660 C[0.670000,0.670000,0.673810] 
 2.149695 -5.022999 0.064657 @ 1.051501 C[0.670000,0.670000,0.673810] 
 -3.046481 -0.139895 9.012315 @ 0.870206 C[0.670000,0.670000,0.673810] 
 -1.810087 6.032847 -5.684173 @ 1.027992 C[0.670000,0.670000,0.673810] 
 9.547761 4.180039 4.756811 @ 1.075526 C[0.670000,0.670000,0.673810] 
 -8.806301 0.093655 -2.330538 @ 0.947945 C[0.670000,0.670000,0.673810] 
 4.415714 -3.305344 -3.011914 @ 1.083959 C[0.670000,0.670000,0.673810] 
 8.340547 -4.991028 -3.090606 @ 0.955195 C[0.670000,0.670000,0.673810] 
 2.588940 2.004816 -8.537484 @ 1.109338 C[0.670000,0.670000,0.673810] 
 3.267453 -4.237933 -7.536060 @ 0.996082 C[0.670000,0.670000,0.673810] 
 -9.458257 -7.236167 7.673934 @ 0.906211 C[0.670000,0.670000,0.673810] 
 -6.946179 1.971894 -4.838443 @ 0.924428 C[0.670000,0.670000,0.673810] 
 -4.247134 -5.506516 -9.142431 @ 0.881092 C[0.670000,0.670000,0.673810] 
 6.022493 8.192715 8.248366 @ 1.262649 C[0.670000,0.670000,0.673810] 
 -1.046081 1.818411 -9.255154 @ 0.967312 C[0.670000,0.670000,0.673810] 
 9.768338 -6.663230 -4.776016 @ 1.227926 C[0.670000,0.670000,0.673810] 
 3.105353 9.530130 -3.225056 @ 0.859866 C[0.670000,0.670000,0.673810] 
 -2.733834 -2.447186 -4.721268 @ 1.018814 C[0.670000,0.670000,0.673810] 
 -1.096961 -3.265514 3.786644 @ 0.990027 C[0.670000,0.670000,0.673810] 
 7.855243 -9.793487 -8.582375 @ 1.082121 C[0.670000,0.670000,0.673810] 
 -6.684794 3.168985 -2.531070 @ 0.954618 C[0.670000,0.670000,0.673810] 
 1.159702 -5.779029 -4.831125 @ 0.869916 C[0.670000,0.670000,0.673810] 
 -2.815953 -0.060826 5.090850 @ 0.902265 C[0.670000,0.670000,0.673810] 
 -4.677548 2.103928 10.082257 @ 1.048649 C[0.670000,0.670000,0.673810] 
 6.391926 1.435320 -6.018958 @ 0.920354 C[0.670000,0.670000,0.673810] 
 9.573058 -1.961724 -6.166000 @ 1.116305 C[0.670000,0.670000,0.673810] 
 -4.625879 0.862407 -0.758048 @ 0.795945 C[0.670000,0.670000,0.673810] 
 5.422051 7.771833 5.858962 @ 0.817765 C[0.670000,0.670000,0.673810] 
 4.878856 -4.536542 -5.729325 @ 1.016980 C[0.670000,0.670000,0.673810] 
 -0.620069 1.031968 -0.132919 @ 0.951023 C[0.670000,0.670000,0.673810] 
 9.311112 0.630584 -8.668390 @ 0.957660 C[0.670000,0.670000,0.673810] 
 6.069717 0.106932 7.328818 @ 1.014444 C[0.670000,0.670000,0.673810] 
 -2.883041 -2.790612 7.093324 @ 0.866985 C[0.670000,0.670000,0.673810] 
 -4.427973 -3.565463 -7.916533 @ 1.280942 C[0.670000,0.670000,0.673810] 
 6.390965 8.068913 -0.324075 @ 0.966712 C[0.670000,0.670000,0.673810] 
 -4.287690 5.927936 -2.064829 @ 1.232161 C[0.670000,0.670000,0.673810] 
 0.368768 3.483404 -5.415196 @ 0.841235 C[0.670000,0.670000,0.673810] 
 4.080505 -5.997516 0.102899 @ 0.973359 C[0.670000,0.670000,0.673810] 
 -3.921576 6.514063 -5.905743 @ 1.067167 C[0.670000,0.670000,0.673810] 
 -4.126559 -5.731644 -0.209535 @ 1.022428 C[0.670000,0.670000,0.673810] 
 -8.205816 9.301653 6.403646 @ 0.978584 C[0.670000,0.670000,0.673810] 
 8.945568 -6.476933 7.298304 @ 1.012583 C[0.670000,0.670000,0.673810] 
 -5.569487 -6.928336 3.235879 @ 1.073472 C[0.670000,0.670000,0.673810] 
 1.612005 -4.085822 -5.913829 @ 1.147392 C[0.670000,0.670000,0.673810] 
 1.520963 1.125628 0.175757 @ 1.117484 C[0.670000,0.670000,0.673810] 
 8.037504 8.970660 -1.275584 @ 1.053724 C[0.670000,0.670000,0.673810] 
 3.272918 -3.949552 8.047192 @ 0.918474 C[0.670000,0.670000,0.673810] 
 4.646848 4.381803 9.866196 @ 0.786787 C[0.670000,0.670000,0.673810] 
 0.050575 0.421644 1.898229 @ 1.061141 C[0.670000,0.670000,0.673810] 
 3.340232 -4.675229 -4.346982 @ 1.001033 C[0.670000,0.670000,0.673810] 
 7.912012 -6.620410 -0.247220 @ 0.948312 C[0.670000,0.670000,0.673810] 
 -0.654880 2.559920 8.971376 @ 1.062710 C[0.670000,0.670000,0.673810] 
 9.756244 -6.741782 9.473516 @ 1.184238 C[0.670000,0.670000,0.673810] 
 -5.891504 -0.479919 -4.084665 @ 1.042379 C[0.670000,0.670000,0.673810] 
 -1.939479 5.118027 -3.414407 @ 0.866257 C[0.670000,0.670000,0.673810] 
 9.578102 -1.192403 8.595854 @ 1.042910 C[0.670000,0.670000,0.673810] 
 -0.882988 1.829109 -2.035166 @ 0.806903 C[0.670000,0.670000,0.673810] 
 -6.568046 5.770632 -2.755188 @ 0.963520 C[0.670000,0.670000,0.673810] 
 -9.685655 7.035922 -8.085491 @ 1.143309 C[0.670000,0.670000,0.673810] 
 3.809653 -0.282599 -1.615085 @ 0.909483 C[0.670000,0.670000,0.673810] 
 1.939633 7.879059 -7.223857 @ 1.036370 C[0.670000,0.670000,0.673810] 
 -8.568821 4.978230 9.199813 @ 1.026510 C[0.670000,0.670000,0.673810] 
 -7.315514 -6.142615 0.128537 @ 0.934322 C[0.670000,0.670000,0.673810] 
 -7.191574 4.601860 -6.877816 @ 1.015899 C[0.670000,0.670000,0.673810] 
 8.640783 1.044939 0.558570 @ 1.002158 C[0.670000,0.670000,0.673810] 
 2.287473 0.645953 6.028424 @ 0.990451 C[0.670000,0.670000,0.673810] 
 7.699285 1.112269 -7.407162 @ 0.966910 C[0.670000,0.670000,0.673810] 
 1.227542 -9.522571 -7.980356 @ 1.083805 C[0.670000,0.670000,0.673810] 
 8.399635 7.262959 4.898446 @ 0.991387 C[0.670000,0.670000,0.673810] 
 -7.546652 4.816932 6.528019 @ 1.013278 C[0.670000,0.670000,0.673810] 
 -5.169583 1.267249 -8.160054 @ 1.067900 C[0.670000,0.670000,0.673810] 
 -5.590420 -6.835154 1.001208 @ 1.109390 C[0.670000,0.670000,0.673810] 
 5.167478 5.502304 0.802359 @ 1.050595 C[0.670000,0.670000,0.673810] 
 10.032521 2.011300 1.754636 @ 1.052183 C[0.670000,0.670000,0.673810] 
 -2.659032 -3.886492 5.306017 @ 0.939395 C[0.670000,0.670000,0.673810] 
 5.064815 5.882231 8.948041 @ 0.854097 C[0.670000,0.670000,0.673810] 
 1.373418 -3.611355 -8.445175 @ 0.932962 C[0.670000,0.670000,0.673810] 
 -7.558290 6.516574 -7.577441 @ 1.006606 C[0.670000,0.670000,0.673810] 
 -0.850905 0.496514 3.901477 @ 0.929038 C[0.670000,0.670000,0.673810] 
 -7.320600 3.791549 3.185595 @ 1.026459 C[0.670000,0.670000,0.673810] 
 8.717264 -1.846292 2.151914 @ 0.941881 C[0.670000,0.670000,0.673810] 
 -4.771427 9.572428 7.421112 @ 0.919237 C[0.670000,0.670000,0.673810] 
 -2.911055 6.517745 0.188752 @ 1.216801 C[0.670000,0.670000,0.673810] 
 -7.213073 -8.409566 0.986711 @ 1.079113 C[0.670000,0.670000,0.673810] 
 2.581219 -3.449664 5.027885 @ 0.831786 C[0.670000,0.670000,0.673810] 
 9.781726 1.710661 -4.577834 @ 1.023590 C[0.670000,0.670000,0.673810] 
 -6.789804 8.740249 0.103662 @ 1.137583 C[0.670000,0.670000,0.673810] 
 -7.346915 6.736857 1.043974 @ 1.024873 C[0.670000,0.670000,0.673810] 
 -5.526060 -6.419541 9.812750 @ 1.048048 C[0.670000,0.670000,0.673810] 
 -5.372250 -4.022156 -5.689740 @ 0.944699 C[0.670000,0.670000,0.673810] 
 2.536755 -4.385697 -2.007584 @ 1.006739 C[0.670000,0.670000,0.673810] 
 8.207722 -2.624525 -2.778166 @ 1.055994 C[0.670000,0.670000,0.673810] 
 6.336395 -8.015133 -8.140455 @ 1.149340 C[0.670000,0.670000,0.673810] 
 3.316913 2.643891 3.741937 @ 1.112214 C[0.670000,0.670000,0.673810] 
 7.136325 8.927124 5.492331 @ 1.064953 C[0.670000,0.670000,0.673810] 
 -6.210168 3.636497 -4.527784 @ 0.802745 C[0.670000,0.670000,0.673810] 
 -9.930253 -3.265163 8.510018 @ 0.917058 C[0.670000,0.670000,0.673810] 
 -9.788932 -3.737367 6.779183 @ 0.838674 C[0.670000,0.670000,0.673810] 
 -5.853607 -7.367668 8.025486 @ 0.913185 C[0.670000,0.670000,0.673810] 
 -7.199905 -1.366897 6.748979 @ 1.102599 C[0.670000,0.670000,0.673810] 
 7.192540 2.205198 8.618557 @ 1.060175 C[0.670000,0.670000,0.673810] 
 1.305658 -6.455411 2.455249 @ 0.939700 C[0.670000,0.670000,0.673810] 
 0.829978 0.155837 7.268519 @ 0.836949 C[0.670000,0.670000,0.673810] 
 -0.999165 4.062346 -9.361077 @ 1.140819 C[0.670000,0.670000,0.673810] 
 2.289044 -1.009841 7.693175 @ 1.049992 C[0.670000,0.670000,0.673810] 
 -8.442812 -3.384792 -3.420761 @ 1.064920 C[0.670000,0.670000,0.673810] 
 0.640523 0.398244 -8.261770 @ 1.103750 C[0.670000,0.670000,0.673810] 
 7.732898 -7.518917 -10.032521 @ 0.982452 C[0.670000,0.670000,0.673810] 
 8.187412 9.767986 -5.409651 @ 0.806197 C[0.670000,0.670000,0.673810] 
 -9.278163 5.575324 5.599096 @ 1.027808 C[0.670000,0.670000,0.673810] 
 -2.357286 -7.875543 -4.111722 @ 1.026420 C[0.670000,0.670000,0.673810] 
 -9.036166 -7.794419 -9.522891 @ 0.964001 C[0.670000,0.670000,0.673810] 
 -0.424799 -8.836994 -6.864736 @ 0.921901 C[0.670000,0.670000,0.673810] 
 8.724645 0.196856 2.933279 @ 1.198544 C[0.670000,0.670000,0.673810] 
 8.519976 6.768855 -8.759635 @ 0.979218 C[0.670000,0.670000,0.673810] 
 -8.457347 6.541637 -2.980936 @ 1.040276 C[0.670000,0.670000,0.673810] 
 -3.741912 2.392021 -0.586135 @ 0.966310 C[0.670000,0.670000,0.673810] 
 -7.251145 -0.855216 -9.545591 @ 1.043455 C[0.670000,0.670000,0.673810] 
 -1.146520 -2.261355 0.310579 @ 0.865478 C[0.670000,0.670000,0.673810] 
 6.267820 -7.592254 -3.620999 @ 0.980407 C[0.670000,0.670000,0.673810] 
 4.023991 1.735978 5.818340 @ 0.930381 C[0.670000,0.670000,0.673810] 
 5.049024 2.282224 8.210850 @ 1.101226 C[0.670000,0.670000,0.673810] 
 8.414962 -0.722599 -7.469188 @ 0.979494 C[0.670000,0.670000,0.673810] 
 -8.889674 -5.742311 -1.118024 @ 1.036635 C[0.670000,0.670000,0.673810] 
 -2.180632 -8.854745 -7.381009 @ 0.878555 C[0.670000,0.670000,0.673810] 
 4.880102 -5.130640 9.276300 @ 0.951992 C[0.670000,0.670000,0.673810] 
 2.509187 -0.213251 -4.344224 @ 1.146895 C[0.670000,0.670000,0.673810] 
 -7.951532 -2.551892 0.256000 @ 0.890318 C[0.670000,0.670000,0.673810] 
 -8.766324 -3.827742 -1.545735 @ 0.833816 C[0.670000,0.670000,0.673810] 
 -7.080268 2.653214 -7.654192 @ 1.041111 C[0.670000,0.670000,0.673810] 
 4.531555 8.210621 -3.610451 @ 0.946796 C[0.670000,0.670000,0.673810] 
 8.170673 3.291748 3.688324 @ 0.865125 C[0.670000,0.670000,0.673810] 
 8.704451 1.631025 9.912957 @ 0.847178 C[0.670000,0.670000,0.673810] 
 -2.277075 9.335615 7.836338 @ 0.814757 C[0.670000,0.670000,0.673810] 
 6.435088 5.098800 2.788121 @ 1.175773 C[0.670000,0.670000,0.673810] 
 1.522449 6.071647 -7.546105 @ 0.835141 C[0.670000,0.670000,0.673810] 
 0.239774 -2.767392 -7.059817 @ 1.024932 C[0.670000,0.670000,0.673810] 
 5.399962 3.424316 -3.347258 @ 0.902771 C[0.670000,0.670000,0.673810] 
 -0.268840 5.198298 6.783050 @ 0.975088 C[0.670000,0.670000,0.673810] 
 -7.474781 -5.083667 -2.490598 @ 1.014987 C[0.670000,0.670000,0.673810] 
 9.436623 8.513290 -9.336339 @ 1.065061 C[0.670000,0.670000,0.673810] 
 0.549020 -5.143278 6.564682 @ 1.060485 C[0.670000,0.670000,0.673810] 
 -2.329416 -1.937459 5.344617 @ 1.028496 C[0.670000,0.670000,0.673810] 
 -8.524828 3.538435 5.033983 @ 1.129128 C[0.670000,0.670000,0.673810] 
 -3.045254 3.089915 2.543500 @ 1.125513 C[0.670000,0.670000,0.673810] 
 -5.330419 -9.199319 -5.040923 @ 1.140215 C[0.670000,0.670000,0.673810] 
 -0.123237 -5.204997 3.067524 @ 0.955957 C[0.670000,0.670000,0.673810] 
 -2.766820 -4.496663 -1.456712 @ 1.120017 C[0.670000,0.670000,0.673810] 
 -8.243583 -3.664727 4.887673 @ 0.970951 C[0.670000,0.670000,0.673810] 
 -8.669763 1.521197 -9.083432 @ 1.115787 C[0.670000,0.670000,0.673810] 
 -8.137357 7.253594 6.455419 @ 0.980698 C[0.670000,0.670000,0.673810] 
 2.281031 -5.900237 -3.326689 @ 0.897824 C[0.670000,0.670000,0.673810] 
 4.212617 7.801917 4.252473 @ 1.076524 C[0.670000,0.670000,0.673810] 
 8.651380 -8.278151 6.324882 @ 1.046801 C[0.670000,0.670000,0.673810] 
 6.086294 -1.631507 -3.006489 @ 1.079571 C[0.670000,0.670000,0.673810] 
 -3.760144 7.908660 3.950586 @ 1.059189 C[0.670000,0.670000,0.673810] 
 -3.594786 9.029487 9.342295 @ 1.047281 C[0.670000,0.670000,0.673810] 
 -6.659638 -1.161293 -0.301569 @ 1.011411 C[0.670000,0.670000,0.673810] 
 0.848840 -0.767090 -3.365861 @ 0.856708 C[0.670000,0.670000,0.673810] 
 -6.562805 0.325830 -6.026258 @ 0.968894 C[0.670000,0.670000,0.673810] 
 -9.896949 3.282254 9.678483 @ 1.126860 C[0.670000,0.670000,0.673810] 
 -9.310754 -1.595586 -9.821050 @ 1.082157 C[0.670000,0.670000,0.673810] 
 -8.002375 -2.523171 2.824275 @ 1.131975 C[0.670000,0.670000,0.673810] 
 6.219813 5.299179 -3.051687 @ 1.061144 C[0.670000,0.670000,0.673810] 
 6.800127 -0.542244 3.599030 @ 0.928534 C[0.670000,0.670000,0.673810] 
 -0.256623 -4.661062 -8.153004 @ 0.937305 C[0.670000,0.670000,0.673810] 
 -2.997455 -7.601224 -6.114932 @ 1.043699 C[0.670000,0.670000,0.673810] 
 -3.653591 -3.043678 -2.848996 @ 1.043280 C[0.670000,0.670000,0.673810] 
 -1.117522 -4.607250 -9.886454 @ 0.981842 C[0.670000,0.670000,0.673810] 
 1.422106 4.863391 -3.728098 @ 0.969557 C[0.670000,0.670000,0.673810] 
 0.991043 -6.024335 4.664865 @ 0.969141 C[0.670000,0.670000,0.673810] 
 9.482728 -9.019432 -9.831881 @ 1.069339 C[0.670000,0.670000,0.673810] 
 6.872354 -9.319317 -2.170919 @ 0.972174 C[0.670000,0.670000,0.673810] 
 -7.792827 0.870128 -0.675868 @ 1.086005 C[0.670000,0.670000,0.673810] 
 -3.555168 6.780818 -8.069683 @ 0.920576 C[0.670000,0.670000,0.673810] 
 6.246605 9.778604 -4.338346 @ 1.105908 C[0.670000,0.670000,0.673810] 
 -8.411714 -8.873894 5.011351 @ 0.956986 C[0.670000,0.670000,0.673810] 
 -7.990056 -0.653759 -4.435545 @ 1.008837 C[0.670000,0.670000,0.673810] 
 9.654981 6.268121 -0.945795 @ 0.920347 C[0.670000,0.670000,0.673810] 
 0.230866 7.357470 5.133575 @ 1.009296 C[0.670000,0.670000,0.673810] 
 -5.268554 -6.310850 6.330576 @ 1.113227 C[0.670000,0.670000,0.673810] 
 -7.517089 1.181116 -3.139517 @ 0.918570 C[0.670000,0.670000,0.673810] 
 3.219658 -5.183015 6.465180 @ 0.995901 C[0.670000,0.670000,0.673810] 
 -6.463385 -2.361129 4.724950 @ 1.145739 C[0.670000,0.670000,0.673810] 
 -1.917454 -8.258809 2.174069 @ 1.025304 C[0.670000,0.670000,0.673810] 
 -7.058985 3.271437 -9.807350 @ 1.015695 C[0.670000,0.670000,0.673810] 
 -8.820487 -9.020434 -2.028977 @ 0.977959 C[0.670000,0.670000,0.673810] 
 -7.883765 -3.642354 7.000660 @ 0.950398 C[0.670000,0.670000,0.673810] 
 6.671786 9.659185 -6.517927 @ 1.016614 C[0.670000,0.670000,0.673810] 
 -0.557370 -3.565030 -5.297305 @ 0.994543 C[0.670000,0.670000,0.673810] 
 5.639729 0.000425 -0.962080 @ 1.052804 C[0.670000,0.670000,0.673810] 
 9.234950 -2.217676 -8.757062 @ 1.039117 C[0.670000,0.670000,0.673810] 
 -1.814782 -1.685558 8.603602 @ 1.059408 C[0.670000,0.670000,0.673810] 
 0.827304 -5.696524 -9.432966 @ 1.026493 C[0.670000,0.670000,0.673810] 
 4.196625 -0.167089 6.453918 @ 1.050776 C[0.670000,0.670000,0.673810] 
 2.888430 -5.670649 4.426278 @ 0.880641 C[0.670000,0.670000,0.673810] 
 -5.875868 -3.011845 7.936335 @ 1.213992 C[0.670000,0.670000,0.673810] 
 -1.579390 8.637972 9.910505 @ 1.026904 C[0.670000,0.670000,0.673810] 
 -0.608909 -2.375106 -3.428751 @ 1.071010 C[0.670000,0.670000,0.673810] 
 3.711198 9.154687 -1.372680 @ 1.038160 C[0.670000,0.670000,0.673810] 
 8.132968 7.695856 7.192308 @ 1.085229 C[0.670000,0.670000,0.673810] 
 3.533509 0.564057 4.291956 @ 1.048411 C[0.670000,0.670000,0.673810] 
 0.813887 -4.066760 4.754408 @ 0.945564 C[0.670000,0.670000,0.673810] 
 -8.903847 -8.928520 8.796646 @ 1.064685 C[0.670000,0.670000,0.673810] 
 -5.495317 9.144327 -2.099300 @ 0.957721 C[0.670000,0.670000,0.673810] 
 7.843570 0.480810 4.985210 @ 0.928958 C[0.670000,0.670000,0.673810] 
 -7.224151 8.253705 -6.378421 @ 0.820001 C[0.670000,0.670000,0.673810] 
 -9.380254 -7.114825 5.684650 @ 0.989609 C[0.670000,0.670000,0.673810] 
 3.861557 4.065866 2.113600 @ 0.942970 C[0.670000,0.670000,0.673810] 
 3.507473 3.395713 -3.994108 @ 1.000742 C[0.670000,0.670000,0.673810] 
 -1.119393 2.208939 2.677777 @ 0.980325 C[0.670000,0.670000,0.673810] 
 5.162051 6.190674 7.066958 @ 1.018362 C[0.670000,0.670000,0.673810] 
 -5.288093 6.635500 0.543959 @ 1.065078 C[0.670000,0.670000,0.673810] 
 6.759327 -8.940705 6.301581 @ 0.957758 C[0.670000,0.670000,0.673810] 
 -7.950613 1.052738 4.797953 @ 1.010032 C[0.670000,0.670000,0.673810] 
 2.307844 -1.935666 -7.393111 @ 0.965670 C[0.670000,0.670000,0.673810] 
 0.637708 9.212790 1.647986 @ 0.998324 C[0.670000,0.670000,0.673810] 
 -8.563000 7.046903 -0.779502 @ 1.117660 C[0.670000,0.670000,0.673810] 
 -2.133565 9.309320 -3.177306 @ 1.064651 C[0.670000,0.670000,0.673810] 
 0.448680 5.248377 1.576068 @ 0.679776 C[0.670000,0.670000,0.673810] 
 -4.258113 -2.355443 2.147186 @ 0.924556 C[0.670000,0.670000,0.673810] 
 -4.089605 5.177916 -9.516985 @ 0.955503 C[0.670000,0.670000,0.673810] 
 -4.381310 -4.739278 9.193730 @ 0.923611 C[0.670000,0.670000,0.673810] 
 -4.738558 -0.195190 -10.073280 @ 1.095344 C[0.670000,0.670000,0.673810] 
 3.222491 6.447659 -0.809857 @ 0.992277 C[0.670000,0.670000,0.673810] 
 -3.877604 -4.605882 7.153463 @ 1.147063 C[0.670000,0.670000,0.673810] 
 -1.727938 2.732946 -6.940478 @ 1.107491 C[0.670000,0.670000,0.673810] 
 -9.914689 8.603960 2.045554 @ 0.887856 C[0.670000,0.670000,0.673810] 
 -0.113847 2.552155 1.009096 @ 0.995760 C[0.670000,0.670000,0.673810] 
 2.053262 5.245015 2.164190 @ 0.999792 C[0.670000,0.670000,0.673810] 
 -0.170413 5.295103 -4.901130 @ 0.919890 C[0.670000,0.670000,0.673810] 
 -6.254644 -3.773872 6.047591 @ 0.773753 C[0.670000,0.670000,0.673810] 
 -1.586411 5.557288 9.493279 @ 0.916861 C[0.670000,0.670000,0.673810] 
 8.484367 6.218961 0.597132 @ 0.964230 C[0.670000,0.670000,0.673810] 
 -2.086487 6.597507 -1.985794 @ 0.945822 C[0.670000,0.670000,0.673810] 
 2.903027 3.241783 -6.154792 @ 1.070903 C[0.670000,0.670000,0.673810] 
 -3.371478 4.170644 -2.961732 @ 0.863649 C[0.670000,0.670000,0.673810] 
 0.161074 -8.764248 8.498003 @ 0.893210 C[0.670000,0.670000,0.673810] 
 3.593462 -8.459874 2.319484 @ 1.043924 C[0.670000,0.670000,0.673810] 
 9.038968 -6.091653 -1.742240 @ 0.871636 C[0.670000,0.670000,0.673810] 
 5.489575 -2.174755 8.628507 @ 0.818886 C[0.670000,0.670000,0.673810] 
 -0.326586 1.171219 -6.339066 @ 0.977349 C[0.670000,0.670000,0.673810] 
 3.175058 -5.362888 1.730798 @ 0.871806 C[0.670000,0.670000,0.673810] 
 -7.625273 -6.772871 2.295412 @ 1.049946 C[0.670000,0.670000,0.673810] 
 -5.012137 4.619077 -6.073666 @ 0.960117 C[0.670000,0.670000,0.673810] 
 5.003607 -7.899363 0.730481 @ 1.026461 C[0.670000,0.670000,0.673810] 
 0.384656 -1.025683 8.815303 @ 1.085980 C[0.670000,0.670000,0.673810] 
 7.878930 1.157756 -3.081743 @ 0.984150 C[0.670000,0.670000,0.673810] 
 9.438260 5.817731 -5.471642 @ 0.909636 C[0.670000,0.670000,0.673810] 
 0.297233 -6.119988 -2.603740 @ 1.075558 C[0.670000,0.670000,0.673810] 
 -7.727944 -8.603536 2.977931 @ 0.857333 C[0.670000,0.670000,0.673810] 
 -5.209156 5.992541 -4.193555 @ 0.960335 C[0.670000,0.670000,0.673810] 
 -8.482173 1.040166 -6.749585 @ 0.967176 C[0.670000,0.670000,0.673810] 
 7.018738 -3.593327 2.580831 @ 1.016342 C[0.670000,0.670000,0.673810] 
 4.463433 -8.836136 -3.125263 @ 1.017672 C[0.670000,0.670000,0.673810] 
 -9.306525 -9.503858 3.062060 @ 0.858473 C[0.670000,0.670000,0.673810] 
 3.855056 -9.147090 -5.081445 @ 1.030169 C[0.670000,0.670000,0.673810] 
 7.268645 -6.162480 -4.792219 @ 1.101638 C[0.670000,0.670000,0.673810] 
 -3.694646 -9.093479 -3.456338 @ 0.888843 C[0.670000,0.670000,0.673810] 
 -4.451360 -4.832371 -3.939042 @ 1.116624 C[0.670000,0.670000,0.673810] 
 -0.731748 -5.092684 8.313231 @ 0.994740 C[0.670000,0.670000,0.673810] 
 -4.396394 1.296895 4.133362 @ 0.895418 C[0.670000,0.670000,0.673810] 
 8.388424 -3.957222 -4.963321 @ 1.138891 C[0.670000,0.670000,0.673810] 
 4.876691 7.179650 -1.594218 @ 0.974891 C[0.670000,0.670000,0.673810] 
 -3.085974 -8.557717 7.696624 @ 0.840323 C[0.670000,0.670000,0.673810] 
 -9.640929 4.782321 -4.439938 @ 0.958958 C[0.670000,0.670000,0.673810] 
 -9.422859 3.373480 -7.913055 @ 0.969853 C[0.670000,0.670000,0.673810] 
 -3.820928 8.116714 -2.333940 @ 1.015555 C[0.670000,0.670000,0.673810] 
 -8.580952 3.300686 -3.914072 @ 0.922741 C[0.670000,0.670000,0.673810] 
 2.277262 6.622920 3.753463 @ 1.100160 C[0.670000,0.670000,0.673810] 
 -1.975212 6.577086 4.456062 @ 1.069053 C[0.670000,0.670000,0.673810] 
 -8.217837 4.584149 -2.135609 @ 0.892450 C[0.670000,0.670000,0.673810] 
 7.648938 4.350231 -8.684733 @ 1.014312 C[0.670000,0.670000,0.673810] 
 6.470176 2.045989 6.132412 @ 1.084649 C[0.670000,0.670000,0.673810] 
 3.480843 -1.284987 2.186758 @ 1.132906 C[0.670000,0.670000,0.673810] 
 -4.869193 -2.597210 -4.316106 @ 0.884443 C[0.670000,0.670000,0.673810] 
 -7.416471 -6.193483 -6.503832 @ 0.862454 C[0.670000,0.670000,0.673810] 
 1.359084 7.851693 -1.718170 @ 0.678902 C[0.670000,0.670000,0.673810] 
 7.163189 -7.840599 1.318111 @ 1.138950 C[0.670000,0.670000,0.673810] 
 7.501481 -5.815877 5.139520 @ 0.830937 C[0.670000,0.670000,0.673810] 
 6.859184 -5.264996 6.772756 @ 0.935807 C[0.670000,0.670000,0.673810] 
 -4.614832 -3.531785 5.421857 @ 0.979738 C[0.670000,0.670000,0.673810] 
 6.258114 -1.704482 -0.902135 @ 0.717774 C[0.670000,0.670000,0.673810] 
 -4.254457 4.402355 0.728929 @ 0.990355 C[0.670000,0.670000,0.673810] 
 9.869759 -6.920550 -0.330699 @ 0.900689 C[0.670000,0.670000,0.673810] 
 -9.702190 -0.050252 -5.557609 @ 1.042209 C[0.670000,0.670000,0.673810] 
 -5.867462 -5.283358 8.060895 @ 0.944832 C[0.670000,0.670000,0.673810] 
 -6.160001 -2.827479 1.220324 @ 0.897740 C[0.670000,0.670000,0.673810] 
 -7.321736 -7.847679 6.587186 @ 1.196798 C[0.670000,0.670000,0.673810] 
 -0.682063 -1.319479 7.070933 @ 0.875137 C[0.670000,0.670000,0.673810] 
 3.916043 4.854015 -7.560226 @ 0.973999 C[0.670000,0.670000,0.673810] 
 -1.782614 8.756427 4.434907 @ 1.024067 C[0.670000,0.670000,0.673810] 
 -1.991052 2.140691 4.798388 @ 1.192081 C[0.670000,0.670000,0.673810] 
 -8.571181 5.410466 3.644376 @ 0.946633 C[0.670000,0.670000,0.673810] 
 4.501678 8.181497 0.353413 @ 1.026476 C[0.670000,0.670000,0.673810] 
 1.075008 9.141161 6.403557 @ 0.994630 C[0.670000,0.670000,0.673810] 
 -6.067235 6.340250 5.982784 @ 1.060409 C[0.670000,0.670000,0.673810] 
 3.623566 1.514602 -4.887143 @ 0.898169 C[0.670000,0.670000,0.673810] 
 -4.006966 -8.259557 2.225042 @ 0.952387 C[0.670000,0.670000,0.673810] 
 4.039699 -7.540573 9.228029 @ 0.830289 C[0.670000,0.670000,0.673810] 
 -1.523459 -9.137381 -0.550671 @ 1.139442 C[0.670000,0.670000,0.673810] 
 -9.819321 -5.106464 5.057238 @ 1.145120 C[0.670000,0.670000,0.673810] 
 -1.789932 0.657778 -7.643725 @ 0.938598 C[0.670000,0.670000,0.673810] 
 0.517960 4.201318 0.399102 @ 0.856379 C[0.670000,0.670000,0.673810] 
 -6.409957 -0.629787 8.671228 @ 1.033852 C[0.670000,0.670000,0.673810] 
 -1.217402 -9.149847 -4.813042 @ 0.740115 C[0.670000,0.670000,0.673810] 
 -6.189437 0.679287 0.835662 @ 1.103236 C[0.670000,0.670000,0.673810] 
 -9.144958 -6.057314 0.827776 @ 0.921404 C[0.670000,0.670000,0.673810] 
 -3.150023 1.049037 -9.299842 @ 0.942099 C[0.670000,0.670000,0.673810] 
 9.065523 -4.886196 8.546158 @ 0.952919 C[0.670000,0.670000,0.673810] 
 -7.323202 -4.598868 1.521240 @ 1.027290 C[0.670000,0.670000,0.673810] 
 -0.748837 4.900364 -0.811332 @ 0.987306 C[0.670000,0.670000,0.673810] 
 5.393699 -3.915329 -9.255501 @ 0.901639 C[0.670000,0.670000,0.673810] 
 2.301274 -2.265858 -2.871815 @ 1.178671 C[0.670000,0.670000,0.673810] 
 5.078005 1.916431 4.352313 @ 0.825243 C[0.670000,0.670000,0.673810] 
 8.851550 -3.599967 9.947743 @ 0.884367 C[0.670000,0.670000,0.673810] 
 -3.183642 -9.263310 -9.043201 @ 1.067012 C[0.670000,0.670000,0.673810] 
 -7.910824 -6.016301 -9.752225 @ 1.059194 C[0.670000,0.670000,0.673810] 
 -8.061826 8.484870 8.350658 @ 1.082138 C[0.670000,0.670000,0.673810] 
 -5.557225 4.030967 -1.056000 @ 1.082839 C[0.670000,0.670000,0.673810] 
 4.744430 9.579464 -9.175530 @ 0.947225 C[0.670000,0.670000,0.673810] 
 3.894192 9.536522 8.762509 @ 1.056200 C[0.670000,0.670000,0.673810] 
 3.745364 -2.032387 6.731321 @ 0.843137 C[0.670000,0.670000,0.673810] 
 1.685003 5.610366 6.015502 @ 1.095785 C[0.670000,0.670000,0.673810] 
 7.712981 -8.781460 -0.529678 @ 0.947022 C[0.670000,0.670000,0.673810] 
 1.233246 -2.421649 3.565840 @ 1.081302 C[0.670000,0.670000,0.673810] 
 -4.751582 -8.458694 6.778041 @ 0.829423 C[0.670000,0.670000,0.673810] 
 -8.898477 -0.936582 -0.579670 @ 1.034078 C[0.670000,0.670000,0.673810] 
 1.667136 -8.149304 -5.838642 @ 1.375597 C[0.670000,0.670000,0.673810] 
 5.980965 -2.369423 -5.115488 @ 1.029079 C[0.670000,0.670000,0.673810] 
 0.074493 8.453072 -0.294952 @ 0.935107 C[0.670000,0.670000,0.673810] 
 9.381749 4.272026 0.989239 @ 1.066722 C[0.670000,0.670000,0.673810] 
 -9.337568 1.857261 6.368241 @ 1.029367 C[0.670000,0.670000,0.673810] 
 3.374455 6.698015 1.196145 @ 0.972695 C[0.670000,0.670000,0.673810] 
 -9.600244 3.887771 7.316606 @ 1.194707 C[0.670000,0.670000,0.673810] 
 5.064045 -2.853271 2.769410 @ 1.013334 C[0.670000,0.670000,0.673810] 
 1.173370 6.625088 -2.913561 @ 0.879526 C[0.670000,0.670000,0.673810] 
 3.315238 3.002812 7.175085 @ 0.981135 C[0.670000,0.670000,0.673810] 
 3.835557 3.555606 8.763058 @ 0.712487 C[0.670000,0.670000,0.673810] 
 -5.008417 -8.363060 -2.141251 @ 1.055808 C[0.670000,0.670000,0.673810] 
 -2.800008 -5.921842 -4.734266 @ 0.986374 C[0.670000,0.670000,0.673810] 
 4.688999 2.405498 -9.692663 @ 1.009278 C[0.670000,0.670000,0.673810] 
 6.811851 0.623828 1.907496 @ 0.997923 C[0.670000,0.670000,0.673810] 
 -2.950340 -2.584003 -9.668940 @ 1.198519 C[0.670000,0.670000,0.673810] 
 -5.331165 5.746970 -7.840919 @ 1.054784 C[0.670000,0.670000,0.673810] 
 4.314003 4.849439 -5.325769 @ 1.116320 C[0.670000,0.670000,0.673810] 
 -1.840359 4.278993 1.197405 @ 1.013372 C[0.670000,0.670000,0.673810] 
 6.274398 4.544900 -7.042447 @ 0.828125 C[0.670000,0.670000,0.673810] 
 -6.159198 -5.883729 -4.905667 @ 1.004916 C[0.670000,0.670000,0.673810] 
 6.812118 -3.938519 9.241417 @ 1.192689 C[0.670000,0.670000,0.673810] 
 3.471299 -9.452716 0.409833 @ 1.047660 C[0.670000,0.670000,0.673810] 
 -2.279399 -2.919405 1.672052 @ 0.987998 C[0.670000,0.670000,0.673810] 
 -6.735093 5.894818 2.904586 @ 1.032013 C[0.670000,0.670000,0.673810] 
 4.455645 5.982474 2.663724 @ 0.972505 C[0.670000,0.670000,0.673810] 
 2.342023 -0.969608 0.289666 @ 0.934980 C[0.670000,0.670000,0.673810] 
 7.941037 0.077497 9.107678 @ 0.956116 C[0.670000,0.670000,0.673810] 
 -0.957915 -1.268624 2.009564 @ 0.884994 C[0.670000,0.670000,0.673810] 
 1.587907 5.102413 -1.629878 @ 1.106005 C[0.670000,0.670000,0.673810] 
 -8.513408 1.271849 -4.826325 @ 0.775166 C[0.670000,0.670000,0.673810] 
 -9.843240 -5.674671 -8.232655 @ 1.021610 C[0.670000,0.670000,0.673810] 
 8.523398 -3.078134 7.548085 @ 1.095452 C[0.670000,0.670000,0.673810] 
 -3.858756 -7.608416 4.206334 @ 0.983395 C[0.670000,0.670000,0.673810] 
 5.408001 6.291362 -6.704956 @ 1.091608 C[0.670000,0.670000,0.673810] 
 -4.320600 -0.596760 -1.224832 @ 0.742271 C[0.670000,0.670000,0.673810] 
 6.342767 3.559554 4.397347 @ 1.052520 C[0.670000,0.670000,0.673810] 
 -3.080234 -7.531769 6.107317 @ 0.977349 C[0.670000,0.670000,0.673810] 
 -2.917915 -4.605447 -9.957755 @ 0.690294 C[0.670000,0.670000,0.673810] 
 -1.334986 -6.850057 0.387789 @ 0.988118 C[0.670000,0.670000,0.673810] 
 -9.108587 9.064226 -6.366764 @ 1.132886 C[0.670000,0.670000,0.673810] 
 -7.895745 9.561491 1.913650 @ 0.997439 C[0.670000,0.670000,0.673810] 
 6.259761 -4.873535 3.912302 @ 0.935168 C[0.670000,0.670000,0.673810] 
 3.131399 -1.296809 9.959311 @ 0.860612 C[0.670000,0.670000,0.673810] 
 3.289723 4.911675 0.435220 @ 0.914776 C[0.670000,0.670000,0.673810] 
 2.885298 8.952233 -9.392794 @ 1.007981 C[0.670000,0.670000,0.673810] 
 0.484732 5.963898 3.492756 @ 0.781643 C[0.670000,0.670000,0.673810] 
 7.960523 0.856023 7.201078 @ 0.896721 C[0.670000,0.670000,0.673810] 
 -2.540991 -5.839918 -9.050080 @ 0.850869 C[0.670000,0.670000,0.673810] 
 -5.125945 4.253712 2.778324 @ 1.209034 C[0.670000,0.670000,0.673810] 
 2.247108 3.126709 -0.467882 @ 1.090230 C[0.670000,0.670000,0.673810] 
 -1.038534 -6.668695 -5.509611 @ 0.906095 C[0.670000,0.670000,0.673810] 
 -6.468508 -6.759004 -8.529216 @ 0.960714 C[0.670000,0.670000,0.673810] 
 6.755184 5.663415 9.986200 @ 1.108588 C[0.670000,0.670000,0.673810] 
 -9.976020 -0.023107 1.187176 @ 1.037655 C[0.670000,0.670000,0.673810] 
 -9.299345 -2.020300 5.102811 @ 0.994431 C[0.670000,0.670000,0.673810] 
 6.796074 9.302839 2.875763 @ 0.862894 C[0.670000,0.670000,0.673810] 
 0.622440 -1.367527 5.699041 @ 0.993695 C[0.670000,0.670000,0.673810] 
 9.873215 8.979973 8.543826 @ 1.284612 C[0.670000,0.670000,0.673810] 
 9.345159 -0.527277 -0.811164 @ 0.965713 C[0.670000,0.670000,0.673810] 
 9.482958 8.059065 0.261600 @ 1.119979 C[0.670000,0.670000,0.673810] 
 9.638521 -1.326193 6.524169 @ 0.880652 C[0.670000,0.670000,0.673810] 
 2.165717 8.123041 0.085067 @ 1.127812 C[0.670000,0.670000,0.673810] 
 1.942837 8.081128 8.978429 @ 0.998691 C[0.670000,0.670000,0.673810] 
 -3.177185 3.526230 -8.568234 @ 1.091244 C[0.670000,0.670000,0.673810] 
 10.036818 -9.205977 -7.594955 @ 1.045426 C[0.670000,0.670000,0.673810] 
 3.963731 1.350734 -6.882601 @ 1.025330 C[0.670000,0.670000,0.673810] 
 -7.567084 -6.634015 8.406734 @ 0.955849 C[0.670000,0.670000,0.673810] 
 4.186326 1.744826 -0.908700 @ 0.975604 C[0.670000,0.670000,0.673810] 
 -3.958657 6.460266 6.461468 @ 0.908571 C[0.670000,0.670000,0.673810] 
 -0.525717 -3.177899 6.131116 @ 1.040303 C[0.670000,0.670000,0.673810] 
 3.890506 2.194882 1.231014 @ 1.079801 C[0.670000,0.670000,0.673810] 
 -6.069623 8.199072 8.928205 @ 0.946345 C[0.670000,0.670000,0.673810] 
 -4.161915 8.628590 -4.350442 @ 1.026901 C[0.670000,0.670000,0.673810] 
 2.567454 0.847890 2.382479 @ 1.102856 C[0.670000,0.670000,0.673810] 
 -6.882879 0.574919 2.966277 @ 1.104548 C[0.670000,0.670000,0.673810] 
 6.514239 7.873871 -8.362979 @ 1.337474 C[0.670000,0.670000,0.673810] 
 3.765513 7.350614 6.183958 @ 0.912672 C[0.670000,0.670000,0.673810] 
 0.522539 -3.752478 10.081967 @ 0.778995 C[0.670000,0.670000,0.673810] 
 7.546766 -0.178940 -9.275029 @ 0.841192 C[0.670000,0.670000,0.673810] 
 -4.080003 -9.098944 -7.063212 @ 1.027580 C[0.670000,0.670000,0.673810] 
 7.340479 -6.775838 3.322658 @ 1.041777 C[0.670000,0.670000,0.673810] 
 9.670749 -0.402410 4.661908 @ 0.834450 C[0.670000,0.670000,0.673810] 
 -9.901891 -2.952351 -0.484271 @ 0.817738 C[0.670000,0.670000,0.673810] 
 -1.016065 -3.834318 -0.587810 @ 0.864692 C[0.670000,0.670000,0.673810] 
 -6.219991 8.099496 2.214814 @ 1.032637 C[0.670000,0.670000,0.673810] 
 3.932587 -6.660942 3.187653 @ 0.937204 C[0.670000,0.670000,0.673810] 
 6.105495 1.772236 -4.202682 @ 0.942007 C[0.670000,0.670000,0.673810] 
 9.258424 -2.997550 5.683482 @ 0.827008 C[0.670000,0.670000,0.673810] 
 -6.867006 -4.705514 3.524389 @ 1.022367 C[0.670000,0.670000,0.673810] 
 5.835206 -8.279748 3.424704 @ 1.079346 C[0.670000,0.670000,0.673810] 
 6.303880 -3.545591 -1.988210 @ 0.944521 C[0.670000,0.670000,0.673810] 
 -3.790831 -7.390947 -8.151188 @ 0.942295 C[0.670000,0.670000,0.673810] 
 -3.716802 0.963017 -2.933847 @ 1.030873 C[0.670000,0.670000,0.673810] 
 -7.703905 -4.368853 -5.499702 @ 1.231252 C[0.670000,0.670000,0.673810] 
 7.444764 9.344760 9.629240 @ 1.001624 C[0.670000,0.670000,0.673810] 
 -0.815855 -4.211198 -2.419664 @ 1.009435 C[0.670000,0.670000,0.673810] 
 -1.337068 8.724642 1.190408 @ 1.060850 C[0.670000,0.670000,0.673810] 
 10.071473 3.306104 -0.786654 @ 1.011772 C[0.670000,0.670000,0.673810] 
 1.751863 -0.517831 -1.790149 @ 0.925084 C[0.670000,0.670000,0.673810] 
 -2.899506 -5.797326 -7.225524 @ 0.941448 C[0.670000,0.670000,0.673810] 
 2.755212 -0.103942 -8.094672 @ 1.033961 C[0.670000,0.670000,0.673810] 
 1.473393 -9.218606 -0.136305 @ 0.963906 C[0.670000,0.670000,0.673810] 
 -6.786564 -9.409786 8.219523 @ 1.064239 C[0.670000,0.670000,0.673810] 
 -1.222774 -6.785474 -7.667323 @ 1.045098 C[0.670000,0.670000,0.673810] 
 -3.073323 9.807617 2.983827 @ 0.984603 C[0.670000,0.670000,0.673810] 
 -1.651602 3.897850 7.742123 @ 0.993788 C[0.670000,0.670000,0.673810] 
 -7.393842 -4.422648 9.002507 @ 1.027178 C[0.670000,0.670000,0.673810] 
 8.692116 -5.479436 -9.052975 @ 0.875596 C[0.670000,0.670000,0.673810] 
 1.836649 -4.658460 3.171770 @ 1.010205 C[0.670000,0.670000,0.673810] 
 6.882491 -4.592672 -6.542610 @ 1.066409 C[0.670000,0.670000,0.673810] 
 1.606284 4.096145 -7.697188 @ 0.982233 C[0.670000,0.670000,0.673810] 
 2.088906 9.142891 -4.689500 @ 0.874234 C[0.670000,0.670000,0.673810] 
 1.039095 -4.168221 -3.635866 @ 1.134512 C[0.670000,0.670000,0.673810] 
 8.639973 -8.304584 8.352609 @ 0.979175 C[0.670000,0.670000,0.673810] 
 8.320892 -2.700210 -0.676401 @ 1.012327 C[0.670000,0.670000,0.673810] 
 -2.373168 4.770371 5.870125 @ 1.136650 C[0.670000,0.670000,0.673810] 
 -0.807359 6.545861 -9.194788 @ 1.024349 C[0.670000,0.670000,0.673810] 
 -8.175241 1.358902 1.387520 @ 0.983310 C[0.670000,0.670000,0.673810] 
 8.821363 7.476608 -2.063541 @ 0.802929 C[0.670000,0.670000,0.673810] 
 8.221553 -6.246978 -6.802164 @ 1.045698 C[0.670000,0.670000,0.673810] 
 -2.790789 -0.556194 -6.076093 @ 1.032992 C[0.670000,0.670000,0.673810] 
 -0.770630 8.048297 -2.444118 @ 0.906941 C[0.670000,0.670000,0.673810] 
 -2.267165 1.565914 1.008150 @ 1.008561 C[0.670000,0.670000,0.673810] 
 -5.200423 4.023801 9.250481 @ 0.950750 C[0.670000,0.670000,0.673810] 
 4.393411 -5.956456 -9.095590 @ 0.998751 C[0.670000,0.670000,0.673810] 
 -0.735039 -0.567071 -2.102004 @ 1.133331 C[0.670000,0.670000,0.673810] 
 1.870275 -9.648193 8.430201 @ 1.002551 C[0.670000,0.670000,0.673810] 
 -1.779071 -4.646535 6.802400 @ 0.896242 C[0.670000,0.670000,0.673810] 
 -8.786134 5.105379 -8.877647 @ 1.075446 C[0.670000,0.670000,0.673810] 
 9.685357 3.594810 -5.898777 @ 0.978952 C[0.670000,0.670000,0.673810] 
 -3.645148 8.064854 1.705231 @ 0.964722 C[0.670000,0.670000,0.673810] 
 3.802922 7.307527 8.027289 @ 0.924818 C[0.670000,0.670000,0.673810] 
 4.070162 8.294493 -7.645420 @ 1.160990 C[0.670000,0.670000,0.673810] 
 3.193919 -9.122705 6.686408 @ 0.961323 C[0.670000,0.670000,0.673810] 
 5.790875 -9.012420 9.553087 @ 1.029614 C[0.670000,0.670000,0.673810] 
 1.434319 -4.893308 8.751526 @ 1.178754 C[0.670000,0.670000,0.673810] 
 -0.483408 6.731101 0.846308 @ 1.054256 C[0.670000,0.670000,0.673810] 
 -3.834815 0.955670 -5.015392 @ 0.927021 C[0.670000,0.670000,0.673810] 
 4.994659 6.221326 -8.676943 @ 0.894042 C[0.670000,0.670000,0.673810] 
 4.623876 -0.161216 -5.619139 @ 0.964014 C[0.670000,0.670000,0.673810] 
 -4.002974 -0.986391 -4.484695 @ 0.914978 C[0.670000,0.670000,0.673810] 
 4.516456 3.522182 -0.108375 @ 0.887155 C[0.670000,0.670000,0.673810] 
 7.486805 -0.845371 0.348584 @ 1.187674 C[0.670000,0.670000,0.673810] 
 6.953668 1.691788 3.653799 @ 1.041321 C[0.670000,0.670000,0.673810] 
 -7.620636 -6.844943 4.447529 @ 0.926436 C[0.670000,0.670000,0.673810] 
 -1.399907 -4.842537 -6.516914 @ 0.904051 C[0.670000,0.670000,0.673810] 
 -5.713193 1.483444 -3.562292 @ 0.900745 C[0.670000,0.670000,0.673810] 
 -2.049261 0.019541 -4.033868 @ 1.096433 C[0.670000,0.670000,0.673810] 
 1.675517 5.918832 0.339357 @ 0.974333 C[0.670000,0.670000,0.673810] 
 -6.760643 -9.265482 -3.271594 @ 1.060532 C[0.670000,0.670000,0.673810] 
 7.631128 -1.357087 5.846700 @ 0.979636 C[0.670000,0.670000,0.673810] 
 -7.264247 2.511626 6.500953 @ 1.057766 C[0.670000,0.670000,0.673810] 
 -8.779036 -7.751847 -5.657243 @ 0.924531 C[0.670000,0.670000,0.673810] 
 0.573004 -6.706580 -0.537053 @ 0.953548 C[0.670000,0.670000,0.673810] 
 -9.514596 6.081893 7.640072 @ 0.945822 C[0.670000,0.670000,0.673810] 
 1.076300 -2.123784 -4.837677 @ 1.124721 C[0.670000,0.670000,0.673810] 
 5.616498 0.532439 -8.476417 @ 0.996059 C[0.670000,0.670000,0.673810] 
 0.421930 -6.834881 7.964639 @ 1.099252 C[0.670000,0.670000,0.673810] 
 2.083628 2.734578 5.524351 @ 0.954484 C[0.670000,0.670000,0.673810] 
 5.132300 -6.176476 7.511804 @ 1.035320 C[0.670000,0.670000,0.673810] 
 -5.033396 -1.370075 6.528631 @ 1.011104 C[0.670000,0.670000,0.673810] 
 -1.080357 -8.636446 -2.818261 @ 0.884594 C[0.670000,0.670000,0.673810] 
 -1.015794 0.515114 8.132240 @ 1.099215 C[0.670000,0.670000,0.673810] 
 9.507653 -8.717296 -3.261633 @ 0.959025 C[0.670000,0.670000,0.673810] 
 -0.237204 3.956599 2.380435 @ 0.895582 C[0.670000,0.670000,0.673810] 
 6.855951 6.809507 5.963583 @ 0.883064 C[0.670000,0.670000,0.673810] 
 1.290842 -2.951232 0.608796 @ 0.970947 C[0.670000,0.670000,0.673810] 
 6.053377 -8.115406 -5.662187 @ 1.123107 C[0.670000,0.670000,0.673810] 
 -4.004150 -1.794749 8.535741 @ 1.080979 C[0.670000,0.670000,0.673810] 
 7.708048 -9.828252 7.695814 @ 0.910269 C[0.670000,0.670000,0.673810] 
 2.785056 -8.775547 -10.054647 @ 1.072110 C[0.670000,0.670000,0.673810] 
 -9.800789 -4.175669 -4.914876 @ 0.904023 C[0.670000,0.670000,0.673810] 
 -1.876675 -8.514932 4.429497 @ 1.010693 C[0.670000,0.670000,0.673810] 
 -2.110119 7.653785 2.768122 @ 0.885880 C[0.670000,0.670000,0.673810] 
 -6.398748 -3.710298 -3.599251 @ 1.009157 C[0.670000,0.670000,0.673810] 
 2.264217 -7.665846 3.706500 @ 1.005444 C[0.670000,0.670000,0.673810] 
 7.180074 5.824495 7.844662 @ 1.062707 C[0.670000,0.670000,0.673810] 
 2.462244 -7.660994 8.207141 @ 0.975729 C[0.670000,0.670000,0.673810] 
 3.036519 6.356585 -6.582407 @ 0.933657 C[0.670000,0.670000,0.673810] 
 -8.387691 -6.172688 -4.173363 @ 1.005563 C[0.670000,0.670000,0.673810] 
 3.968665 7.064845 -4.831444 @ 0.807605 C[0.670000,0.670000,0.673810] 
 8.971986 -9.628423 2.330526 @ 1.081188 C[0.670000,0.670000,0.673810] 
 -4.500283 -1.446716 4.369514 @ 1.025523 C[0.670000,0.670000,0.673810] 
 5.669434 -0.786936 2.122701 @ 0.720371 C[0.670000,0.670000,0.673810] 
 1.424948 -9.366701 4.924288 @ 0.936538 C[0.670000,0.670000,0.673810] 
 5.125315 8.380280 -5.598717 @ 1.013825 C[0.670000,0.670000,0.673810] 
 8.792579 -7.237262 -8.418758 @ 0.919939 C[0.670000,0.670000,0.673810] 
 -9.834917 -2.014089 -2.105795 @ 1.050219 C[0.670000,0.670000,0.673810] 
 5.372433 7.865822 2.291966 @ 1.039610 C[0.670000,0.670000,0.673810] 
 4.528839 -8.063428 -9.265884 @ 0.969644 C[0.670000,0.670000,0.673810] 
 -5.102132 4.379657 7.056619 @ 1.179998 C[0.670000,0.670000,0.673810] 
 -7.862728 -1.084151 -6.799262 @ 1.097765 C[0.670000,0.670000,0.673810] 
 -9.789657 -0.626815 -7.576870 @ 0.980085 C[0.670000,0.670000,0.673810] 
 3.763810 -2.675000 -8.600846 @ 0.935146 C[0.670000,0.670000,0.673810] 
 6.741349 6.744803 1.220642 @ 0.907326 C[0.670000,0.670000,0.673810] 
 -7.648627 0.707398 7.777511 @ 0.888447 C[0.670000,0.670000,0.673810] 
 -3.276745 8.663772 -7.008268 @ 0.999859 C[0.670000,0.670000,0.673810] 
 -5.186471 -5.197567 4.478538 @ 0.940469 C[0.670000,0.670000,0.673810] 
 9.113882 4.609285 -7.492247 @ 0.873563 C[0.670000,0.670000,0.673810] 
 -8.786636 -5.486748 7.069434 @ 0.933594 C[0.670000,0.670000,0.673810] 
 -6.532092 9.464577 -9.659638 @ 1.123911 C[0.670000,0.670000,0.673810] 
 8.200369 -4.046888 4.188316 @ 1.025963 C[0.670000,0.670000,0.673810] 
 0.967566 3.047744 -9.846351 @ 1.076943 C[0.670000,0.670000,0.673810] 
 1.933570 3.237865 -2.557642 @ 0.982786 C[0.670000,0.670000,0.673810] 
 2.196111 3.871486 8.874667 @ 0.956309 C[0.670000,0.670000,0.673810] 
 3.239787 8.911435 2.137409 @ 1.147237 C[0.670000,0.670000,0.673810] 
 -3.020055 4.958231 -6.918655 @ 0.990201 C[0.670000,0.670000,0.673810] 
 -2.977819 4.034412 9.387751 @ 1.061305 C[0.670000,0.670000,0.673810] 
 -0.988136 -5.192350 -4.443357 @ 0.886087 C[0.670000,0.670000,0.673810] 
 9.805678 2.951522 -2.867526 @ 1.026933 C[0.670000,0.670000,0.673810] 
 -0.791822 -6.996977 5.733033 @ 1.061943 C[0.670000,0.670000,0.673810] 
 -2.021938 1.352240 -5.506318 @ 0.888621 C[0.670000,0.670000,0.673810] 
 -1.871405 -6.222850 -2.862445 @ 1.043660 C[0.670000,0.670000,0.673810] 
 4.765125 -5.749655 5.253884 @ 1.007084 C[0.670000,0.670000,0.673810] 
 2.750971 9.653422 -6.485717 @ 0.865176 C[0.670000,0.670000,0.673810] 
 9.213521 -6.187972 1.185572 @ 0.880596 C[0.670000,0.670000,0.673810] 
 -3.510483 -3.764356 3.434375 @ 1.106075 C[0.670000,0.670000,0.673810] 
 -8.991118 0.530738 3.076846 @ 0.961715 C[0.670000,0.670000,0.673810] 
 -8.800415 -2.404039 -5.631682 @ 0.864921 C[0.670000,0.670000,0.673810] 
 -8.620931 -7.687053 -0.415277 @ 1.030783 C[0.670000,0.670000,0.673810] 
 -6.012280 -1.359475 2.748897 @ 1.019620 C[0.670000,0.670000,0.673810] 
 4.580718 -1.014718 -7.800096 @ 0.933909 C[0.670000,0.670000,0.673810] 
 10.116103 6.577965 4.014752 @ 1.024520 C[0.670000,0.670000,0.673810] 
 -9.287857 -4.150245 1.017925 @ 0.949795 C[0.670000,0.670000,0.673810] 
 -0.095009 -8.598904 1.108056 @ 1.045504 C[0.670000,0.670000,0.673810] 
 -7.016404 9.416202 4.110942 @ 1.189998 C[0.670000,0.670000,0.673810] 
 -2.681049 -7.989739 -2.046647 @ 0.862563 C[0.670000,0.670000,0.673810] 
 6.612239 -1.651126 -8.531618 @ 0.929682 C[0.670000,0.670000,0.673810] 
 -4.105671 -2.635028 -0.519161 @ 1.172992 C[0.670000,0.670000,0.673810] 
 -4.576753 -0.085502 2.965257 @ 0.862059 C[0.670000,0.670000,0.673810] 
 -7.571301 8.722783 -2.051842 @ 1.051817 C[0.670000,0.670000,0.673810] 
 -0.025904 -5.100223 0.867003 @ 1.208719 C[0.670000,0.670000,0.673810] 
 -2.847485 7.832195 5.836581 @ 0.947095 C[0.670000,0.670000,0.673810] 
 4.412776 -7.161707 -7.307384 @ 1.102749 C[0.670000,0.670000,0.673810] 
 6.615158 -3.534277 0.149329 @ 1.053568 C[0.670000,0.670000,0.673810] 
 -8.359180 -7.020591 -7.853520 @ 0.971140 C[0.670000,0.670000,0.673810] 
 -3.390350 3.162307 -5.900768 @ 0.840743 C[0.670000,0.670000,0.673810] 
 -2.810780 5.645216 7.888763 @ 1.086864 C[0.670000,0.670000,0.673810] 
 -3.297940 -7.426145 10.000730 @ 1.061404 C[0.670000,0.670000,0.673810] 
 1.275546 1.835285 8.536599 @ 0.907806 C[0.670000,0.670000,0.673810] 
 -0.143733 5.349648 -2.913007 @ 0.843824 C[0.670000,0.670000,0.673810] 
 3.166373 -8.723413 -7.942042 @ 0.970575 C[0.670000,0.670000,0.673810] 
 1.821102 9.379438 -1.806521 @ 0.885504 C[0.670000,0.670000,0.673810] 
 -6.081874 6.858536 -6.189604 @ 0.991604 C[0.670000,0.670000,0.673810] 
 0.641322 -9.376420 -3.398829 @ 0.986459 C[0.670000,0.670000,0.673810] 
 -5.995242 -5.273561 -7.362420 @ 0.981308 C[0.670000,0.670000,0.673810] 
 -5.488307 -2.367472 -9.947033 @ 1.195997 C[0.670000,0.670000,0.673810] 
 1.855708 3.010039 1.725666 @ 1.081404 C[0.670000,0.670000,0.673810] 
 3.019286 -2.685576 -0.670048 @ 1.118360 C[0.670000,0.670000,0.673810] 
 -2.785719 1.826445 8.795372 @ 1.055017 C[0.670000,0.670000,0.673810] 
 -4.608586 2.705350 0.913992 @ 0.729610 C[0.670000,0.670000,0.673810] 
 -5.711537 -8.457498 4.719487 @ 0.976928 C[0.670000,0.670000,0.673810] 
 -0.495016 3.652744 5.400194 @ 1.017208 C[0.670000,0.670000,0.673810] 
 9.142742 -7.554757 2.724275 @ 0.949311 C[0.670000,0.670000,0.673810] 
 -7.101902 -8.033586 9.948432 @ 1.072151 C[0.670000,0.670000,0.673810] 
 5.440471 9.490691 4.162725 @ 1.011132 C[0.670000,0.670000,0.673810] 
 -6.202613 -0.123148 4.738731 @ 0.917729 C[0.670000,0.670000,0.673810] 
 -2.356481 -3.758117 8.579775 @ 0.966576 C[0.670000,0.670000,0.673810] 
 -5.393178 -8.471677 -8.666179 @ 1.044697 C[0.670000,0.670000,0.673810] 
 5.946518 1.948354 -2.056848 @ 1.087147 C[0.670000,0.670000,0.673810] 
 -7.949266 -4.602218 -7.942378 @ 1.076600 C[0.670000,0.670000,0.673810] 
 -9.815462 1.379499 -0.300816 @ 0.976489 C[0.670000,0.670000,0.673810] 
 -1.554180 6.615583 6.450703 @ 0.929277 C[0.670000,0.670000,0.673810] 
 -6.196746 2.414338 4.459902 @ 1.135012 C[0.670000,0.670000,0.673810] 
 -2.697572 0.846896 2.973817 @ 1.119103 C[0.670000,0.670000,0.673810] 
 4.730604 5.214920 -1.332835 @ 0.821718 C[0.670000,0.670000,0.673810] 
 4.941082 -3.559596 4.893387 @ 1.112920 C[0.670000,0.670000,0.673810] 
 5.638026 6.648201 -4.503397 @ 0.933103 C[0.670000,0.670000,0.673810] 
 -3.506893 4.678579 -4.760392 @ 0.994271 C[0.670000,0.670000,0.673810] 
 5.719606 5.842665 4.791776 @ 0.991771 C[0.670000,0.670000,0.673810] 
 9.782999 6.609013 -3.479242 @ 1.000727 C[0.670000,0.670000,0.673810] 
 6.661897 6.018948 -0.753001 @ 1.106384 C[0.670000,0.670000,0.673810] 
 5.285848 -5.037863 -7.580485 @ 0.888969 C[0.670000,0.670000,0.673810] 
 -0.253819 -3.123735 1.907376 @ 1.012224 C[0.670000,0.670000,0.673810] 
 8.265718 -6.971282 -3.174400 @ 0.953880 C[0.670000,0.670000,0.673810] 
 -5.359125 2.152153 -6.125001 @ 1.094570 C[0.670000,0.670000,0.673810] 
 4.996310 9.465222 6.275239 @ 0.934898 C[0.670000,0.670000,0.673810] 
 -8.079211 2.662911 8.663162 @ 1.006824 C[0.670000,0.670000,0.673810] 
 -6.336202 -9.829314 6.097930 @ 0.956179 C[0.670000,0.670000,0.673810] 
 9.677173 -9.237491 -1.348457 @ 0.896281 C[0.670000,0.670000,0.673810] 
 -8.051646 8.300666 -7.999973 @ 0.890708 C[0.670000,0.670000,0.673810] 
 2.967286 -6.078330 -5.915159 @ 1.050361 C[0.670000,0.670000,0.673810] 
 -6.235116 8.019547 -7.940392 @ 0.944115 C[0.670000,0.670000,0.673810] 
 -5.927418 -6.286806 -3.024973 @ 0.893543 C[0.670000,0.670000,0.673810] 
 3.067244 -3.303305 1.574842 @ 0.973313 C[0.670000,0.670000,0.673810] 
 9.318057 5.422506 8.817300 @ 1.020596 C[0.670000,0.670000,0.673810] 
 -9.248620 -7.922358 1.765798 @ 1.006701 C[0.670000,0.670000,0.673810] 
 -0.128979 3.868695 -3.827702 @ 0.815270 C[0.670000,0.670000,0.673810] 
 5.560271 2.617477 -7.416061 @ 1.074622 C[0.670000,0.670000,0.673810] 
 -5.077293 -8.683616 9.404763 @ 1.084188 C[0.670000,0.670000,0.673810] 
 8.179562 -8.430166 -6.911245 @ 1.076237 C[0.670000,0.670000,0.673810] 
 -5.860183 -9.462878 2.294363 @ 1.052346 C[0.670000,0.670000,0.673810] 
 -8.857953 9.603860 -9.460765 @ 1.101502 C[0.670000,0.670000,0.673810] 
 3.741949 -7.240902 6.647439 @ 0.874983 C[0.670000,0.670000,0.673810] 
 -1.807765 9.175781 -8.154461 @ 0.912830 C[0.670000,0.670000,0.673810] 
 5.260259 -9.767259 1.866085 @ 1.058818 C[0.670000,0.670000,0.673810] 
 -7.509959 -4.378782 -0.493726 @ 0.861075 C[0.670000,0.670000,0.673810] 
 -3.209549 5.295237 2.513291 @ 0.921805 C[0.670000,0.670000,0.673810] 
 -7.876791 -2.479808 8.833946 @ 0.976033 C[0.670000,0.670000,0.673810] 
 -10.081044 4.910073 -2.384548 @ 1.012813 C[0.670000,0.670000,0.673810] 
 4.211265 -1.083066 -3.629318 @ 0.820081 C[0.670000,0.670000,0.673810] 
 0.802825 -0.845181 -6.558377 @ 0.982399 C[0.670000,0.670000,0.673810] 
 -1.365849 9.212077 -6.341791 @ 0.883017 C[0.670000,0.670000,0.673810] 
 9.664852 1.135515 -2.118630 @ 0.927058 C[0.670000,0.670000,0.673810] 
 6.235155 -7.033692 4.953150 @ 0.885924 C[0.670000,0.670000,0.673810] 
 1.923084 7.150962 -4.700251 @ 1.110823 C[0.670000,0.670000,0.673810] 
 -7.921044 -0.951527 4.330633 @ 0.911490 C[0.670000,0.670000,0.673810] 
 -6.664351 7.922039 -4.106173 @ 1.310734 C[0.670000,0.670000,0.673810] 
 -8.639438 2.316419 -2.068218 @ 0.993570 C[0.670000,0.670000,0.673810] 
 2.988231 4.114265 -9.347076 @ 1.110870 C[0.670000,0.670000,0.673810] 
 -6.980834 -9.120716 -1.183366 @ 1.014729 C[0.670000,0.670000,0.673810] 
 -9.892891 6.452768 1.707290 @ 1.183423 C[0.670000,0.670000,0.673810] 
 -9.473921 0.354367 7.734601 @ 0.966987 C[0.670000,0.670000,0.673810] 
 1.025687 1.996940 3.466213 @ 1.061780 C[0.670000,0.670000,0.673810] 
 7.761964 5.967334 -6.803008 @ 1.147608 C[0.670000,0.670000,0.673810] 
 -0.453279 8.766928 -4.468044 @ 1.050244 C[0.670000,0.670000,0.673810] 
 -4.760912 6.052511 8.760459 @ 1.082458 C[0.670000,0.670000,0.673810] 
 -9.936923 -7.215932 -2.412842 @ 0.880534 C[0.670000,0.670000,0.673810] 
 6.958814 4.196390 6.401467 @ 1.029917 C[0.670000,0.670000,0.673810] 
 3.581323 5.528042 -3.116187 @ 1.300648 C[0.670000,0.670000,0.673810] 
 0.912539 -1.388080 1.816075 @ 0.912444 C[0.670000,0.670000,0.673810] 
 7.477884 -5.494506 1.647533 @ 1.002373 C[0.670000,0.670000,0.673810] 
 2.222164 -5.959107 -7.872403 @ 1.027417 C[0.670000,0.670000,0.673810] 
 -2.449868 -4.209662 -3.865655 @ 0.848404 C[0.670000,0.670000,0.673810] 
 7.866510 -8.337676 -4.516810 @ 0.994952 C[0.670000,0.670000,0.673810] 
 -1.909795 -2.433836 -1.643763 @ 1.100544 C[0.670000,0.670000,0.673810] 
 -3.943072 -6.677079 8.002973 @ 0.996028 C[0.670000,0.670000,0.673810] 
 -1.051471 -6.779738 10.078845 @ 1.058311 C[0.670000,0.670000,0.673810] 
 9.153737 -5.561791 3.300584 @ 0.967816 C[0.670000,0.670000,0.673810] 
 -4.385944 -7.166438 -4.259189 @ 1.026356 C[0.670000,0.670000,0.673810] 
 5.047127 -1.351375 -9.736085 @ 0.977987 C[0.670000,0.670000,0.673810] 
 -3.737122 -7.946346 -0.203359 @ 1.100739 C[0.670000,0.670000,0.673810] 
 -3.091824 -6.570805 1.503933 @ 1.061202 C[0.670000,0.670000,0.673810] 
 0.353478 1.916787 5.761882 @ 0.878650 C[0.670000,0.670000,0.673810] 
 -0.338901 9.762731 5.133648 @ 0.842829 C[0.670000,0.670000,0.673810] 
 5.192818 0.385204 -3.162106 @ 0.944986 C[0.670000,0.670000,0.673810] 
 -1.022105 8.494060 6.279742 @ 0.950313 C[0.670000,0.670000,0.673810] 
 -1.730659 7.243088 -7.416504 @ 1.025074 C[0.670000,0.670000,0.673810] 
 0.362765 2.491312 -7.871428 @ 1.037256 C[0.670000,0.670000,0.673810] 
 7.038135 -5.895290 -1.922832 @ 0.935225 C[0.670000,0.670000,0.673810] 
 -6.357670 -9.768964 -7.308334 @ 1.019937 C[0.670000,0.670000,0.673810] 
 8.801583 5.715210 6.457549 @ 1.061717 C[0.670000,0.670000,0.673810] 
 -1.624594 3.743020 -5.021445 @ 1.034217 C[0.670000,0.670000,0.673810] 
 4.992557 2.699185 -5.462679 @ 0.951324 C[0.670000,0.670000,0.673810] 
 -3.747921 -5.769161 3.190219 @ 0.911645 C[0.670000,0.670000,0.673810] 
 1.985405 0.246866 9.457659 @ 1.049768 C[0.670000,0.670000,0.673810] 
 -6.111273 7.305028 -1.500976 @ 1.033331 C[0.670000,0.670000,0.673810] 
 -0.366894 9.027949 8.292891 @ 1.015918 C[0.670000,0.670000,0.673810] 
 -7.594627 -2.811194 -8.962135 @ 0.984634 C[0.670000,0.670000,0.673810] 
 6.696680 4.350095 -5.058969 @ 1.091132 C[0.670000,0.670000,0.673810] 
 3.961517 0.472501 -9.789495 @ 1.045039 C[0.670000,0.670000,0.673810] 
 