 .Vol:   279750.44755877194        67.519385496824171        50.001845808575290        82.862164270632988     
   10.733876995208362        17.028287421350278        11.058081673407072       0.88795523817064526      -0.42260212777622630      -0.18150189146209672      @     1.5      16      C[0.000000,0.800000,0.673810]
  -8.7669263374213191        14.732037842139128        19.424948775436814      -0.28009203422279494       0.10321594930441236       0.95440815177476646      @     1.5      16      C[0.000000,0.800000,0.673810]
  -2.2415500898995555        10.816749775742137       -5.5126823660692521       0.66647814536885519      -0.70321790685497076       0.24757111548846925      @     1.5      16      C[0.000000,0.800000,0.673810]
  -8.6182136511452274        11.453303541328301       -24.924930031594833       0.21749590489102372      -0.95410220924348310       0.20587497582838907      @     1.5      16      C[0.000000,0.800000,0.673810]
   5.3600884272518323       -22.415431616623884        35.636228807025958       0.13346143803160421      -0.60083041506589596      -0.78815661951815097      @     1.5      16      C[0.000000,0.800000,0.673810]
  -25.693659029775148       0.67068136176953275       -22.646514580329185       0.82275209095826607      -0.53848887702162762       0.18195803402924410      @     1.5      16      C[0.000000,0.800000,0.673810]
  -5.8862393931907517       -2.7463478894028017       -25.912287927375747       0.93535752795477256       0.31048282306672981       0.16943055060658524      @     1.5      16      C[0.000000,0.800000,0.673810]
   18.816508327337818       -19.017777179635647        10.321785911444888       0.94125969269056964      -0.15977668210740104      -0.29749218942823474      @     1.5      16      C[0.000000,0.800000,0.673810]
   23.052151509372880       -15.981422798086461       -13.036732973914454      -0.83206117071368169       0.17804093463415746      -0.52533383080206564      @     1.5      16      C[0.000000,0.800000,0.673810]
  -30.176926865393252       -20.533352851927678        34.418000253308158      -0.44655634057621901       0.62016079513321087       0.64497133492188596      @     1.5      16      C[0.000000,0.800000,0.673810]
  -9.2131052085272795       -6.5896512212924518        8.5132717329748626      -0.49310933015835151      -0.22102665302432536      -0.84142165836377569      @     1.5      16      C[0.000000,0.800000,0.673810]
   11.630165858183178        17.634619978930232        20.391035170174135      -0.92090572473977128       0.34921626877888601       0.17314919509391233      @     1.5      16      C[0.000000,0.800000,0.673810]
  -2.6941882539600566        5.5792995060449728       -35.612452539964423       0.55064249874740423       0.52598186835612137       0.64817892030967716      @     1.5      16      C[0.000000,0.800000,0.673810]
  -22.054517425506738        8.2101178090291711       -5.1636993314525563       0.53087617231152318      -0.43270159982391254       0.72865617075661471      @     1.5      16      C[0.000000,0.800000,0.673810]
   21.391493400065670       -20.374917894981078       -16.169713461902855      -0.12405954960739127      -0.26676759335882472      -0.95574278929257528      @     1.5      16      C[0.000000,0.800000,0.673810]
  -20.096676990014306        18.805368451039854       -12.866406978143365      -0.70494427130678505      -0.69991381276691911       0.11477904447162762      @     1.5      16      C[0.000000,0.800000,0.673810]
   13.973318841892171        8.7605016578399404       -25.649936804701909      -0.71504967726807722      -0.58476434651467213      -0.38308565371739944      @     1.5      16      C[0.000000,0.800000,0.673810]
   28.061370363027720       -22.226452124649676       -22.619580467137222      -0.67549724500098351      -0.19261659070588125       0.71176001642472453      @     1.5      16      C[0.000000,0.800000,0.673810]
   2.0265174992866268       -16.846915795475997       -5.1244996107207216E-003  0.71511798757751566      -0.68053537996815294       0.15961785756827432      @     1.5      16      C[0.000000,0.800000,0.673810]
  -6.2047651305472122       -24.298864773862533        9.6197220676360509      -0.91573921236636113       0.39848410323606009        5.1304136312674262E-002 @     1.5      16      C[0.000000,0.800000,0.673810]
  -29.075377247780210       -21.708439516551909        19.769473930388386       0.41774774115009972      -0.45473374789538190      -0.78657742358207083      @     1.5      16      C[0.000000,0.800000,0.673810]
  -28.867114032600522       -20.712164566414359       -40.169288036410869       0.32021215948913323      -0.94733340419601375       -4.8573871266351905E-003 @     1.5      16      C[0.000000,0.800000,0.673810]
  -13.974839302040275        13.181756418253189        37.704927246102635      -0.85868158095351876       0.46916795815501139       0.20627013737287039      @     1.5      16      C[0.000000,0.800000,0.673810]
   9.9372946003468687        10.289465929415023       -11.081446041370400      -0.19101198479428827       0.64084375898684465       0.74352787320487013      @     1.5      16      C[0.000000,0.800000,0.673810]
  -5.2869204642631598       0.40135639152228814        28.108779292951432      -0.42517791097435786      -0.69937282741912077      -0.57454450853460048      @     1.5      16      C[0.000000,0.800000,0.673810]
  -18.449230415083605        1.8292610665989353       -33.919970935216170      -0.70599226843660334      -0.67569272603603525       0.21216563550615467      @     1.5      16      C[0.000000,0.800000,0.673810]
   3.1500343307140879        19.319644974857475       -40.020198740673798       0.11549219441046736        9.2823077063269532E-002 -0.98896179369820014      @     1.5      16      C[0.000000,0.800000,0.673810]
   19.412640824907907       -10.559110680170727        4.7665410899968350      -0.46163777289596880      -0.88650270995463187        3.1678255613965929E-002 @     1.5      16      C[0.000000,0.800000,0.673810]
  -18.186450127889014        18.588378131028133        21.715167120632316      -0.47244009076422266       0.59087528794110766       0.65396234963429356      @     1.5      16      C[0.000000,0.800000,0.673810]
  -27.652951425307563       -13.342049476069091       -30.157843431002522      -0.49993823680852545      -0.83258984781598733      -0.23844476234661469      @     1.5      16      C[0.000000,0.800000,0.673810]
  -20.029562863487783       -6.4987091134441322       0.55493001414059850      -0.54767218710862275       0.82432320366119261       0.14334026431329613      @     1.5      16      C[0.000000,0.800000,0.673810]
   16.308486458604662       -1.5121607418712195        5.8751661196238594      -0.23191011930018626      -0.93672720306083412       0.26222098240224839      @     1.5      16      C[0.000000,0.800000,0.673810]
  -5.4124608267152663        12.927316536015622       -35.240104085288728       0.11945993331822966      -0.27825350394966059       0.95305000491649983      @     1.5      16      C[0.000000,0.800000,0.673810]
  -31.406901352397618       -6.6018914494719469        6.7097301929579301      -0.27155628726613190      -0.52180255746803794      -0.80868985023063622      @     1.5      16      C[0.000000,0.800000,0.673810]
   3.8454303678920549        11.517854942128066        12.240815693484922       0.81790989487704824       0.20302701734896705       0.53833394290960135      @     1.5      16      C[0.000000,0.800000,0.673810]
   11.243190719437040        24.988868187663776        32.078487375576735       0.74820444425907873       0.64316976650767566      -0.16285810093889941      @     1.5      16      C[0.000000,0.800000,0.673810]
   20.821433362739114       0.41059137691999320        10.594823075063287      -0.48792492744875926      -0.87056837844521395       -6.3560708188264939E-002 @     1.5      16      C[0.000000,0.800000,0.673810]
  -16.768457114176197       -23.244777008680160        13.374910861073683       0.28027921071778417      -0.69581575453232380      -0.66127452679203447      @     1.5      16      C[0.000000,0.800000,0.673810]
   32.020510055897908        1.5733782930277265       -39.011237042322911       0.48974717267849877       0.55135561126798927       0.67539225401000769      @     1.5      16      C[0.000000,0.800000,0.673810]
  -7.1360249156302364        7.3933566123782013        16.742890280318999       0.22519223841815178       0.19860393472950633       0.95385792069164066      @     1.5      16      C[0.000000,0.800000,0.673810]
   17.111917482677597       -23.091181432236642       -39.384059044199979       0.24921013879359782      -0.91615050156461164       0.31394675536687139      @     1.5      16      C[0.000000,0.800000,0.673810]
  -23.657776531069164        6.6467132269819809        22.768573643068731       0.38546432015124993       0.62602780317788909      -0.67786904896049116      @     1.5      16      C[0.000000,0.800000,0.673810]
  -21.168597328903655        2.0663888368012717        12.143958519032665      -0.76543803552919210       0.64118460199439931       -5.4652721162765948E-002 @     1.5      16      C[0.000000,0.800000,0.673810]
  -24.139658982356291       -19.328707939259040        11.103237510819461       0.12958837880925900      -0.66240874848373188      -0.73784924070558211      @     1.5      16      C[0.000000,0.800000,0.673810]
  -30.253972128048535        16.006473035324895        28.399994804957686      -0.23211128676715240      -0.72175487254507453      -0.65206920991006767      @     1.5      16      C[0.000000,0.800000,0.673810]
  -32.395287556951232        1.6623372139901280        18.513806197827961       0.57672338422237412       0.37638756952860047      -0.72506726280769618      @     1.5      16      C[0.000000,0.800000,0.673810]
  -23.313727832874363       -17.354109472921895       -39.246476036603937       0.18390219416370326      -0.12120418040921396      -0.97544324777667424      @     1.5      16      C[0.000000,0.800000,0.673810]
  -16.976920394218340       -11.506986854191872        6.0513127083295135      -0.33913340823762822      -0.55884273305554710      -0.75675843644331897      @     1.5      16      C[0.000000,0.800000,0.673810]
  -13.051760183222482        6.4155149781302452       -22.419144129471331        9.9960232503210844E-002 -0.98027172453817235      -0.17051480284380452      @     1.5      16      C[0.000000,0.800000,0.673810]
  -1.1308472222523931       -4.1727036810495690       -8.6829049719749740       0.66098481984062019      -0.59379712250908756      -0.45880719833083533      @     1.5      16      C[0.000000,0.800000,0.673810]
  0.22448129173065473       -15.417205283205128        23.016840543983399      -0.38296578360415523      -0.69506032843839061       0.60846392532308113      @     1.5      16      C[0.000000,0.800000,0.673810]
  -20.862627005042434        3.2358528068905170       -28.156109654541140       0.68032216334728246       0.26935437462835204       0.68162304459799694      @     1.5      16      C[0.000000,0.800000,0.673810]
  -24.457191294171256       -24.525505632668121       -28.242430623088765       0.70943007438217798       0.69130271676142774       0.13714781573312337      @     1.5      16      C[0.000000,0.800000,0.673810]
  -22.985199112673158        8.7573994195148526        3.6022620464973429       0.60144622939452275      -0.33412595168651277       0.72568745445728433      @     1.5      16      C[0.000000,0.800000,0.673810]
  -1.9625479141467987      -0.21677357341070330        36.719365268316444       0.57232713286030201       0.73133779153190026       0.37092679556638852      @     1.5      16      C[0.000000,0.800000,0.673810]
  -17.233011170441095        17.325873688700597       -13.938606147491475      -0.54543161471658452      -0.75466020420589419       0.36468113449365264      @     1.5      16      C[0.000000,0.800000,0.673810]
   28.407374440125565        7.1471723113180081       -41.256863417812539      -0.29036247678587784      -0.46904154419444560      -0.83408012918092023      @     1.5      16      C[0.000000,0.800000,0.673810]
   26.752629143498087      -0.24393484432554982       -12.975313199120043       0.11523550449529261       0.13320913918013172       0.98436583836630764      @     1.5      16      C[0.000000,0.800000,0.673810]
  -17.047962349196482       -7.4727145402817436       -2.5234774770683859      -0.38118274551686299       0.88983426935864918       0.25078813288348650      @     1.5      16      C[0.000000,0.800000,0.673810]
   8.9452902084120733        1.5170283388587971        39.737192247316237       -1.0149547105454957E-002 -0.76860168192697353      -0.63964712242968913      @     1.5      16      C[0.000000,0.800000,0.673810]
   29.527285923234619       -11.509035338283438        11.747807346867299      -0.64343595824958133      -0.34910499442733484      -0.68126050120151072      @     1.5      16      C[0.000000,0.800000,0.673810]
  -30.042196101652522       -10.585050142630060        5.6947506855047099      -0.48888996851660227      -0.65035796576906946      -0.58139583335671874      @     1.5      16      C[0.000000,0.800000,0.673810]
   16.875354091743773        14.188720136435702        38.920404425248940       0.39025000456014070        2.1670607386423183E-002  0.92045386560995746      @     1.5      16      C[0.000000,0.800000,0.673810]
  -4.9126561447989721        4.1371597412525105       -33.155898526892727       0.72748209063984148       0.34234949531426379       0.59461469108688736      @     1.5      16      C[0.000000,0.800000,0.673810]
  -16.776641586623189       -11.584973374653421        19.003803949980856      -0.14488490499542053       0.98774282933199586       -5.8072949018380234E-002 @     1.5      16      C[0.000000,0.800000,0.673810]
  -2.2885639889438067       -2.9006385158227421       0.48341459297816258      -0.75283365376457168      -0.30541766921224978       0.58306220688057098      @     1.5      16      C[0.000000,0.800000,0.673810]
  -12.711325313733234        4.8669293622428809        19.654736354827037       0.96279672912865744        4.7216844534861399E-002  0.26606959234630595      @     1.5      16      C[0.000000,0.800000,0.673810]
  -31.314781932737798        22.271030594230933       -15.316896190517427        1.0766602575064659E-002  0.99505666285567496       -9.8723441874350698E-002 @     1.5      16      C[0.000000,0.800000,0.673810]
  -1.4913472510752686       -22.350247183829154        33.518490713385916       0.40326794321793913       0.91201836471758646        7.4816230796748734E-002 @     1.5      16      C[0.000000,0.800000,0.673810]
  -21.057169766455868        15.261455573786948        4.9054935595530855       0.40719364909009192       0.85222825275819425      -0.32848186759912712      @     1.5      16      C[0.000000,0.800000,0.673810]
   20.026172790346852       -8.4954446743902725       -13.779721804956759      -0.77416898495815956      -0.61973486374863862       0.12880637167201545      @     1.5      16      C[0.000000,0.800000,0.673810]
   32.586014407040722       -19.821181758837291       -22.995886157808201      -0.48415810130312248       0.86030725411576336      -0.15956929986169233      @     1.5      16      C[0.000000,0.800000,0.673810]
   1.4095001630780584       -7.6948857121335141        2.0024135696403622      -0.49599732118870221      -0.57736143263157347       0.64856798678569416      @     1.5      16      C[0.000000,0.800000,0.673810]
  -31.663336463128598        6.7852439872646437       -11.265397287219798       0.39537938232940273       0.85539978162725616       0.33461374392105081      @     1.5      16      C[0.000000,0.800000,0.673810]
   6.4985569340050775       -13.440262415603151       -39.436063114001072      -0.45579735315358294       -7.8522717226868918E-002 -0.88661319397891725      @     1.5      16      C[0.000000,0.800000,0.673810]
  -5.6334058759556127        7.5073137921531021       -38.094480747672776      -0.66069206390607771      -0.62552815433853004      -0.41497051078523561      @     1.5      16      C[0.000000,0.800000,0.673810]
  -7.9526762256626311        10.047923054115703        12.302763185781894      -0.14457846697328730      -0.24980877517953046      -0.95744067321738369      @     1.5      16      C[0.000000,0.800000,0.673810]
   29.098487379292401       -2.2471162354339862        31.393111961933098       -6.0354758541911351E-002 -0.86820015117666283      -0.49252999971389305      @     1.5      16      C[0.000000,0.800000,0.673810]
  0.33171413419859075       0.90252353624735804        11.885297509925877        6.3999966854726351E-002  0.31367099804366660      -0.94737242372199337      @     1.5      16      C[0.000000,0.800000,0.673810]
   20.315508394983439        1.8598093237766637       -6.5684251676579830       0.77190547255869768       -2.5457363332074146E-002  0.63522741131512284      @     1.5      16      C[0.000000,0.800000,0.673810]
   5.0477403754340591        6.4711138305484406       -15.442054216767895       0.35061111371345233       0.34194976366782837       0.87186134566691786      @     1.5      16      C[0.000000,0.800000,0.673810]
  -13.679617936346911       -6.7633298978738967       -4.0073213869257396       0.27544488066748501      -0.88814749453002506      -0.36786430334311310      @     1.5      16      C[0.000000,0.800000,0.673810]
  -17.580005857443609        11.398128873735793        35.579471837000703      -0.15656679733820680      -0.94870901097272342       0.27465988143595643      @     1.5      16      C[0.000000,0.800000,0.673810]
  -27.467227179669660       -24.581087295396518       -34.495813308403839      -0.59560439199540827       0.24162629183523704       0.76607580782174090      @     1.5      16      C[0.000000,0.800000,0.673810]
   31.546476326161475       -12.634779503997621        8.5516209316781850       0.63651755067706839       0.40836249992145252       0.65428241328799863      @     1.5      16      C[0.000000,0.800000,0.673810]
  0.84855268704140352        9.2076386068394989        3.8355942038765618      -0.99541267615309148        2.7354897635764243E-002   9.1680498084803191E-002 @     1.5      16      C[0.000000,0.800000,0.673810]
   1.2673037360576369       -20.469376694305890       -4.7823281768062085      -0.91694138614067278        8.1261436968091599E-002 -0.39065979220327035      @     1.5      16      C[0.000000,0.800000,0.673810]
   14.938596974357271        22.839551979288835       -24.929488271725152        5.9474761927202288E-002 -0.65439265830482629      -0.75381231181935837      @     1.5      16      C[0.000000,0.800000,0.673810]
   4.1058973795692060        12.511654112336688        21.237110222225265       0.27989439463932975       0.85924204012136984       0.42820817873733935      @     1.5      16      C[0.000000,0.800000,0.673810]
   21.716418468642601       -23.144278165399395        8.8293420316359459      -0.95309944555699133       0.20886037271945154       0.21904061629398161      @     1.5      16      C[0.000000,0.800000,0.673810]
  -21.291721416391947        9.1838770485597934       -29.753733699417452       0.91106478401735935       0.11688823221004180       0.39534554568657215      @     1.5      16      C[0.000000,0.800000,0.673810]
  -12.011021717692620       -22.374014227183277       -25.379323715552331       -9.1017204162259474E-002  0.96952265163944396      -0.22746801204676445      @     1.5      16      C[0.000000,0.800000,0.673810]
   31.019028129210010        5.6509377067529583       -22.146036187734168      -0.75277768360013109       0.62015167750997358      -0.22076606613151983      @     1.5      16      C[0.000000,0.800000,0.673810]
   26.697002300067371       -11.299000537758593       -12.661610087781149       0.74866917168036473       0.47169267543596255      -0.46583311530579280      @     1.5      16      C[0.000000,0.800000,0.673810]
  -32.029684803492124       -11.787677553022927       -20.973677046032805      -0.38449570998959937       0.78676658757133577      -0.48286787600848891      @     1.5      16      C[0.000000,0.800000,0.673810]
  -20.123877198656380       -20.944234066038714        41.058303816151593      -0.40755183352693608       0.14100443156679487       0.90223015537464590      @     1.5      16      C[0.000000,0.800000,0.673810]
  -15.379393278817314       -1.9709647541636384       -8.6897341733308018       0.46971214949461010       0.72507710280884807      -0.50362058297837697      @     1.5      16      C[0.000000,0.800000,0.673810]
   1.5937316711978600       -12.756997444445718        26.103167654123055      -0.18920124460171289       0.97734336624476370        9.4883262478249311E-002 @     1.5      16      C[0.000000,0.800000,0.673810]
  -8.9021306877025985       -23.502070704753322        28.162436074562677      -0.11654587890065989      -0.92766600067865224      -0.35475745136099346      @     1.5      16      C[0.000000,0.800000,0.673810]
