.Vol: 1000000.000000 
 43.749511 38.299303 -49.076252  1 C[0.000000,0.900000,0.073810] 
-47.778342 -39.927927 -37.547457  1 C[0.000000,0.900000,0.073810] 
-45.505043 46.256344 -26.632062  1 C[0.000000,0.900000,0.073810] 
41.631443 -34.056749 -22.218648  1 C[0.000000,0.900000,0.073810] 
-48.229817 -40.767013 -2.568067  1 C[0.000000,0.900000,0.073810] 
43.898102 -49.335541 4.729189  1 C[0.000000,0.900000,0.073810] 
37.521358 -47.535680 -7.064313  1 C[0.000000,0.900000,0.073810] 
47.887308 32.467288 18.138669  1 C[0.000000,0.900000,0.073810] 
-44.743648 39.579820 29.303908  1 C[0.000000,0.900000,0.073810] 
31.595805 -44.637857 38.674265  1 C[0.000000,0.900000,0.073810] 
49.588445 -23.744102 -38.737439  1 C[0.000000,0.900000,0.073810] 
31.178931 -47.317662 -39.225304  1 C[0.000000,0.900000,0.073810] 
-39.228780 -38.085780 -27.017471  1 C[0.000000,0.900000,0.073810] 
42.792161 -20.306905 -24.214889  1 C[0.000000,0.900000,0.073810] 
-49.334623 -29.911859 -11.936993  1 C[0.000000,0.900000,0.073810] 
48.207639 -35.353082 12.889542  1 C[0.000000,0.900000,0.073810] 
-44.408401 -23.438540 7.664160  1 C[0.000000,0.900000,0.073810] 
-45.597712 -29.113687 24.905386  1 C[0.000000,0.900000,0.073810] 
49.464413 -29.912057 29.340322  1 C[0.000000,0.900000,0.073810] 
-35.708787 -30.672518 38.824269  1 C[0.000000,0.900000,0.073810] 
-49.118735 -38.967806 -49.826723  1 C[0.000000,0.900000,0.073810] 
-49.568248 -21.040803 -47.472238  1 C[0.000000,0.900000,0.073810] 
-32.333278 -21.569058 -29.635102  1 C[0.000000,0.900000,0.073810] 
43.660537 -19.762873 -24.858828  1 C[0.000000,0.900000,0.073810] 
-48.334300 -27.473296 -6.274729  1 C[0.000000,0.900000,0.073810] 
-42.686026 -19.272177 13.274225  1 C[0.000000,0.900000,0.073810] 
47.403417 -34.630613 12.397012  1 C[0.000000,0.900000,0.073810] 
25.848647 -35.461332 17.883032  1 C[0.000000,0.900000,0.073810] 
49.843440 -31.107881 30.013042  1 C[0.000000,0.900000,0.073810] 
-35.842711 -30.039535 39.868031  1 C[0.000000,0.900000,0.073810] 
-42.608664 -11.916687 -43.844096  1 C[0.000000,0.900000,0.073810] 
-43.232092 -21.474040 -32.295671  1 C[0.000000,0.900000,0.073810] 
43.801859 -20.826337 -24.497075  1 C[0.000000,0.900000,0.073810] 
49.405102 -27.704686 -31.989387  1 C[0.000000,0.900000,0.073810] 
-33.785042 -12.132158 -14.445049  1 C[0.000000,0.900000,0.073810] 
-47.780486 -26.509463 -5.995262  1 C[0.000000,0.900000,0.073810] 
-45.318170 -24.204275 7.356675  1 C[0.000000,0.900000,0.073810] 
46.597561 -16.367599 23.461912  1 C[0.000000,0.900000,0.073810] 
45.695172 -27.670867 36.297190  1 C[0.000000,0.900000,0.073810] 
-22.261109 -13.804884 40.930349  1 C[0.000000,0.900000,0.073810] 
43.119662 2.470117 41.868140  1 C[0.000000,0.900000,0.073810] 
-47.086588 -20.671136 -40.773025  1 C[0.000000,0.900000,0.073810] 
-49.808626 7.784788 -25.479060  1 C[0.000000,0.900000,0.073810] 
-48.652169 -13.195506 -15.117634  1 C[0.000000,0.900000,0.073810] 
-48.213459 -12.884159 -14.195926  1 C[0.000000,0.900000,0.073810] 
-39.168285 -9.040208 -1.921742  1 C[0.000000,0.900000,0.073810] 
-43.511743 4.863755 17.508697  1 C[0.000000,0.900000,0.073810] 
42.510357 1.004706 22.666398  1 C[0.000000,0.900000,0.073810] 
-49.060917 0.684088 42.156422  1 C[0.000000,0.900000,0.073810] 
-48.880866 1.301653 43.018443  1 C[0.000000,0.900000,0.073810] 
48.861256 4.516666 -44.078684  1 C[0.000000,0.900000,0.073810] 
48.314094 3.576126 -44.761163  1 C[0.000000,0.900000,0.073810] 
49.562210 7.820818 -26.506405  1 C[0.000000,0.900000,0.073810] 
46.217646 -7.216311 -6.944599  1 C[0.000000,0.900000,0.073810] 
48.411885 5.520389 -9.780653  1 C[0.000000,0.900000,0.073810] 
-44.573261 -5.236411 -5.083657  1 C[0.000000,0.900000,0.073810] 
-42.963033 5.684452 18.315527  1 C[0.000000,0.900000,0.073810] 
-46.704222 14.217686 2.974183  1 C[0.000000,0.900000,0.073810] 
-43.063252 11.929748 31.396328  1 C[0.000000,0.900000,0.073810] 
-43.132309 11.563775 30.388613  1 C[0.000000,0.900000,0.073810] 
-38.494873 11.034374 -45.906722  1 C[0.000000,0.900000,0.073810] 
48.949697 4.563777 -45.305980  1 C[0.000000,0.900000,0.073810] 
-41.180543 17.198243 -29.818706  1 C[0.000000,0.900000,0.073810] 
-44.417720 15.578404 -21.645414  1 C[0.000000,0.900000,0.073810] 
-48.908575 17.117102 -12.164102  1 C[0.000000,0.900000,0.073810] 
37.754961 16.161868 12.809783  1 C[0.000000,0.900000,0.073810] 
37.221479 15.521809 12.018486  1 C[0.000000,0.900000,0.073810] 
45.806495 22.906626 20.288605  1 C[0.000000,0.900000,0.073810] 
-40.055290 2.584152 29.518045  1 C[0.000000,0.900000,0.073810] 
-27.062187 15.314243 -48.520320  1 C[0.000000,0.900000,0.073810] 
38.115815 12.078056 -49.190160  1 C[0.000000,0.900000,0.073810] 
43.381503 10.775112 -34.999899  1 C[0.000000,0.900000,0.073810] 
-45.962413 17.521520 -36.802342  1 C[0.000000,0.900000,0.073810] 
-48.082994 17.759424 -12.645768  1 C[0.000000,0.900000,0.073810] 
-48.234753 17.632958 -11.419671  1 C[0.000000,0.900000,0.073810] 
49.068965 41.214671 -0.177022  1 C[0.000000,0.900000,0.073810] 
-41.164819 35.722233 6.910730  1 C[0.000000,0.900000,0.073810] 
46.554740 22.202838 19.886053  1 C[0.000000,0.900000,0.073810] 
-24.203151 11.156089 41.085335  1 C[0.000000,0.900000,0.073810] 
-44.018277 23.487325 47.873108  1 C[0.000000,0.900000,0.073810] 
46.643343 26.404472 -42.360722  1 C[0.000000,0.900000,0.073810] 
46.958781 25.450469 -41.807184  1 C[0.000000,0.900000,0.073810] 
42.199634 10.661076 -35.006174  1 C[0.000000,0.900000,0.073810] 
40.692192 33.163763 -21.586751  1 C[0.000000,0.900000,0.073810] 
47.136594 40.742945 -0.733902  1 C[0.000000,0.900000,0.073810] 
-27.934177 32.484868 5.376638  1 C[0.000000,0.900000,0.073810] 
-37.793649 30.166140 17.351813  1 C[0.000000,0.900000,0.073810] 
-37.757616 29.753804 16.361024  1 C[0.000000,0.900000,0.073810] 
-40.481751 36.185811 30.566555  1 C[0.000000,0.900000,0.073810] 
46.348398 25.327026 -42.645206  1 C[0.000000,0.900000,0.073810] 
-45.905501 45.258374 46.459876  1 C[0.000000,0.900000,0.073810] 
-38.523854 39.419122 -47.287189  1 C[0.000000,0.900000,0.073810] 
34.255197 47.072195 -27.220505  1 C[0.000000,0.900000,0.073810] 
41.606411 33.699903 -21.193266  1 C[0.000000,0.900000,0.073810] 
47.247615 41.372754 0.241722  1 C[0.000000,0.900000,0.073810] 
44.463413 -48.437903 4.675871  1 C[0.000000,0.900000,0.073810] 
-40.504523 42.240542 13.614654  1 C[0.000000,0.900000,0.073810] 
36.508444 48.519003 40.806715  1 C[0.000000,0.900000,0.073810] 
35.618453 48.856622 40.156680  1 C[0.000000,0.900000,0.073810] 
44.975305 37.744025 -48.292190  1 C[0.000000,0.900000,0.073810] 
-49.711762 -37.985345 49.836339  1 C[0.000000,0.900000,0.073810] 
-28.840200 42.351818 -27.368343  1 C[0.000000,0.900000,0.073810] 
-28.902010 42.371597 -28.497306  1 C[0.000000,0.900000,0.073810] 
-33.020803 35.033455 -18.940218  1 C[0.000000,0.900000,0.073810] 
-37.943343 45.691395 -2.750627  1 C[0.000000,0.900000,0.073810] 
43.426191 -48.459793 4.244116  1 C[0.000000,0.900000,0.073810] 
-39.662211 42.077456 14.411995  1 C[0.000000,0.900000,0.073810] 
-30.879952 44.835899 21.209056  1 C[0.000000,0.900000,0.073810] 
-31.614806 -44.651496 20.783783  1 C[0.000000,0.900000,0.073810] 
41.025099 -43.997102 44.107117  1 C[0.000000,0.900000,0.073810] 
-23.369074 -40.807183 -31.746434  1 C[0.000000,0.900000,0.073810] 
-49.300125 -38.768665 49.156917  1 C[0.000000,0.900000,0.073810] 
-38.912868 -38.754755 -25.986176  1 C[0.000000,0.900000,0.073810] 
-49.304623 -31.272886 -32.161217  1 C[0.000000,0.900000,0.073810] 
-43.446267 -28.385609 -25.774839  1 C[0.000000,0.900000,0.073810] 
-45.998076 -47.444452 -6.938933  1 C[0.000000,0.900000,0.073810] 
-45.363357 -26.962350 13.392684  1 C[0.000000,0.900000,0.073810] 
-46.873032 46.378720 29.568780  1 C[0.000000,0.900000,0.073810] 
-38.037140 -48.647906 37.360407  1 C[0.000000,0.900000,0.073810] 
-28.489263 -40.850806 47.773491  1 C[0.000000,0.900000,0.073810] 
-40.662418 -38.408839 -45.503980  1 C[0.000000,0.900000,0.073810] 
47.996996 -21.945220 42.202521  1 C[0.000000,0.900000,0.073810] 
-31.023857 -14.835790 -41.367387  1 C[0.000000,0.900000,0.073810] 
-44.606776 -36.615193 -6.110594  1 C[0.000000,0.900000,0.073810] 
-44.848270 -35.888791 -5.225334  1 C[0.000000,0.900000,0.073810] 
-31.987099 -25.332471 17.888691  1 C[0.000000,0.900000,0.073810] 
-39.641823 49.756351 2.858845  1 C[0.000000,0.900000,0.073810] 
-34.231242 -25.704009 24.849368  1 C[0.000000,0.900000,0.073810] 
-18.882638 -40.800176 19.217606  1 C[0.000000,0.900000,0.073810] 
-29.170741 -36.212537 36.841693  1 C[0.000000,0.900000,0.073810] 
-31.462074 -15.065782 -40.227217  1 C[0.000000,0.900000,0.073810] 
-30.972457 -15.915110 -40.766628  1 C[0.000000,0.900000,0.073810] 
47.973101 -10.399697 -22.613757  1 C[0.000000,0.900000,0.073810] 
-33.694664 -21.866933 -28.488236  1 C[0.000000,0.900000,0.073810] 
-48.141114 -26.669633 -7.130145  1 C[0.000000,0.900000,0.073810] 
-37.901373 -24.256015 -1.202894  1 C[0.000000,0.900000,0.073810] 
-47.272897 -27.240100 -6.808875  1 C[0.000000,0.900000,0.073810] 
-46.297598 -38.710822 23.103431  1 C[0.000000,0.900000,0.073810] 
-34.803647 -19.709331 35.085244  1 C[0.000000,0.900000,0.073810] 
-33.673267 -20.018078 35.655423  1 C[0.000000,0.900000,0.073810] 
-35.189072 -20.530208 34.376441  1 C[0.000000,0.900000,0.073810] 
-47.046649 -19.540762 -40.688104  1 C[0.000000,0.900000,0.073810] 
-49.317398 -5.642370 -28.296798  1 C[0.000000,0.900000,0.073810] 
-29.386029 -12.751257 -28.254572  1 C[0.000000,0.900000,0.073810] 
-34.182939 -9.910185 -9.083458  1 C[0.000000,0.900000,0.073810] 
-33.797280 -18.590856 7.007644  1 C[0.000000,0.900000,0.073810] 
-36.243320 23.989700 8.941721  1 C[0.000000,0.900000,0.073810] 
43.618099 1.188697 22.777096  1 C[0.000000,0.900000,0.073810] 
-34.022661 -20.506572 34.701882  1 C[0.000000,0.900000,0.073810] 
-24.011036 -5.336184 47.110993  1 C[0.000000,0.900000,0.073810] 
49.524583 3.859217 -44.654866  1 C[0.000000,0.900000,0.073810] 
-44.330830 -1.882244 -41.922249  1 C[0.000000,0.900000,0.073810] 
-37.832999 11.767752 -45.335823  1 C[0.000000,0.900000,0.073810] 
-33.589815 -12.520804 -15.454363  1 C[0.000000,0.900000,0.073810] 
48.907728 5.203500 -10.709310  1 C[0.000000,0.900000,0.073810] 
-31.258727 2.177567 -10.002813  1 C[0.000000,0.900000,0.073810] 
-34.819899 -16.673652 14.267356  1 C[0.000000,0.900000,0.073810] 
-30.822999 -1.706371 20.449002  1 C[0.000000,0.900000,0.073810] 
-35.883867 14.723936 28.956944  1 C[0.000000,0.900000,0.073810] 
-42.158866 11.141476 30.823669  1 C[0.000000,0.900000,0.073810] 
-36.926124 7.312859 -33.507557  1 C[0.000000,0.900000,0.073810] 
-39.062824 11.607181 -45.093546  1 C[0.000000,0.900000,0.073810] 
-40.760220 18.101321 -30.065143  1 C[0.000000,0.900000,0.073810] 
-44.357112 16.582627 -22.233424  1 C[0.000000,0.900000,0.073810] 
49.061210 4.572466 -9.837302  1 C[0.000000,0.900000,0.073810] 
-35.164492 7.019300 12.640579  1 C[0.000000,0.900000,0.073810] 
-19.127202 5.981012 12.928216  1 C[0.000000,0.900000,0.073810] 
-36.134322 13.647411 28.751632  1 C[0.000000,0.900000,0.073810] 
-43.091084 10.823585 31.238610  1 C[0.000000,0.900000,0.073810] 
-34.569834 25.449749 48.830344  1 C[0.000000,0.900000,0.073810] 
-40.698669 24.021131 45.957103  1 C[0.000000,0.900000,0.073810] 
-39.802741 24.484653 46.359776  1 C[0.000000,0.900000,0.073810] 
-47.425214 31.860173 -24.369050  1 C[0.000000,0.900000,0.073810] 
-47.270446 31.077745 -23.626993  1 C[0.000000,0.900000,0.073810] 
-35.939199 9.903257 -15.379118  1 C[0.000000,0.900000,0.073810] 
-34.326430 7.783787 12.843759  1 C[0.000000,0.900000,0.073810] 
-38.356467 31.141075 17.370296  1 C[0.000000,0.900000,0.073810] 
-38.653683 31.389808 16.285965  1 C[0.000000,0.900000,0.073810] 
-49.896425 30.343637 8.789531  1 C[0.000000,0.900000,0.073810] 
-45.181421 23.577005 48.144681  1 C[0.000000,0.900000,0.073810] 
-39.335397 30.434566 -38.801092  1 C[0.000000,0.900000,0.073810] 
-44.762524 24.072389 47.144943  1 C[0.000000,0.900000,0.073810] 
-46.746725 30.692176 -24.570365  1 C[0.000000,0.900000,0.073810] 
-34.226400 34.366411 -18.752198  1 C[0.000000,0.900000,0.073810] 
-16.309034 36.054205 -14.368596  1 C[0.000000,0.900000,0.073810] 
-28.739580 31.854870 5.862290  1 C[0.000000,0.900000,0.073810] 
-40.110327 43.143363 14.178447  1 C[0.000000,0.900000,0.073810] 
-44.569944 47.316288 20.146321  1 C[0.000000,0.900000,0.073810] 
-40.785204 35.135371 30.426059  1 C[0.000000,0.900000,0.073810] 
-39.704017 35.486618 30.740598  1 C[0.000000,0.900000,0.073810] 
-41.552630 -43.453583 -38.623575  1 C[0.000000,0.900000,0.073810] 
-36.473130 -43.631384 -26.069235  1 C[0.000000,0.900000,0.073810] 
-31.273379 31.707465 -40.558029  1 C[0.000000,0.900000,0.073810] 
-46.395212 31.711238 -23.957989  1 C[0.000000,0.900000,0.073810] 
-38.020447 46.796206 -2.533348  1 C[0.000000,0.900000,0.073810] 
-34.266608 37.006764 -3.001758  1 C[0.000000,0.900000,0.073810] 
-40.708131 42.431912 14.778187  1 C[0.000000,0.900000,0.073810] 
-39.462835 42.693028 13.360688  1 C[0.000000,0.900000,0.073810] 
-32.006715 44.691615 31.355608  1 C[0.000000,0.900000,0.073810] 
-40.474073 35.314751 31.549953  1 C[0.000000,0.900000,0.073810] 
-35.959938 -45.102846 44.185933  1 C[0.000000,0.900000,0.073810] 
-30.423306 40.413695 -29.801877  1 C[0.000000,0.900000,0.073810] 
-23.403206 -40.246500 -32.688107  1 C[0.000000,0.900000,0.073810] 
-18.442419 49.919506 -18.460406  1 C[0.000000,0.900000,0.073810] 
-28.098469 -49.571395 -8.897400  1 C[0.000000,0.900000,0.073810] 
-21.494982 -39.371831 2.542854  1 C[0.000000,0.900000,0.073810] 
-32.891674 -44.135581 15.323883  1 C[0.000000,0.900000,0.073810] 
-36.179381 -42.994672 30.513493  1 C[0.000000,0.900000,0.073810] 
-25.523949 46.091749 36.609327  1 C[0.000000,0.900000,0.073810] 
-13.107589 40.206278 42.798528  1 C[0.000000,0.900000,0.073810] 
-26.626837 -43.289032 34.666232  1 C[0.000000,0.900000,0.073810] 
-31.913996 -39.205344 -37.069672  1 C[0.000000,0.900000,0.073810] 
-20.253146 -41.797379 -41.365721  1 C[0.000000,0.900000,0.073810] 
-47.264202 -30.161927 -12.437159  1 C[0.000000,0.900000,0.073810] 
-38.972127 46.135874 -2.492271  1 C[0.000000,0.900000,0.073810] 
-40.818659 -49.991421 2.052921  1 C[0.000000,0.900000,0.073810] 
-39.751853 49.935663 1.732171  1 C[0.000000,0.900000,0.073810] 
-31.317375 -33.590512 4.202025  1 C[0.000000,0.900000,0.073810] 
-35.233911 -42.685537 31.029931  1 C[0.000000,0.900000,0.073810] 
-41.227632 -37.680985 -44.683905  1 C[0.000000,0.900000,0.073810] 
-36.231275 -33.965647 -38.056285  1 C[0.000000,0.900000,0.073810] 
-32.719948 -39.138970 -37.893681  1 C[0.000000,0.900000,0.073810] 
-36.046760 -44.065026 -25.016518  1 C[0.000000,0.900000,0.073810] 
-46.523592 -30.451886 -11.585527  1 C[0.000000,0.900000,0.073810] 
-44.271327 -36.968765 -5.007209  1 C[0.000000,0.900000,0.073810] 
-44.704201 -24.294652 8.293193  1 C[0.000000,0.900000,0.073810] 
-23.532621 -29.736355 14.807850  1 C[0.000000,0.900000,0.073810] 
-35.396312 -25.945711 24.605340  1 C[0.000000,0.900000,0.073810] 
-35.208490 -29.661637 38.966493  1 C[0.000000,0.900000,0.073810] 
-34.856832 -30.544082 39.563733  1 C[0.000000,0.900000,0.073810] 
-35.365864 -16.429721 44.516472  1 C[0.000000,0.900000,0.073810] 
-42.477259 -6.149964 -37.474617  1 C[0.000000,0.900000,0.073810] 
-32.648117 -21.396005 -28.576326  1 C[0.000000,0.900000,0.073810] 
-33.395714 -21.211406 -29.363329  1 C[0.000000,0.900000,0.073810] 
-35.624430 -18.324825 -11.524271  1 C[0.000000,0.900000,0.073810] 
-24.089692 -29.284265 15.756637  1 C[0.000000,0.900000,0.073810] 
-25.202659 -13.616530 9.716758  1 C[0.000000,0.900000,0.073810] 
-21.164774 -13.861183 40.726283  1 C[0.000000,0.900000,0.073810] 
-10.796108 -23.511669 35.288309  1 C[0.000000,0.900000,0.073810] 
-33.888303 -19.347920 34.636728  1 C[0.000000,0.900000,0.073810] 
-36.137780 -16.057908 43.510463  1 C[0.000000,0.900000,0.073810] 
47.850277 -19.142258 -39.850238  1 C[0.000000,0.900000,0.073810] 
-28.123819 4.294120 -25.947615  1 C[0.000000,0.900000,0.073810] 
-32.906268 -22.373446 -29.098753  1 C[0.000000,0.900000,0.073810] 
-23.582548 -17.290405 -1.273400  1 C[0.000000,0.900000,0.073810] 
-19.606573 3.443001 -1.464109  1 C[0.000000,0.900000,0.073810] 
-28.459657 -28.160556 10.451127  1 C[0.000000,0.900000,0.073810] 
-25.420903 -12.595163 9.387803  1 C[0.000000,0.900000,0.073810] 
-31.361207 0.453883 16.584736  1 C[0.000000,0.900000,0.073810] 
-35.219743 -15.500215 43.871187  1 C[0.000000,0.900000,0.073810] 
-22.059051 -13.501759 39.847035  1 C[0.000000,0.900000,0.073810] 
-31.989584 8.440474 -42.152174  1 C[0.000000,0.900000,0.073810] 
-23.377817 -9.036878 -29.069662  1 C[0.000000,0.900000,0.073810] 
-45.283129 16.080077 -22.205675  1 C[0.000000,0.900000,0.073810] 
-31.331881 2.024870 -11.064968  1 C[0.000000,0.900000,0.073810] 
-26.053750 0.974340 -15.550059  1 C[0.000000,0.900000,0.073810] 
-19.942449 -19.676906 7.913527  1 C[0.000000,0.900000,0.073810] 
-33.715513 -16.990695 14.186775  1 C[0.000000,0.900000,0.073810] 
-24.831259 -6.030946 46.806821  1 C[0.000000,0.900000,0.073810] 
-29.325910 11.901808 -49.653118  1 C[0.000000,0.900000,0.073810] 
-26.530525 16.073661 -47.833138  1 C[0.000000,0.900000,0.073810] 
-39.840161 2.756988 -35.474589  1 C[0.000000,0.900000,0.073810] 
-30.828884 8.161262 -42.179624  1 C[0.000000,0.900000,0.073810] 
-34.988217 3.292875 -17.631350  1 C[0.000000,0.900000,0.073810] 
-32.768281 15.904756 -5.060841  1 C[0.000000,0.900000,0.073810] 
-34.211939 6.710393 13.318902  1 C[0.000000,0.900000,0.073810] 
-15.651534 9.146166 2.179089  1 C[0.000000,0.900000,0.073810] 
-35.163443 13.689048 24.134469  1 C[0.000000,0.900000,0.073810] 
-30.473502 0.038308 17.311404  1 C[0.000000,0.900000,0.073810] 
-36.957726 -4.302449 40.509793  1 C[0.000000,0.900000,0.073810] 
-27.630532 15.842346 -47.598951  1 C[0.000000,0.900000,0.073810] 
44.400687 32.298391 -37.762272  1 C[0.000000,0.900000,0.073810] 
-47.781849 30.879225 -24.670750  1 C[0.000000,0.900000,0.073810] 
-23.115788 11.262050 -4.121570  1 C[0.000000,0.900000,0.073810] 
-28.972011 7.849969 -12.095652  1 C[0.000000,0.900000,0.073810] 
-31.958089 18.073172 -6.054097  1 C[0.000000,0.900000,0.073810] 
-37.632544 30.837715 16.549759  1 C[0.000000,0.900000,0.073810] 
-25.753364 23.926086 31.345259  1 C[0.000000,0.900000,0.073810] 
-25.916419 22.784968 31.697372  1 C[0.000000,0.900000,0.073810] 
-27.291324 16.381065 -48.552312  1 C[0.000000,0.900000,0.073810] 
-28.172110 15.603838 -48.426708  1 C[0.000000,0.900000,0.073810] 
-30.706213 32.549867 -40.021766  1 C[0.000000,0.900000,0.073810] 
-30.431431 31.573482 -33.600674  1 C[0.000000,0.900000,0.073810] 
-39.852072 28.225087 -13.216916  1 C[0.000000,0.900000,0.073810] 
-30.848916 26.734039 1.110592  1 C[0.000000,0.900000,0.073810] 
-24.395809 8.605090 4.484285  1 C[0.000000,0.900000,0.073810] 
-31.569987 26.950019 0.141435  1 C[0.000000,0.900000,0.073810] 
-37.689760 31.476716 15.726785  1 C[0.000000,0.900000,0.073810] 
49.174299 28.600913 26.476051  1 C[0.000000,0.900000,0.073810] 
-14.700472 30.957559 45.353831  1 C[0.000000,0.900000,0.073810] 
-31.181436 32.948326 -41.121561  1 C[0.000000,0.900000,0.073810] 
-31.040822 41.260857 -30.356662  1 C[0.000000,0.900000,0.073810] 
-20.740391 35.513696 -43.625222  1 C[0.000000,0.900000,0.073810] 
-28.734671 49.718936 -9.676052  1 C[0.000000,0.900000,0.073810] 
-17.115275 35.193527 -14.245154  1 C[0.000000,0.900000,0.073810] 
-29.166462 40.630330 -5.205724  1 C[0.000000,0.900000,0.073810] 
-25.426743 34.952681 1.819858  1 C[0.000000,0.900000,0.073810] 
-31.518071 45.756848 21.350628  1 C[0.000000,0.900000,0.073810] 
48.166437 31.342180 18.434067  1 C[0.000000,0.900000,0.073810] 
-24.152671 46.635466 36.500156  1 C[0.000000,0.900000,0.073810] 
-13.825795 41.051904 43.058514  1 C[0.000000,0.900000,0.073810] 
-7.462392 -42.772834 -35.388528  1 C[0.000000,0.900000,0.073810] 
-23.345015 -39.680390 -31.722671  1 C[0.000000,0.900000,0.073810] 
-24.224357 -41.203282 -32.333008  1 C[0.000000,0.900000,0.073810] 
-17.366815 49.516415 -18.327958  1 C[0.000000,0.900000,0.073810] 
-17.885830 42.893682 -7.575057  1 C[0.000000,0.900000,0.073810] 
-28.566320 40.500826 7.156391  1 C[0.000000,0.900000,0.073810] 
-16.171617 49.987507 12.976950  1 C[0.000000,0.900000,0.073810] 
-25.134539 47.019638 37.118362  1 C[0.000000,0.900000,0.073810] 
-24.605363 46.104208 37.413922  1 C[0.000000,0.900000,0.073810] 
-11.625443 45.601387 -47.351415  1 C[0.000000,0.900000,0.073810] 
-15.932040 -33.910557 -38.251832  1 C[0.000000,0.900000,0.073810] 
-24.096033 -39.389391 -32.525243  1 C[0.000000,0.900000,0.073810] 
-29.842908 -35.597711 -26.654090  1 C[0.000000,0.900000,0.073810] 
-28.764386 -35.751134 -26.222058  1 C[0.000000,0.900000,0.073810] 
-26.000003 -33.045626 -8.693615  1 C[0.000000,0.900000,0.073810] 
-9.938435 -48.585700 10.043422  1 C[0.000000,0.900000,0.073810] 
-22.134092 -18.063735 27.805205  1 C[0.000000,0.900000,0.073810] 
-30.111242 -31.251285 28.600472  1 C[0.000000,0.900000,0.073810] 
-30.331751 -31.992294 27.820485  1 C[0.000000,0.900000,0.073810] 
-24.363394 -40.198976 -31.785329  1 C[0.000000,0.900000,0.073810] 
-24.750993 -22.446461 -39.054405  1 C[0.000000,0.900000,0.073810] 
-19.379367 -35.538289 -16.323907  1 C[0.000000,0.900000,0.073810] 
-18.914935 -34.664703 -16.837526  1 C[0.000000,0.900000,0.073810] 
-18.606274 -34.909291 -15.780391  1 C[0.000000,0.900000,0.073810] 
-17.594154 -35.062247 -0.944830  1 C[0.000000,0.900000,0.073810] 
-13.971766 -33.216355 16.900901  1 C[0.000000,0.900000,0.073810] 
-13.150564 -33.378750 16.130995  1 C[0.000000,0.900000,0.073810] 
-25.946536 -26.429924 39.415568  1 C[0.000000,0.900000,0.073810] 
-25.508373 -27.351827 38.717584  1 C[0.000000,0.900000,0.073810] 
-20.212935 -24.749486 -42.552737  1 C[0.000000,0.900000,0.073810] 
-13.884788 -16.360267 -26.601422  1 C[0.000000,0.900000,0.073810] 
-24.299453 -24.090740 -26.217388  1 C[0.000000,0.900000,0.073810] 
-32.385822 -7.000586 -10.126713  1 C[0.000000,0.900000,0.073810] 
-18.849305 -19.088179 -6.545524  1 C[0.000000,0.900000,0.073810] 
-24.854159 -12.666094 10.400631  1 C[0.000000,0.900000,0.073810] 
-25.968094 -13.155891 10.239211  1 C[0.000000,0.900000,0.073810] 
-27.431104 -13.939806 21.522004  1 C[0.000000,0.900000,0.073810] 
-21.564680 -12.840203 40.701375  1 C[0.000000,0.900000,0.073810] 
-21.004869 -13.192470 39.824222  1 C[0.000000,0.900000,0.073810] 
-11.764768 -1.471117 -39.672326  1 C[0.000000,0.900000,0.073810] 
-19.562011 -23.829668 -42.984793  1 C[0.000000,0.900000,0.073810] 
-22.582195 -9.783130 -28.822686  1 C[0.000000,0.900000,0.073810] 
-27.970082 3.138825 -25.858816  1 C[0.000000,0.900000,0.073810] 
-16.268906 -25.444246 -8.049626  1 C[0.000000,0.900000,0.073810] 
-19.737524 3.103587 -0.354353  1 C[0.000000,0.900000,0.073810] 
-11.004197 -18.886190 14.982559  1 C[0.000000,0.900000,0.073810] 
-26.601199 -7.441383 16.368821  1 C[0.000000,0.900000,0.073810] 
-9.463625 -12.828529 30.415198  1 C[0.000000,0.900000,0.073810] 
-0.315982 1.776448 -47.365967  1 C[0.000000,0.900000,0.073810] 
-28.816775 10.901254 -49.633669  1 C[0.000000,0.900000,0.073810] 
-42.185364 -7.052021 -36.766459  1 C[0.000000,0.900000,0.073810] 
-22.022066 -8.351159 -22.234541  1 C[0.000000,0.900000,0.073810] 
-35.373338 2.268952 -17.451029  1 C[0.000000,0.900000,0.073810] 
-16.040786 9.649569 1.242248  1 C[0.000000,0.900000,0.073810] 
-12.796004 0.163560 -1.685718  1 C[0.000000,0.900000,0.073810] 
-20.098793 -20.011390 6.782670  1 C[0.000000,0.900000,0.073810] 
-15.500314 5.498617 17.823191  1 C[0.000000,0.900000,0.073810] 
-15.686259 4.973496 30.662619  1 C[0.000000,0.900000,0.073810] 
-25.604390 1.387987 32.073103  1 C[0.000000,0.900000,0.073810] 
-29.395813 11.212707 -48.717189  1 C[0.000000,0.900000,0.073810] 
-27.777227 14.734359 -47.789184  1 C[0.000000,0.900000,0.073810] 
-9.081020 9.108309 -20.754590  1 C[0.000000,0.900000,0.073810] 
-22.894716 12.333751 -4.183447  1 C[0.000000,0.900000,0.073810] 
-22.149871 11.541514 -4.501643  1 C[0.000000,0.900000,0.073810] 
-15.622683 10.355839 2.148598  1 C[0.000000,0.900000,0.073810] 
-16.408947 10.722469 1.485923  1 C[0.000000,0.900000,0.073810] 
-15.105764 13.866785 26.921356  1 C[0.000000,0.900000,0.073810] 
-15.795996 5.461092 31.682770  1 C[0.000000,0.900000,0.073810] 
-26.705345 23.722724 31.846468  1 C[0.000000,0.900000,0.073810] 
-26.762874 14.995205 -47.500999  1 C[0.000000,0.900000,0.073810] 
-24.368896 24.041248 -37.545287  1 C[0.000000,0.900000,0.073810] 
-29.758789 8.530967 -12.413063  1 C[0.000000,0.900000,0.073810] 
-22.817228 20.739291 -4.614626  1 C[0.000000,0.900000,0.073810] 
-13.126730 12.654150 -19.810053  1 C[0.000000,0.900000,0.073810] 
-33.062072 17.599339 -6.065956  1 C[0.000000,0.900000,0.073810] 
-4.775197 33.493548 11.190293  1 C[0.000000,0.900000,0.073810] 
-27.059635 22.685231 31.751560  1 C[0.000000,0.900000,0.073810] 
-26.612883 23.165022 30.911339  1 C[0.000000,0.900000,0.073810] 
-26.896471 20.394547 38.254367  1 C[0.000000,0.900000,0.073810] 
-7.932100 38.964100 49.641909  1 C[0.000000,0.900000,0.073810] 
-20.039393 34.970288 -42.912214  1 C[0.000000,0.900000,0.073810] 
-23.483211 23.859967 -36.770149  1 C[0.000000,0.900000,0.073810] 
-28.971775 38.217747 -26.075373  1 C[0.000000,0.900000,0.073810] 
-23.438537 21.416824 -5.233203  1 C[0.000000,0.900000,0.073810] 
-25.168346 34.046913 1.221648  1 C[0.000000,0.900000,0.073810] 
-38.322657 30.535047 15.647646  1 C[0.000000,0.900000,0.073810] 
-19.059045 37.490080 10.823063  1 C[0.000000,0.900000,0.073810] 
-15.736579 36.804085 29.468045  1 C[0.000000,0.900000,0.073810] 
-27.736281 20.037806 38.834893  1 C[0.000000,0.900000,0.073810] 
-8.882054 39.248176 49.052087  1 C[0.000000,0.900000,0.073810] 
-31.875570 26.150887 -31.363170  1 C[0.000000,0.900000,0.073810] 
-11.391633 45.310803 -46.254827  1 C[0.000000,0.900000,0.073810] 
-27.826622 38.084771 -25.917245  1 C[0.000000,0.900000,0.073810] 
-15.988729 26.183115 -1.100841  1 C[0.000000,0.900000,0.073810] 
-28.830467 41.621339 -5.132433  1 C[0.000000,0.900000,0.073810] 
-15.378520 26.283623 -2.139216  1 C[0.000000,0.900000,0.073810] 
-25.063659 46.945519 35.988681  1 C[0.000000,0.900000,0.073810] 
-15.226348 37.317377 28.464987  1 C[0.000000,0.900000,0.073810] 
-8.573640 39.674562 -49.884376  1 C[0.000000,0.900000,0.073810] 
-9.145591 40.275666 49.323859  1 C[0.000000,0.900000,0.073810] 
-7.763854 -41.828337 -34.950752  1 C[0.000000,0.900000,0.073810] 
3.459809 47.478713 -42.303392  1 C[0.000000,0.900000,0.073810] 
-19.768891 38.720061 -23.430879  1 C[0.000000,0.900000,0.073810] 
-17.958779 48.953278 -19.092168  1 C[0.000000,0.900000,0.073810] 
-9.219322 -39.827446 -2.133347  1 C[0.000000,0.900000,0.073810] 
-12.090397 41.098813 1.677683  1 C[0.000000,0.900000,0.073810] 
-18.500685 44.130959 20.135556  1 C[0.000000,0.900000,0.073810] 
-26.750488 -42.182441 34.239496  1 C[0.000000,0.900000,0.073810] 
-14.412089 43.412039 28.693443  1 C[0.000000,0.900000,0.073810] 
-22.826429 -34.696090 -49.153508  1 C[0.000000,0.900000,0.073810] 
-14.966673 -33.865712 -38.731384  1 C[0.000000,0.900000,0.073810] 
-7.529979 -42.709543 -34.263436  1 C[0.000000,0.900000,0.073810] 
-4.939977 -32.669350 -17.756805  1 C[0.000000,0.900000,0.073810] 
-0.380759 -39.327489 -8.726924  1 C[0.000000,0.900000,0.073810] 
-9.100139 -39.865825 -1.017972  1 C[0.000000,0.900000,0.073810] 
-13.392609 44.005670 28.587273  1 C[0.000000,0.900000,0.073810] 
-2.569179 -49.057938 20.904036  1 C[0.000000,0.900000,0.073810] 
-23.957235 -42.118879 25.274783  1 C[0.000000,0.900000,0.073810] 
-22.492244 -35.834116 -49.161482  1 C[0.000000,0.900000,0.073810] 
-6.854648 -23.070970 -44.281879  1 C[0.000000,0.900000,0.073810] 
-19.247778 -38.221004 -31.529952  1 C[0.000000,0.900000,0.073810] 
-6.527651 -16.231613 -32.905213  1 C[0.000000,0.900000,0.073810] 
-4.082336 -32.684250 -18.723490  1 C[0.000000,0.900000,0.073810] 
-4.689034 -31.755959 -18.541314  1 C[0.000000,0.900000,0.073810] 
2.799774 -34.222090 -2.038050  1 C[0.000000,0.900000,0.073810] 
4.803654 -47.128497 22.905424  1 C[0.000000,0.900000,0.073810] 
-21.624093 -18.417097 28.942053  1 C[0.000000,0.900000,0.073810] 
-11.180138 -22.799920 34.085139  1 C[0.000000,0.900000,0.073810] 
-23.118684 -35.475592 -48.312037  1 C[0.000000,0.900000,0.073810] 
-24.813131 -26.491044 38.939191  1 C[0.000000,0.900000,0.073810] 
3.189719 -16.877946 -30.311230  1 C[0.000000,0.900000,0.073810] 
-19.800018 -40.029147 -41.446040  1 C[0.000000,0.900000,0.073810] 
-13.694528 -16.793320 -25.582198  1 C[0.000000,0.900000,0.073810] 
-16.274924 -25.533064 -9.194842  1 C[0.000000,0.900000,0.073810] 
2.817019 -35.396796 -2.231239  1 C[0.000000,0.900000,0.073810] 
-5.093685 -28.963620 9.782684  1 C[0.000000,0.900000,0.073810] 
-4.219017 -28.266809 10.001863  1 C[0.000000,0.900000,0.073810] 
-4.628459 -31.037783 42.167267  1 C[0.000000,0.900000,0.073810] 
-5.248919 -30.593189 41.337260  1 C[0.000000,0.900000,0.073810] 
-7.822039 -8.137893 -40.560911  1 C[0.000000,0.900000,0.073810] 
3.988261 -16.653671 -29.634486  1 C[0.000000,0.900000,0.073810] 
-26.121173 -20.704855 -49.296600  1 C[0.000000,0.900000,0.073810] 
-8.133983 -18.234061 -34.493798  1 C[0.000000,0.900000,0.073810] 
6.007634 -3.431076 8.252875  1 C[0.000000,0.900000,0.073810] 
-12.390519 -4.892164 -15.015071  1 C[0.000000,0.900000,0.073810] 
-6.123730 -7.442285 28.925352  1 C[0.000000,0.900000,0.073810] 
-10.226294 -12.813179 29.436310  1 C[0.000000,0.900000,0.073810] 
-9.672728 -13.792561 29.846785  1 C[0.000000,0.900000,0.073810] 
-9.114188 -13.141275 29.183886  1 C[0.000000,0.900000,0.073810] 
-21.453588 -12.546607 -44.566831  1 C[0.000000,0.900000,0.073810] 
10.371422 -12.128624 -39.706161  1 C[0.000000,0.900000,0.073810] 
5.207963 10.909280 -34.247317  1 C[0.000000,0.900000,0.073810] 
-21.435906 -9.212714 -22.885007  1 C[0.000000,0.900000,0.073810] 
-14.262793 -0.330282 10.153934  1 C[0.000000,0.900000,0.073810] 
-16.587785 9.805777 2.250208  1 C[0.000000,0.900000,0.073810] 
-12.013639 -19.020861 14.409512  1 C[0.000000,0.900000,0.073810] 
-1.750841 5.291837 22.999748  1 C[0.000000,0.900000,0.073810] 
-1.465948 4.860302 24.105798  1 C[0.000000,0.900000,0.073810] 
-22.302025 17.247611 32.764760  1 C[0.000000,0.900000,0.073810] 
-4.617829 13.555422 -42.787818  1 C[0.000000,0.900000,0.073810] 
-1.216794 8.147152 -44.412015  1 C[0.000000,0.900000,0.073810] 
10.292614 2.026350 -28.537290  1 C[0.000000,0.900000,0.073810] 
-15.436976 10.596574 1.032063  1 C[0.000000,0.900000,0.073810] 
-22.338767 11.713465 -3.469236  1 C[0.000000,0.900000,0.073810] 
-14.948167 9.752407 1.497681  1 C[0.000000,0.900000,0.073810] 
-13.116630 -0.260461 10.250055  1 C[0.000000,0.900000,0.073810] 
-9.351929 9.095281 34.366465  1 C[0.000000,0.900000,0.073810] 
7.243381 29.782704 40.646957  1 C[0.000000,0.900000,0.073810] 
2.337397 7.335774 35.986319  1 C[0.000000,0.900000,0.073810] 
-13.270406 21.833188 -44.647192  1 C[0.000000,0.900000,0.073810] 
-13.904880 17.537344 -42.577565  1 C[0.000000,0.900000,0.073810] 
-13.886750 19.380844 -25.504108  1 C[0.000000,0.900000,0.073810] 
-6.564072 22.587823 -27.487492  1 C[0.000000,0.900000,0.073810] 
-18.122045 32.991277 -16.349844  1 C[0.000000,0.900000,0.073810] 
1.630894 24.298386 -8.399148  1 C[0.000000,0.900000,0.073810] 
-19.553421 24.783160 15.238321  1 C[0.000000,0.900000,0.073810] 
-4.758803 33.645729 12.258456  1 C[0.000000,0.900000,0.073810] 
-13.232571 28.348217 18.398074  1 C[0.000000,0.900000,0.073810] 
-15.320030 32.855789 30.605188  1 C[0.000000,0.900000,0.073810] 
-13.585944 16.506417 -42.861013  1 C[0.000000,0.900000,0.073810] 
-13.301021 22.906215 -44.462648  1 C[0.000000,0.900000,0.073810] 
-4.740575 42.738890 -26.955689  1 C[0.000000,0.900000,0.073810] 
-6.723958 21.390589 -27.518896  1 C[0.000000,0.900000,0.073810] 
-15.556442 25.259853 -1.418701  1 C[0.000000,0.900000,0.073810] 
-13.714260 39.144412 -4.717727  1 C[0.000000,0.900000,0.073810] 
-5.075013 34.486250 11.648543  1 C[0.000000,0.900000,0.073810] 
-5.699465 33.918143 10.794320  1 C[0.000000,0.900000,0.073810] 
-14.674980 32.629183 29.518109  1 C[0.000000,0.900000,0.073810] 
-4.072331 37.635263 42.725881  1 C[0.000000,0.900000,0.073810] 
-8.000340 39.973193 49.159769  1 C[0.000000,0.900000,0.073810] 
-5.042062 41.707262 -26.101482  1 C[0.000000,0.900000,0.073810] 
3.793064 46.345506 -41.635371  1 C[0.000000,0.900000,0.073810] 
-4.813504 43.391564 -26.004276  1 C[0.000000,0.900000,0.073810] 
-14.135181 38.620174 -5.676266  1 C[0.000000,0.900000,0.073810] 
-11.284181 40.627240 2.312436  1 C[0.000000,0.900000,0.073810] 
-5.722085 33.548631 11.804024  1 C[0.000000,0.900000,0.073810] 
-1.946220 47.099012 11.937583  1 C[0.000000,0.900000,0.073810] 
-1.802931 46.212835 12.854949  1 C[0.000000,0.900000,0.073810] 
-15.219132 33.623334 29.640529  1 C[0.000000,0.900000,0.073810] 
-3.620534 -49.289722 -39.927625  1 C[0.000000,0.900000,0.073810] 
10.309399 44.325503 -36.221358  1 C[0.000000,0.900000,0.073810] 
-4.140129 42.357514 -25.953184  1 C[0.000000,0.900000,0.073810] 
-4.929924 42.585727 -25.327447  1 C[0.000000,0.900000,0.073810] 
-5.637114 42.659803 -26.214951  1 C[0.000000,0.900000,0.073810] 
-18.089993 43.168328 -8.607222  1 C[0.000000,0.900000,0.073810] 
-11.984955 39.937089 1.658685  1 C[0.000000,0.900000,0.073810] 
5.375580 43.161141 10.255439  1 C[0.000000,0.900000,0.073810] 
17.931810 43.424163 39.434361  1 C[0.000000,0.900000,0.073810] 
-4.512128 37.621923 26.180234  1 C[0.000000,0.900000,0.073810] 
8.528190 -35.214054 -47.614118  1 C[0.000000,0.900000,0.073810] 
-3.219091 -40.993766 36.677102  1 C[0.000000,0.900000,0.073810] 
-6.719319 -42.247058 -34.867689  1 C[0.000000,0.900000,0.073810] 
6.644468 -37.335161 -25.767431  1 C[0.000000,0.900000,0.073810] 
-1.228462 -39.924208 -8.295494  1 C[0.000000,0.900000,0.073810] 
-0.138453 -40.451355 -8.616477  1 C[0.000000,0.900000,0.073810] 
10.840609 48.359065 16.213248  1 C[0.000000,0.900000,0.073810] 
11.854033 48.946841 16.226259  1 C[0.000000,0.900000,0.073810] 
-2.621003 -40.972359 35.754279  1 C[0.000000,0.900000,0.073810] 
-1.589237 -38.224216 -47.426299  1 C[0.000000,0.900000,0.073810] 
8.794864 -34.960663 -48.668249  1 C[0.000000,0.900000,0.073810] 
7.679105 -34.949263 -48.398093  1 C[0.000000,0.900000,0.073810] 
3.835238 -30.352146 -5.873718  1 C[0.000000,0.900000,0.073810] 
-5.160149 -32.721761 -18.896530  1 C[0.000000,0.900000,0.073810] 
-0.973498 -40.206741 -9.351097  1 C[0.000000,0.900000,0.073810] 
9.332358 -18.241411 8.663096  1 C[0.000000,0.900000,0.073810] 
-5.753625 -25.174042 6.732756  1 C[0.000000,0.900000,0.073810] 
13.867859 -31.501115 13.819692  1 C[0.000000,0.900000,0.073810] 
22.269318 -28.935375 27.676708  1 C[0.000000,0.900000,0.073810] 
14.579851 -37.175524 43.524513  1 C[0.000000,0.900000,0.073810] 
15.436761 -10.684444 36.654249  1 C[0.000000,0.900000,0.073810] 
-1.275353 -29.814857 -42.300484  1 C[0.000000,0.900000,0.073810] 
0.836024 -32.639877 -23.913260  1 C[0.000000,0.900000,0.073810] 
9.761530 -22.131820 -24.170325  1 C[0.000000,0.900000,0.073810] 
5.033928 -15.640700 -18.367626  1 C[0.000000,0.900000,0.073810] 
-5.556508 -24.042361 6.941551  1 C[0.000000,0.900000,0.073810] 
-4.807600 -24.704948 6.336178  1 C[0.000000,0.900000,0.073810] 
-19.789160 -24.694796 14.175070  1 C[0.000000,0.900000,0.073810] 
0.229100 -8.953640 31.683428  1 C[0.000000,0.900000,0.073810] 
15.563506 -10.403532 37.735995  1 C[0.000000,0.900000,0.073810] 
-0.165064 0.264051 48.747871  1 C[0.000000,0.900000,0.073810] 
3.962090 -16.097523 -30.607990  1 C[0.000000,0.900000,0.073810] 
-0.130932 -32.619046 -23.315907  1 C[0.000000,0.900000,0.073810] 
9.003990 -21.993236 -23.379192  1 C[0.000000,0.900000,0.073810] 
4.093000 -15.256398 -18.015365  1 C[0.000000,0.900000,0.073810] 
6.895136 1.285795 -9.568147  1 C[0.000000,0.900000,0.073810] 
1.403941 -11.324500 4.759537  1 C[0.000000,0.900000,0.073810] 
0.566746 -8.017984 32.116672  1 C[0.000000,0.900000,0.073810] 
1.056452 -8.337806 31.153803  1 C[0.000000,0.900000,0.073810] 
-10.158778 9.548121 33.768621  1 C[0.000000,0.900000,0.073810] 
11.498030 -12.581363 -41.081447  1 C[0.000000,0.900000,0.073810] 
11.098717 -11.690534 -40.565186  1 C[0.000000,0.900000,0.073810] 
18.885491 17.052916 -18.196071  1 C[0.000000,0.900000,0.073810] 
-8.001143 0.896203 -17.559800  1 C[0.000000,0.900000,0.073810] 
-12.443483 13.543702 -19.888816  1 C[0.000000,0.900000,0.073810] 
3.038385 2.250285 -3.256450  1 C[0.000000,0.900000,0.073810] 
-9.012882 -3.217398 24.706946  1 C[0.000000,0.900000,0.073810] 
15.403064 -10.606086 19.817188  1 C[0.000000,0.900000,0.073810] 
-1.235741 5.924215 23.857482  1 C[0.000000,0.900000,0.073810] 
-2.842443 7.259793 34.293269  1 C[0.000000,0.900000,0.073810] 
-15.696470 4.340177 31.608675  1 C[0.000000,0.900000,0.073810] 
-5.263175 14.196667 -43.457817  1 C[0.000000,0.900000,0.073810] 
-3.504927 12.559572 -22.740574  1 C[0.000000,0.900000,0.073810] 
-3.514820 11.525103 -22.440014  1 C[0.000000,0.900000,0.073810] 
2.374906 25.144824 -8.202107  1 C[0.000000,0.900000,0.073810] 
3.252679 1.250832 -2.834767  1 C[0.000000,0.900000,0.073810] 
-13.941615 13.423132 13.521288  1 C[0.000000,0.900000,0.073810] 
16.197670 20.160826 29.515968  1 C[0.000000,0.900000,0.073810] 
7.934786 29.339620 42.280290  1 C[0.000000,0.900000,0.073810] 
-6.768855 -6.719563 28.357134  1 C[0.000000,0.900000,0.073810] 
13.132140 22.319088 48.506739  1 C[0.000000,0.900000,0.073810] 
-5.775920 13.528385 -42.729998  1 C[0.000000,0.900000,0.073810] 
1.149463 26.223156 -20.733179  1 C[0.000000,0.900000,0.073810] 
-4.134343 12.507888 -21.856362  1 C[0.000000,0.900000,0.073810] 
-13.465905 12.747646 -20.940544  1 C[0.000000,0.900000,0.073810] 
30.557640 22.901177 -4.961442  1 C[0.000000,0.900000,0.073810] 
2.162753 1.576455 -3.035707  1 C[0.000000,0.900000,0.073810] 
-2.158966 12.001839 15.286550  1 C[0.000000,0.900000,0.073810] 
8.872249 18.306915 19.307782  1 C[0.000000,0.900000,0.073810] 
8.322006 18.074162 20.163987  1 C[0.000000,0.900000,0.073810] 
-2.773651 29.696587 39.698428  1 C[0.000000,0.900000,0.073810] 
-3.245830 28.512802 -31.184343  1 C[0.000000,0.900000,0.073810] 
0.776227 25.828286 -21.733679  1 C[0.000000,0.900000,0.073810] 
-23.295855 24.330405 -37.781786  1 C[0.000000,0.900000,0.073810] 
8.790828 17.013902 -12.273118  1 C[0.000000,0.900000,0.073810] 
2.500731 33.584814 -8.001218  1 C[0.000000,0.900000,0.073810] 
3.675914 15.620045 1.945983  1 C[0.000000,0.900000,0.073810] 
-9.017770 26.566027 -0.011218  1 C[0.000000,0.900000,0.073810] 
-14.385469 33.421071 30.370538  1 C[0.000000,0.900000,0.073810] 
-15.772817 32.492895 29.515210  1 C[0.000000,0.900000,0.073810] 
-3.227470 30.749626 39.364351  1 C[0.000000,0.900000,0.073810] 
-2.546944 28.668724 -40.747650  1 C[0.000000,0.900000,0.073810] 
-3.813072 28.925820 -32.065759  1 C[0.000000,0.900000,0.073810] 
-6.450843 -42.481581 -35.867909  1 C[0.000000,0.900000,0.073810] 
-14.260381 39.713104 -5.432241  1 C[0.000000,0.900000,0.073810] 
-1.010203 46.806111 12.415561  1 C[0.000000,0.900000,0.073810] 
5.966080 44.131458 9.967372  1 C[0.000000,0.900000,0.073810] 
-18.392599 45.302093 20.006060  1 C[0.000000,0.900000,0.073810] 
5.206001 -39.337727 14.700647  1 C[0.000000,0.900000,0.073810] 
-13.614933 43.207798 29.429186  1 C[0.000000,0.900000,0.073810] 
2.719295 -35.788633 48.440973  1 C[0.000000,0.900000,0.073810] 
4.355704 46.643315 -42.579384  1 C[0.000000,0.900000,0.073810] 
10.950132 44.683925 -35.257969  1 C[0.000000,0.900000,0.073810] 
3.979309 38.858732 -21.201902  1 C[0.000000,0.900000,0.073810] 
16.771810 -30.887808 -15.098387  1 C[0.000000,0.900000,0.073810] 
19.740575 -43.832524 1.382075  1 C[0.000000,0.900000,0.073810] 
4.771467 44.122595 10.032783  1 C[0.000000,0.900000,0.073810] 
5.868238 -46.660267 22.943987  1 C[0.000000,0.900000,0.073810] 
-2.683439 -39.951742 36.525067  1 C[0.000000,0.900000,0.073810] 
-1.893732 -40.690872 36.476734  1 C[0.000000,0.900000,0.073810] 
8.478193 -34.136371 -47.996947  1 C[0.000000,0.900000,0.073810] 
8.632243 -22.238354 -24.458729  1 C[0.000000,0.900000,0.073810] 
11.003434 43.420401 -36.411283  1 C[0.000000,0.900000,0.073810] 
23.310915 -28.807821 -20.171039  1 C[0.000000,0.900000,0.073810] 
13.489930 -43.227267 -17.164661  1 C[0.000000,0.900000,0.073810] 
-7.089848 -33.172216 -12.488704  1 C[0.000000,0.900000,0.073810] 
20.019048 -34.421813 9.122521  1 C[0.000000,0.900000,0.073810] 
21.306843 -29.257638 28.191026  1 C[0.000000,0.900000,0.073810] 
-2.308203 -41.736336 36.516631  1 C[0.000000,0.900000,0.073810] 
13.553309 -36.889778 43.751549  1 C[0.000000,0.900000,0.073810] 
4.337542 -18.605248 -46.738742  1 C[0.000000,0.900000,0.073810] 
-4.194350 -32.388678 -32.767478  1 C[0.000000,0.900000,0.073810] 
12.624365 -43.488197 -17.775558  1 C[0.000000,0.900000,0.073810] 
-3.918241 -32.094114 -17.782051  1 C[0.000000,0.900000,0.073810] 
18.628343 -35.921731 -10.548220  1 C[0.000000,0.900000,0.073810] 
0.306083 -41.083450 11.792353  1 C[0.000000,0.900000,0.073810] 
6.239938 -26.203415 20.863431  1 C[0.000000,0.900000,0.073810] 
3.423113 -19.641746 43.907307  1 C[0.000000,0.900000,0.073810] 
5.675275 -8.030012 25.947010  1 C[0.000000,0.900000,0.073810] 
-2.451743 -38.057280 -46.794433  1 C[0.000000,0.900000,0.073810] 
22.902495 -5.273263 -38.252755  1 C[0.000000,0.900000,0.073810] 
5.921171 -25.851448 45.210406  1 C[0.000000,0.900000,0.073810] 
9.255454 -21.880267 -25.273869  1 C[0.000000,0.900000,0.073810] 
8.946949 -21.212335 -24.234892  1 C[0.000000,0.900000,0.073810] 
17.621250 -36.062853 -11.192828  1 C[0.000000,0.900000,0.073810] 
2.309999 -17.077198 7.676789  1 C[0.000000,0.900000,0.073810] 
9.134185 -17.375024 9.463171  1 C[0.000000,0.900000,0.073810] 
20.564707 -21.913067 15.202379  1 C[0.000000,0.900000,0.073810] 
16.172754 -20.528321 -47.997149  1 C[0.000000,0.900000,0.073810] 
19.292173 -19.504102 28.851738  1 C[0.000000,0.900000,0.073810] 
24.621880 -25.314148 -45.210952  1 C[0.000000,0.900000,0.073810] 
10.410154 -12.534638 -40.800917  1 C[0.000000,0.900000,0.073810] 
3.062604 -15.822486 -29.912167  1 C[0.000000,0.900000,0.073810] 
5.030777 -14.943638 -17.460539  1 C[0.000000,0.900000,0.073810] 
24.848010 -13.873862 -13.566843  1 C[0.000000,0.900000,0.073810] 
8.582489 -12.175276 11.427831  1 C[0.000000,0.900000,0.073810] 
15.949855 -11.328504 19.058192  1 C[0.000000,0.900000,0.073810] 
-0.065170 -3.179964 21.278203  1 C[0.000000,0.900000,0.073810] 
1.388382 -8.807294 32.148333  1 C[0.000000,0.900000,0.073810] 
1.572118 -7.679597 31.895417  1 C[0.000000,0.900000,0.073810] 
0.874259 0.135985 48.140745  1 C[0.000000,0.900000,0.073810] 
9.984253 -11.614227 -40.630539  1 C[0.000000,0.900000,0.073810] 
12.329505 -5.965399 -36.112659  1 C[0.000000,0.900000,0.073810] 
-12.430413 -3.884462 -15.404385  1 C[0.000000,0.900000,0.073810] 
23.890124 -10.289618 -17.217025  1 C[0.000000,0.900000,0.073810] 
24.228449 -13.086072 -14.039478  1 C[0.000000,0.900000,0.073810] 
15.969616 -0.293964 21.227037  1 C[0.000000,0.900000,0.073810] 
1.016736 -2.926317 21.081664  1 C[0.000000,0.900000,0.073810] 
-1.172197 11.373741 14.945257  1 C[0.000000,0.900000,0.073810] 
16.420055 -4.390192 46.048554  1 C[0.000000,0.900000,0.073810] 
21.897376 15.541614 45.719334  1 C[0.000000,0.900000,0.073810] 
12.095341 21.928338 48.441077  1 C[0.000000,0.900000,0.073810] 
4.838747 22.865391 -30.633624  1 C[0.000000,0.900000,0.073810] 
-15.449334 5.021292 -30.505714  1 C[0.000000,0.900000,0.073810] 
16.540930 6.840223 -32.165198  1 C[0.000000,0.900000,0.073810] 
2.639734 1.846284 -2.036039  1 C[0.000000,0.900000,0.073810] 
14.986848 -0.841444 21.454092  1 C[0.000000,0.900000,0.073810] 
16.217429 21.201005 30.017513  1 C[0.000000,0.900000,0.073810] 
22.731805 5.821701 31.091310  1 C[0.000000,0.900000,0.073810] 
12.678239 14.085923 46.982478  1 C[0.000000,0.900000,0.073810] 
12.918543 21.372010 48.006114  1 C[0.000000,0.900000,0.073810] 
8.533241 16.319489 -41.726564  1 C[0.000000,0.900000,0.073810] 
11.852798 26.670086 -39.827083  1 C[0.000000,0.900000,0.073810] 
12.298185 27.079902 -40.685147  1 C[0.000000,0.900000,0.073810] 
11.972161 26.239710 1.804932  1 C[0.000000,0.900000,0.073810] 
25.583090 28.650854 21.067529  1 C[0.000000,0.900000,0.073810] 
5.734001 24.510652 11.136323  1 C[0.000000,0.900000,0.073810] 
5.322664 8.150930 14.891804  1 C[0.000000,0.900000,0.073810] 
8.161267 17.605082 19.053304  1 C[0.000000,0.900000,0.073810] 
15.456692 21.021802 29.116287  1 C[0.000000,0.900000,0.073810] 
12.857579 21.442094 49.127233  1 C[0.000000,0.900000,0.073810] 
-2.674399 30.554304 40.365245  1 C[0.000000,0.900000,0.073810] 
-0.214613 34.022670 -32.255326  1 C[0.000000,0.900000,0.073810] 
11.318640 26.270219 0.945747  1 C[0.000000,0.900000,0.073810] 
12.342785 26.630884 0.758583  1 C[0.000000,0.900000,0.073810] 
2.785098 32.441559 -8.246060  1 C[0.000000,0.900000,0.073810] 
25.591912 29.843144 21.176119  1 C[0.000000,0.900000,0.073810] 
18.288848 24.633066 21.768597  1 C[0.000000,0.900000,0.073810] 
18.245994 24.306788 22.883808  1 C[0.000000,0.900000,0.073810] 
11.923830 20.874359 48.279116  1 C[0.000000,0.900000,0.073810] 
18.255359 43.631991 38.386996  1 C[0.000000,0.900000,0.073810] 
19.715958 28.836251 -33.101692  1 C[0.000000,0.900000,0.073810] 
16.839628 43.858332 -19.820472  1 C[0.000000,0.900000,0.073810] 
12.806608 -44.664319 -17.905035  1 C[0.000000,0.900000,0.073810] 
9.618874 32.651730 -25.155760  1 C[0.000000,0.900000,0.073810] 
11.780277 33.934148 -0.954920  1 C[0.000000,0.900000,0.073810] 
-1.338366 45.956807 11.819035  1 C[0.000000,0.900000,0.073810] 
0.389199 34.163664 23.026445  1 C[0.000000,0.900000,0.073810] 
7.573812 46.691278 32.783725  1 C[0.000000,0.900000,0.073810] 
7.249982 45.926279 32.060457  1 C[0.000000,0.900000,0.073810] 
26.107444 -47.015882 -47.301578  1 C[0.000000,0.900000,0.073810] 
18.428095 45.913931 -37.754059  1 C[0.000000,0.900000,0.073810] 
26.778128 -37.551099 -36.190278  1 C[0.000000,0.900000,0.073810] 
12.989877 -44.240470 -16.930776  1 C[0.000000,0.900000,0.073810] 
22.423200 -49.800715 -12.870275  1 C[0.000000,0.900000,0.073810] 
19.898819 47.173153 -5.961607  1 C[0.000000,0.900000,0.073810] 
14.688518 45.494050 22.928142  1 C[0.000000,0.900000,0.073810] 
25.037224 -45.960459 26.199225  1 C[0.000000,0.900000,0.073810] 
28.400188 38.816343 22.111165  1 C[0.000000,0.900000,0.073810] 
15.572680 44.709503 22.774817  1 C[0.000000,0.900000,0.073810] 
17.127607 43.419502 38.623369  1 C[0.000000,0.900000,0.073810] 
26.872553 -38.455556 -37.000150  1 C[0.000000,0.900000,0.073810] 
27.854732 -37.792010 -35.687604  1 C[0.000000,0.900000,0.073810] 
13.701304 -44.005686 -17.968618  1 C[0.000000,0.900000,0.073810] 
18.623655 -35.387645 -11.495669  1 C[0.000000,0.900000,0.073810] 
16.944417 -40.573843 5.694850  1 C[0.000000,0.900000,0.073810] 
27.962461 -36.021890 13.177336  1 C[0.000000,0.900000,0.073810] 
22.249561 -38.672821 26.176794  1 C[0.000000,0.900000,0.073810] 
21.241128 -29.287530 27.074645  1 C[0.000000,0.900000,0.073810] 
29.394053 49.079967 45.408655  1 C[0.000000,0.900000,0.073810] 
27.858104 -38.937487 -36.853033  1 C[0.000000,0.900000,0.073810] 
27.257919 -38.706267 -35.952787  1 C[0.000000,0.900000,0.073810] 
30.692987 -23.379951 -31.196779  1 C[0.000000,0.900000,0.073810] 
17.818329 -37.028826 -11.885013  1 C[0.000000,0.900000,0.073810] 
18.770581 -36.536095 -11.592914  1 C[0.000000,0.900000,0.073810] 
20.945667 -35.172922 2.629037  1 C[0.000000,0.900000,0.073810] 
19.989618 -34.444819 2.585563  1 C[0.000000,0.900000,0.073810] 
26.680329 -35.178062 18.704690  1 C[0.000000,0.900000,0.073810] 
8.792225 -35.478998 37.046853  1 C[0.000000,0.900000,0.073810] 
25.377484 -46.341704 27.340010  1 C[0.000000,0.900000,0.073810] 
15.142031 -12.410233 -49.323212  1 C[0.000000,0.900000,0.073810] 
31.191982 -24.400716 -31.577243  1 C[0.000000,0.900000,0.073810] 
36.394696 -24.422652 -45.426800  1 C[0.000000,0.900000,0.073810] 
31.004926 -23.077387 -11.341451  1 C[0.000000,0.900000,0.073810] 
31.035531 -22.479309 -12.237086  1 C[0.000000,0.900000,0.073810] 
28.098887 -16.712916 6.670080  1 C[0.000000,0.900000,0.073810] 
20.357106 -35.004234 1.734661  1 C[0.000000,0.900000,0.073810] 
20.144091 -15.993987 32.140302  1 C[0.000000,0.900000,0.073810] 
18.455096 -20.119576 28.370384  1 C[0.000000,0.900000,0.073810] 
19.205130 -20.693907 28.988413  1 C[0.000000,0.900000,0.073810] 
15.267940 -11.724419 -48.507376  1 C[0.000000,0.900000,0.073810] 
11.274935 -12.695110 -40.016004  1 C[0.000000,0.900000,0.073810] 
15.747526 0.494431 -38.701015  1 C[0.000000,0.900000,0.073810] 
22.679467 -13.497276 -28.411987  1 C[0.000000,0.900000,0.073810] 
30.926862 -23.634975 -12.276376  1 C[0.000000,0.900000,0.073810] 
26.850485 -13.214148 -0.642927  1 C[0.000000,0.900000,0.073810] 
29.358144 -7.587938 -8.335952  1 C[0.000000,0.900000,0.073810] 
24.388496 -10.084280 18.211416  1 C[0.000000,0.900000,0.073810] 
12.887066 3.249223 21.928671  1 C[0.000000,0.900000,0.073810] 
30.368398 -12.624480 45.606733  1 C[0.000000,0.900000,0.073810] 
16.587129 -0.111603 -38.929825  1 C[0.000000,0.900000,0.073810] 
12.006281 -6.799834 -35.351710  1 C[0.000000,0.900000,0.073810] 
11.701945 -5.706902 -35.169891  1 C[0.000000,0.900000,0.073810] 
21.107924 -0.843362 -25.798447  1 C[0.000000,0.900000,0.073810] 
23.742951 4.654525 -12.885576  1 C[0.000000,0.900000,0.073810] 
12.868889 -1.998068 8.578093  1 C[0.000000,0.900000,0.073810] 
14.959533 -0.488660 20.335030  1 C[0.000000,0.900000,0.073810] 
18.058685 8.509973 27.583422  1 C[0.000000,0.900000,0.073810] 
17.617605 9.250295 28.235474  1 C[0.000000,0.900000,0.073810] 
26.579784 10.752242 43.033130  1 C[0.000000,0.900000,0.073810] 
12.887484 15.188099 47.219913  1 C[0.000000,0.900000,0.073810] 
39.044578 21.083234 47.983511  1 C[0.000000,0.900000,0.073810] 
16.580846 0.698117 -37.994434  1 C[0.000000,0.900000,0.073810] 
21.442128 0.172812 -25.368087  1 C[0.000000,0.900000,0.073810] 
24.727400 4.946279 -13.369484  1 C[0.000000,0.900000,0.073810] 
31.111469 4.855662 1.951214  1 C[0.000000,0.900000,0.073810] 
7.790731 18.584687 19.358413  1 C[0.000000,0.900000,0.073810] 
8.805427 17.934179 18.194273  1 C[0.000000,0.900000,0.073810] 
21.080146 -15.718331 31.614196  1 C[0.000000,0.900000,0.073810] 
11.846584 14.907362 46.912933  1 C[0.000000,0.900000,0.073810] 
22.538356 35.485677 48.246192  1 C[0.000000,0.900000,0.073810] 
26.979529 30.819302 -35.566637  1 C[0.000000,0.900000,0.073810] 
5.319614 10.912589 -33.171564  1 C[0.000000,0.900000,0.073810] 
31.622824 16.360855 -27.014097  1 C[0.000000,0.900000,0.073810] 
29.781272 23.338025 -5.602688  1 C[0.000000,0.900000,0.073810] 
30.281140 21.789776 -4.871264  1 C[0.000000,0.900000,0.073810] 
25.637360 29.327734 20.198262  1 C[0.000000,0.900000,0.073810] 
8.396321 19.025640 18.595409  1 C[0.000000,0.900000,0.073810] 
19.997414 13.789697 30.648219  1 C[0.000000,0.900000,0.073810] 
23.380278 21.695179 35.390514  1 C[0.000000,0.900000,0.073810] 
19.392259 22.038420 -44.046775  1 C[0.000000,0.900000,0.073810] 
20.232192 21.945600 -44.768763  1 C[0.000000,0.900000,0.073810] 
32.482214 35.689144 -39.594380  1 C[0.000000,0.900000,0.073810] 
11.336650 44.426964 -36.601309  1 C[0.000000,0.900000,0.073810] 
12.180452 25.525179 0.908243  1 C[0.000000,0.900000,0.073810] 
30.925185 28.268784 -1.794255  1 C[0.000000,0.900000,0.073810] 
23.813517 23.189035 10.660621  1 C[0.000000,0.900000,0.073810] 
24.933955 23.038966 11.275258  1 C[0.000000,0.900000,0.073810] 
22.826923 27.527119 39.995729  1 C[0.000000,0.900000,0.073810] 
7.977823 26.003833 -47.887922  1 C[0.000000,0.900000,0.073810] 
22.264083 34.473988 48.748646  1 C[0.000000,0.900000,0.073810] 
19.778204 29.514876 -32.203256  1 C[0.000000,0.900000,0.073810] 
17.291802 44.346237 -20.825214  1 C[0.000000,0.900000,0.073810] 
16.272945 43.806133 -20.740106  1 C[0.000000,0.900000,0.073810] 
17.281911 43.170825 -20.698619  1 C[0.000000,0.900000,0.073810] 
11.256678 46.003604 6.744369  1 C[0.000000,0.900000,0.073810] 
5.384580 44.023775 10.935610  1 C[0.000000,0.900000,0.073810] 
23.387110 29.788168 29.061886  1 C[0.000000,0.900000,0.073810] 
23.372559 29.528704 30.195616  1 C[0.000000,0.900000,0.073810] 
8.561929 43.907222 34.860960  1 C[0.000000,0.900000,0.073810] 
31.686593 -46.318727 -39.803904  1 C[0.000000,0.900000,0.073810] 
31.991367 -48.173763 -39.187216  1 C[0.000000,0.900000,0.073810] 
30.510438 47.447617 -30.477314  1 C[0.000000,0.900000,0.073810] 
30.803958 47.680065 -29.397503  1 C[0.000000,0.900000,0.073810] 
17.912916 -40.179508 5.216569  1 C[0.000000,0.900000,0.073810] 
31.014209 39.261119 -36.587512  1 C[0.000000,0.900000,0.073810] 
27.218892 -35.940458 12.404615  1 C[0.000000,0.900000,0.073810] 
43.921379 48.611058 26.007405  1 C[0.000000,0.900000,0.073810] 
14.673051 44.310837 23.449409  1 C[0.000000,0.900000,0.073810] 
27.041667 45.695084 40.792551  1 C[0.000000,0.900000,0.073810] 
25.624446 -47.630114 -48.186308  1 C[0.000000,0.900000,0.073810] 
31.918064 -47.369343 -40.033511  1 C[0.000000,0.900000,0.073810] 
38.632159 -29.736407 -31.729453  1 C[0.000000,0.900000,0.073810] 
22.237359 -28.712148 -20.121992  1 C[0.000000,0.900000,0.073810] 
19.656647 -41.821050 -8.867324  1 C[0.000000,0.900000,0.073810] 
22.666845 43.275945 12.335422  1 C[0.000000,0.900000,0.073810] 
33.688705 -32.930141 3.179812  1 C[0.000000,0.900000,0.073810] 
34.582746 -32.621646 3.792744  1 C[0.000000,0.900000,0.073810] 
37.905123 -38.681432 38.529860  1 C[0.000000,0.900000,0.073810] 
17.818339 42.606342 38.594250  1 C[0.000000,0.900000,0.073810] 
41.466591 -30.041383 45.418869  1 C[0.000000,0.900000,0.073810] 
27.701987 -37.826229 -36.783783  1 C[0.000000,0.900000,0.073810] 
21.296843 -25.868933 -25.380426  1 C[0.000000,0.900000,0.073810] 
18.080571 -37.004064 -10.722326  1 C[0.000000,0.900000,0.073810] 
18.016381 -35.979643 -12.234202  1 C[0.000000,0.900000,0.073810] 
32.912631 -28.045060 13.409292  1 C[0.000000,0.900000,0.073810] 
24.153553 -47.227155 4.738549  1 C[0.000000,0.900000,0.073810] 
20.438812 -22.824975 15.784594  1 C[0.000000,0.900000,0.073810] 
7.988434 -35.121301 37.719407  1 C[0.000000,0.900000,0.073810] 
40.886150 -15.228030 36.480151  1 C[0.000000,0.900000,0.073810] 
39.711061 -18.724452 42.649218  1 C[0.000000,0.900000,0.073810] 
37.324323 -23.819498 -45.686095  1 C[0.000000,0.900000,0.073810] 
23.280029 -4.358268 -37.558667  1 C[0.000000,0.900000,0.073810] 
31.579679 -15.325923 -25.771780  1 C[0.000000,0.900000,0.073810] 
30.056975 -22.956712 -11.909207  1 C[0.000000,0.900000,0.073810] 
33.675794 -27.875150 12.601198  1 C[0.000000,0.900000,0.073810] 
40.208497 -18.960676 1.941138  1 C[0.000000,0.900000,0.073810] 
23.918086 -10.031613 17.226370  1 C[0.000000,0.900000,0.073810] 
27.850263 -22.966526 30.952800  1 C[0.000000,0.900000,0.073810] 
26.795836 -26.664518 36.940888  1 C[0.000000,0.900000,0.073810] 
22.392078 -5.028169 -37.292438  1 C[0.000000,0.900000,0.073810] 
39.216999 -2.157187 -44.018506  1 C[0.000000,0.900000,0.073810] 
22.149203 -4.351038 -38.127096  1 C[0.000000,0.900000,0.073810] 
28.610608 -6.751884 -7.807326  1 C[0.000000,0.900000,0.073810] 
21.894327 -12.729721 -28.466533  1 C[0.000000,0.900000,0.073810] 
29.323344 -7.171317 -7.166094  1 C[0.000000,0.900000,0.073810] 
23.240245 -10.150071 18.140535  1 C[0.000000,0.900000,0.073810] 
23.106671 -10.796307 17.212409  1 C[0.000000,0.900000,0.073810] 
20.495095 0.206501 39.294929  1 C[0.000000,0.900000,0.073810] 
29.474703 -12.580161 46.231311  1 C[0.000000,0.900000,0.073810] 
38.280687 -1.543013 -43.866161  1 C[0.000000,0.900000,0.073810] 
15.871753 1.468695 -38.307988  1 C[0.000000,0.900000,0.073810] 
23.061204 -12.334798 -28.298293  1 C[0.000000,0.900000,0.073810] 
16.637930 1.209460 -38.965078  1 C[0.000000,0.900000,0.073810] 
29.866702 -6.639697 -8.012080  1 C[0.000000,0.900000,0.073810] 
28.399419 -6.686304 -6.721273  1 C[0.000000,0.900000,0.073810] 
20.406477 -8.658919 25.805955  1 C[0.000000,0.900000,0.073810] 
23.931665 -11.079707 17.872101  1 C[0.000000,0.900000,0.073810] 
17.159570 8.171427 28.103164  1 C[0.000000,0.900000,0.073810] 
39.796254 5.308125 -38.651328  1 C[0.000000,0.900000,0.073810] 
19.309086 23.564827 -45.791664  1 C[0.000000,0.900000,0.073810] 
25.535433 14.407376 -28.846750  1 C[0.000000,0.900000,0.073810] 
25.512004 14.752424 -29.918554  1 C[0.000000,0.900000,0.073810] 
32.251386 15.829819 -26.379137  1 C[0.000000,0.900000,0.073810] 
37.049952 8.729949 -1.486758  1 C[0.000000,0.900000,0.073810] 
32.133868 4.489872 1.911810  1 C[0.000000,0.900000,0.073810] 
31.907892 5.308450 2.634819  1 C[0.000000,0.900000,0.073810] 
38.774073 7.046206 14.705578  1 C[0.000000,0.900000,0.073810] 
24.147775 21.039451 35.812892  1 C[0.000000,0.900000,0.073810] 
31.070650 5.502420 39.443025  1 C[0.000000,0.900000,0.073810] 
42.871453 18.571343 -38.655649  1 C[0.000000,0.900000,0.073810] 
23.644438 35.417040 -41.283290  1 C[0.000000,0.900000,0.073810] 
25.769539 30.964164 -35.282737  1 C[0.000000,0.900000,0.073810] 
31.238084 16.075628 -25.971264  1 C[0.000000,0.900000,0.073810] 
31.413034 27.957211 -0.818257  1 C[0.000000,0.900000,0.073810] 
24.373025 17.923436 -8.834466  1 C[0.000000,0.900000,0.073810] 
7.700243 18.140462 18.263630  1 C[0.000000,0.900000,0.073810] 
26.869483 13.420405 22.590395  1 C[0.000000,0.900000,0.073810] 
25.975413 13.997931 23.024787  1 C[0.000000,0.900000,0.073810] 
23.051207 20.781249 35.869012  1 C[0.000000,0.900000,0.073810] 
22.761163 28.622471 40.181795  1 C[0.000000,0.900000,0.073810] 
22.776656 35.395760 49.363887  1 C[0.000000,0.900000,0.073810] 
39.211619 24.884516 -34.822304  1 C[0.000000,0.900000,0.073810] 
29.444365 22.424309 -4.942272  1 C[0.000000,0.900000,0.073810] 
30.191744 22.378113 -5.916433  1 C[0.000000,0.900000,0.073810] 
26.570958 29.250388 20.935996  1 C[0.000000,0.900000,0.073810] 
33.190827 29.001203 17.131627  1 C[0.000000,0.900000,0.073810] 
26.839240 13.797151 23.680785  1 C[0.000000,0.900000,0.073810] 
31.558662 26.880215 32.595768  1 C[0.000000,0.900000,0.073810] 
22.377004 27.795298 40.906101  1 C[0.000000,0.900000,0.073810] 
36.609372 46.371166 -49.877566  1 C[0.000000,0.900000,0.073810] 
32.254194 -47.026268 -39.021450  1 C[0.000000,0.900000,0.073810] 
40.434680 34.137045 -21.074675  1 C[0.000000,0.900000,0.073810] 
21.302048 42.455972 -14.739812  1 C[0.000000,0.900000,0.073810] 
12.982818 34.124491 -0.644325  1 C[0.000000,0.900000,0.073810] 
14.400216 45.457635 -5.770707  1 C[0.000000,0.900000,0.073810] 
32.366125 28.353628 16.669367  1 C[0.000000,0.900000,0.073810] 
32.613981 27.029578 32.852589  1 C[0.000000,0.900000,0.073810] 
27.394313 45.031318 41.717061  1 C[0.000000,0.900000,0.073810] 
27.146129 46.077931 42.019256  1 C[0.000000,0.900000,0.073810] 
29.979807 -45.429448 37.855457  1 C[0.000000,0.900000,0.073810] 
-48.011645 -46.706939 -33.688978  1 C[0.000000,0.900000,0.073810] 
36.502641 -34.075109 -21.921812  1 C[0.000000,0.900000,0.073810] 
43.778610 48.331013 -6.115475  1 C[0.000000,0.900000,0.073810] 
23.529782 -49.957792 -13.219176  1 C[0.000000,0.900000,0.073810] 
48.075653 41.535885 -0.511857  1 C[0.000000,0.900000,0.073810] 
38.522617 -48.727543 7.819839  1 C[0.000000,0.900000,0.073810] 
38.590719 -48.852297 6.758894  1 C[0.000000,0.900000,0.073810] 
37.122968 -39.312948 39.170491  1 C[0.000000,0.900000,0.073810] 
40.146991 -44.745540 43.816823  1 C[0.000000,0.900000,0.073810] 
30.835727 -45.477192 38.534910  1 C[0.000000,0.900000,0.073810] 
48.385342 -45.116439 44.833868  1 C[0.000000,0.900000,0.073810] 
-48.723161 -39.700999 -38.113828  1 C[0.000000,0.900000,0.073810] 
-49.125537 -46.867490 -33.622401  1 C[0.000000,0.900000,0.073810] 
-49.354852 -30.780459 -11.142026  1 C[0.000000,0.900000,0.073810] 
37.124482 -41.696079 5.373263  1 C[0.000000,0.900000,0.073810] 
46.492456 -32.736816 28.990304  1 C[0.000000,0.900000,0.073810] 
33.680736 -32.668988 4.304182  1 C[0.000000,0.900000,0.073810] 
-44.276179 -24.568681 7.360527  1 C[0.000000,0.900000,0.073810] 
38.061910 -39.796727 38.911895  1 C[0.000000,0.900000,0.073810] 
42.004288 -34.313489 43.034072  1 C[0.000000,0.900000,0.073810] 
37.798655 -23.475896 -44.701561  1 C[0.000000,0.900000,0.073810] 
-49.563838 -27.270336 -32.068387  1 C[0.000000,0.900000,0.073810] 
49.968895 -32.070315 -31.806736  1 C[0.000000,0.900000,0.073810] 
37.639841 -42.247473 4.620245  1 C[0.000000,0.900000,0.073810] 
37.741850 -42.620663 5.628862  1 C[0.000000,0.900000,0.073810] 
35.111282 -11.373036 13.431049  1 C[0.000000,0.900000,0.073810] 
28.204971 -23.008231 29.785642  1 C[0.000000,0.900000,0.073810] 
38.042626 -38.931800 39.633992  1 C[0.000000,0.900000,0.073810] 
26.768691 -26.162242 37.969652  1 C[0.000000,0.900000,0.073810] 
39.310247 -25.047418 40.829234  1 C[0.000000,0.900000,0.073810] 
37.241275 -24.454001 -44.692382  1 C[0.000000,0.900000,0.073810] 
49.782821 -26.918141 -31.162482  1 C[0.000000,0.900000,0.073810] 
43.834749 -19.914396 -23.771257  1 C[0.000000,0.900000,0.073810] 
45.189285 -29.009690 -8.939780  1 C[0.000000,0.900000,0.073810] 
39.785204 -17.955880 2.281777  1 C[0.000000,0.900000,0.073810] 
40.512790 -7.178024 20.324228  1 C[0.000000,0.900000,0.073810] 
33.098481 -0.029444 28.897289  1 C[0.000000,0.900000,0.073810] 
28.925903 -23.340626 30.816251  1 C[0.000000,0.900000,0.073810] 
-42.796595 -6.952230 38.594443  1 C[0.000000,0.900000,0.073810] 
29.865677 -13.610539 45.784190  1 C[0.000000,0.900000,0.073810] 
36.608869 -23.523877 -44.775068  1 C[0.000000,0.900000,0.073810] 
-48.903907 -5.106801 -29.133137  1 C[0.000000,0.900000,0.073810] 
29.251371 -6.016125 -7.230990  1 C[0.000000,0.900000,0.073810] 
44.637417 -28.411426 -9.877430  1 C[0.000000,0.900000,0.073810] 
-45.506586 14.218351 3.709193  1 C[0.000000,0.900000,0.073810] 
39.436949 -18.209368 1.244139  1 C[0.000000,0.900000,0.073810] 
39.610034 -25.840277 26.305459  1 C[0.000000,0.900000,0.073810] 
48.746745 -9.195406 28.115888  1 C[0.000000,0.900000,0.073810] 
47.823692 -17.635296 48.638407  1 C[0.000000,0.900000,0.073810] 
48.377583 -16.923869 49.382565  1 C[0.000000,0.900000,0.073810] 
-48.868892 -6.391805 -29.024424  1 C[0.000000,0.900000,0.073810] 
-48.961067 18.235471 -12.136451  1 C[0.000000,0.900000,0.073810] 
24.693833 3.991831 -12.837502  1 C[0.000000,0.900000,0.073810] 
24.638569 5.017465 -12.291869  1 C[0.000000,0.900000,0.073810] 
48.101030 4.594515 -10.312228  1 C[0.000000,0.900000,0.073810] 
40.605323 -18.059493 1.405222  1 C[0.000000,0.900000,0.073810] 
42.891597 0.704244 23.696802  1 C[0.000000,0.900000,0.073810] 
49.212587 -2.025476 21.163700  1 C[0.000000,0.900000,0.073810] 
42.591839 1.583838 41.423978  1 C[0.000000,0.900000,0.073810] 
37.208341 12.750333 -49.403182  1 C[0.000000,0.900000,0.073810] 
48.899808 3.555506 -43.748390  1 C[0.000000,0.900000,0.073810] 
36.123920 8.294900 -10.299093  1 C[0.000000,0.900000,0.073810] 
37.958708 14.307499 -10.753297  1 C[0.000000,0.900000,0.073810] 
24.033008 17.284733 -8.048091  1 C[0.000000,0.900000,0.073810] 
-46.431858 13.588775 3.822676  1 C[0.000000,0.900000,0.073810] 
36.636633 7.339067 -10.190319  1 C[0.000000,0.900000,0.073810] 
39.449849 7.902725 14.763081  1 C[0.000000,0.900000,0.073810] 
31.601889 6.753009 20.446434  1 C[0.000000,0.900000,0.073810] 
-49.103581 1.867043 42.067798  1 C[0.000000,0.900000,0.073810] 
39.134967 21.400526 46.853208  1 C[0.000000,0.900000,0.073810] 
35.895429 30.753606 -40.007899  1 C[0.000000,0.900000,0.073810] 
42.851430 10.179044 -35.785702  1 C[0.000000,0.900000,0.073810] 
37.067172 14.644224 -11.441493  1 C[0.000000,0.900000,0.073810] 
-46.865561 31.519083 -25.219550  1 C[0.000000,0.900000,0.073810] 
33.252554 27.829488 17.044418  1 C[0.000000,0.900000,0.073810] 
-41.053186 36.851282 7.162763  1 C[0.000000,0.900000,0.073810] 
33.272142 28.445669 16.046968  1 C[0.000000,0.900000,0.073810] 
38.231161 21.661345 47.392123  1 C[0.000000,0.900000,0.073810] 
38.339525 20.577248 47.215824  1 C[0.000000,0.900000,0.073810] 
25.488363 20.998836 -38.959109  1 C[0.000000,0.900000,0.073810] 
41.062556 39.892527 -28.504954  1 C[0.000000,0.900000,0.073810] 
31.599993 35.992198 -38.677615  1 C[0.000000,0.900000,0.073810] 
41.991612 40.398558 -28.089743  1 C[0.000000,0.900000,0.073810] 
47.973715 40.470495 -0.048062  1 C[0.000000,0.900000,0.073810] 
40.024629 37.512450 -6.375586  1 C[0.000000,0.900000,0.073810] 
45.174792 26.194443 15.474695  1 C[0.000000,0.900000,0.073810] 
44.157615 26.437114 15.299102  1 C[0.000000,0.900000,0.073810] 
-38.716258 30.354160 16.708418  1 C[0.000000,0.900000,0.073810] 
26.351059 45.394895 41.624727  1 C[0.000000,0.900000,0.073810] 
45.953557 25.819817 -41.627109  1 C[0.000000,0.900000,0.073810] 
30.146831 38.634027 -35.989105  1 C[0.000000,0.900000,0.073810] 
40.899709 40.754535 -27.800655  1 C[0.000000,0.900000,0.073810] 
46.355125 23.673661 -24.524341  1 C[0.000000,0.900000,0.073810] 
46.709517 24.680370 -25.057075  1 C[0.000000,0.900000,0.073810] 
48.259680 41.483324 0.600147  1 C[0.000000,0.900000,0.073810] 
43.581018 -48.505149 5.418199  1 C[0.000000,0.900000,0.073810] 
44.466591 26.131752 16.263088  1 C[0.000000,0.900000,0.073810] 
44.807981 27.150161 16.010333  1 C[0.000000,0.900000,0.073810] 
26.733255 44.624209 40.942312  1 C[0.000000,0.900000,0.073810] 
