0.096289	0.25
0.137736	0.5
0.166484	0.75
0.188931	1
0.207356	1.25
0.223946	1.5
0.237944	1.75
0.250773	2
0.262648	2.25
0.273610	2.5
0.283622	2.75
0.293502	3
0.302757	3.25
0.311689	3.5
0.320186	3.75
0.328629	4
0.337321	4.25
0.346025	4.5
0.395000	4.75
0.415000	5
0	5.25
0	5.5
0.467915	5.75
0.480514	6
0.481072	6.25
0.501429	6.5
0.510575	6.75
0.518577	7
0.526931	7.25
0.533875	7.5
0.545033	7.75
0.547794	8
0.556100	8.25
0.562882	8.5
0.567292	8.75
0.575453	9
0.580257	9.25
0.582073	9.5
0.589254	9.75
0.627734	10
0.632346	10.25
0.634941	10.5
0.635314	10.75
0.646054	11
