 .Vol:   281077.60460572841        67.625989433397251        50.080791929897920        82.992992370435289     
   5.9627301931132530        20.653197601141429        9.6748773637266510       0.78988094294897326       0.59411834538934949      -0.15202462839244935      @     1.5      16      C[0.000000,0.800000,0.673810]
  -26.460150504778898        8.8790697987360687        13.719495293356891       0.81162620449422052       0.49667093807557977       0.30754005178094967      @     1.5      16      C[0.000000,0.800000,0.673810]
  -9.3406113362126142        11.306528001135550        1.8060496136358071       0.13541443882958365      -0.96639672600033755      -0.21849553252251491      @     1.5      16      C[0.000000,0.800000,0.673810]
  -6.3893099706664813        14.255315306592070       -14.288992633142968      -0.43425095326760449      -0.45207424312307937      -0.77913733596258350      @     1.5      16      C[0.000000,0.800000,0.673810]
   3.8128824026636297       -19.070597118137375        33.611931919597808       0.65363380114863989      -0.70928091362596291       0.26397621021959516      @     1.5      16      C[0.000000,0.800000,0.673810]
  -27.918502730553268       -11.736224434759050       -26.750172639509671       0.47031249338321218       0.59839077924242479       0.64864060456103867      @     1.5      16      C[0.000000,0.800000,0.673810]
  -8.7415533885804368       -11.737965465094142       -24.344455702599820       0.48677079973287635       0.26003859745981223      -0.83392692507110577      @     1.5      16      C[0.000000,0.800000,0.673810]
   16.516090115521138       -22.138096342771483        1.5629274083744551       -6.6873734385634140E-002  0.99250826870838893       0.10225086891951610      @     1.5      16      C[0.000000,0.800000,0.673810]
   28.775723319704841       -21.230563937806703       -21.720278301374208      -0.24786583225845640      -0.96799552872712402        3.9334279745770064E-002 @     1.5      16      C[0.000000,0.800000,0.673810]
  -23.670299531045472       -22.352664260242353        39.778964548391393      -0.33651282527821963       0.24904651721358181       0.90814918966382141      @     1.5      16      C[0.000000,0.800000,0.673810]
  -10.243013909698854      -0.43007628182642615        15.775323568238012      -0.29322255040682005      -0.45242326477529998      -0.84221952329720939      @     1.5      16      C[0.000000,0.800000,0.673810]
   10.244904408025608        23.710960414669600        16.416361119204858      -0.88849050672059116       0.24289738534617539      -0.38933979973716887      @     1.5      16      C[0.000000,0.800000,0.673810]
   1.7230411587542303        16.729991595832338       -17.778646449990251       0.46273544570159986       0.85992748143185893      -0.21540806384534861      @     1.5      16      C[0.000000,0.800000,0.673810]
  -19.107350042435094        1.8325051102273959       -7.5409614736901478       0.52035357210801902       -4.0801942609563095E-002  0.85297559254278232      @     1.5      16      C[0.000000,0.800000,0.673810]
   14.332511648066992       -21.391835702763846       -16.530527215758784       0.40779282513914877      -0.90037261864378970      -0.15177008717647947      @     1.5      16      C[0.000000,0.800000,0.673810]
  -26.650337458231959        17.245020289456271       -5.1850345713802470      -0.88016615933851261      -0.42960700534338753       0.20185478174959981      @     1.5      16      C[0.000000,0.800000,0.673810]
 -0.78027865024668219       -5.4292954200401438       -26.107457891987462       -1.2252304989916868E-002  0.99974194366763303        1.9129220948526499E-002 @     1.5      16      C[0.000000,0.800000,0.673810]
  -27.630345917342844        23.327123382743547       -14.425550442633437      -0.38122844869478500      -0.85966736748017203       0.34005424154901875      @     1.5      16      C[0.000000,0.800000,0.673810]
   11.249082859382094       -14.316782332578009       -6.3212152397693187       0.96069099588684970       0.27606874686234356       -2.9306269428027863E-002 @     1.5      16      C[0.000000,0.800000,0.673810]
  -11.401481744980117       -22.277419131052763        7.5356193720060478      -0.80561908208189170      -0.54446613706980318       0.23352627297547629      @     1.5      16      C[0.000000,0.800000,0.673810]
   25.142979133349669       -11.691452731201780        21.626271346083627       0.44213292244411428       -4.2854276314584085E-002 -0.89592521445295881      @     1.5      16      C[0.000000,0.800000,0.673810]
  -28.933634023317079       -12.620108124297886        39.502314104085052      -0.92701866672650468      -0.36236096541226581        9.6596699147043663E-002 @     1.5      16      C[0.000000,0.800000,0.673810]
  -20.644090788818549        19.701796780950751        35.693808485017982       0.66647611839993304       -2.6443233695698974E-002  0.74505727229138086      @     1.5      16      C[0.000000,0.800000,0.673810]
  -1.3681451727920186        16.816263111709201       -21.240949490473156        2.1612375204880404E-002  0.19353178968675205       0.98085592806418120      @     1.5      16      C[0.000000,0.800000,0.673810]
  -3.3970773994843770        4.0638113166736774E-002  -41.495432685934695       0.74098132679003093       0.60886275210188945      -0.28325398929476420      @     1.5      16      C[0.000000,0.800000,0.673810]
  -15.835195480354528       -3.0575831650421761        39.817610857212124      -0.73915903234850100      -0.63892120409904296      -0.21312817704437034      @     1.5      16      C[0.000000,0.800000,0.673810]
  -5.2458830466280348        16.402735749579666       -39.003017307827456      -0.11605796916148663      -0.13769095673947046      -0.98365224964226083      @     1.5      16      C[0.000000,0.800000,0.673810]
   13.991434197779556       -23.226916979135343       -1.4226087554651292       0.18528980466219283       0.60042307925595639      -0.77792018497082449      @     1.5      16      C[0.000000,0.800000,0.673810]
  -21.644313259987356        22.356942589507202        30.472906919162206       0.62298392182296480       -8.0633081536974960E-002  0.77806769584139002      @     1.5      16      C[0.000000,0.800000,0.673810]
  -19.668997518608649       -9.9928677366792904       -16.629718940499778      -0.64953354950381270      -0.29963688634508495      -0.69880176331374599      @     1.5      16      C[0.000000,0.800000,0.673810]
  -22.208141302283988       -10.493626188319805       -7.7794243476043556      -0.48690044491376538       0.33220962205740434       0.80781478307546084      @     1.5      16      C[0.000000,0.800000,0.673810]
   14.069521300115531       -5.1662629064451249        12.233097430874478        6.2163522850052354E-002 -0.97332535170939960       0.22084713298262393      @     1.5      16      C[0.000000,0.800000,0.673810]
  -11.090630964995432       -1.8032146082082003       -39.739471549066330       0.72446833393918941       0.64042615989104457       0.25495091066043540      @     1.5      16      C[0.000000,0.800000,0.673810]
  -23.524509002468939        5.6470722445471830        1.9332857573322713      -0.47483380532547115      -0.88007499297307712        9.2955019816235839E-004 @     1.5      16      C[0.000000,0.800000,0.673810]
   12.475613648188371        16.353881759449251        26.052998828098868       0.66144603212630360       0.10811757041054705      -0.74215883579789677      @     1.5      16      C[0.000000,0.800000,0.673810]
   5.6159942332161021        17.230939559466794        38.459163781063609      -0.67821131033279802       0.32250810402332725       0.66031654634421189      @     1.5      16      C[0.000000,0.800000,0.673810]
   9.5766704255031385       -2.5284913841063554        9.7479326013930674       0.26043507749293537      -0.63816311393714109       0.72451460331818029      @     1.5      16      C[0.000000,0.800000,0.673810]
  -23.048434037161520       -22.266467452849948        21.561016395274610        4.5300435576134800E-002 -0.48663445593457977      -0.87243038509319937      @     1.5      16      C[0.000000,0.800000,0.673810]
  -33.767016700209453       -5.5465626545049727       -36.930978391753747      -0.49254003568010057      -0.14052620256342571       0.85886943108096936      @     1.5      16      C[0.000000,0.800000,0.673810]
