100
0                   5                   
0                   5                   
0                   5                   
4.99048             0.179548            1.08862             0.5                 
4.53984             2.88763             0.355029            0.5                 
0.167602            0.233204            1.01647             0.5                 
4.00694             0.838224            0.828486            0.5                 
1.03089             2.52231             4.80345             0.5                 
3.74991             2.23864             1.43689             0.5                 
2.20191             4.3403              0.79795             0.5                 
4.24969             4.46304             0.47004             0.5                 
3.92042             4.05689             3.17371             0.5                 
2.31338             1.19163             1.71189             0.5                 
2.25557             3.56715             0.901028            0.5                 
2.43504             0.327875            4.12167             0.5                 
4.06568             0.648677            1.07283             0.5                 
4.89508             2.32053             0.0419553           0.5                 
1.57998             3.96933             3.50416             0.5                 
1.57896             3.09464             4.1582              0.5                 
3.67678             3.1752              0.414506            0.5                 
2.35369             4.5345              0.683344            0.5                 
0.11021             1.74846             2.04501             0.5                 
1.25179             0.116765            1.48761             0.5                 
3.69345             3.82821             0.805979            0.5                 
3.73537             3.72493             0.321522            0.5                 
0.240527            3.55952             3.17964             0.5                 
0.161226            1.4016              3.26814             0.5                 
1.47259             4.3097              2.4228              0.5                 
4.06382             0.828968            1.46959             0.5                 
4.64224             0.754112            3.13432             0.5                 
3.3481              1.67562             0.574692            0.5                 
2.77245             1.3142              0.55494             0.5                 
2.39403             4.83702             1.48698             0.5                 
1.22502             2.65635             1.38374             0.5                 
3.15356             3.99301             2.76499             0.5                 
2.48632             0.162286            0.223559            0.5                 
2.20261             3.22662             4.36647             0.5                 
2.56336             0.391099            3.46435             0.5                 
4.87974             3.92811             3.07329             0.5                 
2.05246             2.92873             2.23271             0.5                 
4.02435             3.35798             1.12356             0.5                 
0.0210986           4.29591             0.732991            0.5                 
2.23024             0.688659            3.1812              0.5                 
4.89296             2.60578             3.37031             0.5                 
0.279615            2.15365             0.151091            0.5                 
4.87585             1.48279             0.188986            0.5                 
3.73711             4.28215             4.73243             0.5                 
3.47826             4.23633             3.26352             0.5                 
0.144047            2.50951             1.67021             0.5                 
0.495705            4.38954             2.06343             0.5                 
0.919375            3.4932              3.8139              0.5                 
4.92332             3.8167              2.1169              0.5                 
4.73796             3.21032             0.6796              0.5                 
1.98324             1.53996             2.94058             0.5                 
1.09338             3.4904              2.79022             0.5                 
2.61553             0.102816            1.30337             0.5                 
2.18229             2.88813             4.20065             0.5                 
3.57787             0.901062            3.15708             0.5                 
3.44655             1.78233             4.44785             0.5                 
2.92106             4.24267             2.56785             0.5                 
1.13899             1.843               4.79839             0.5                 
0.898844            1.80041             2.23047             0.5                 
2.78739             3.59279             1.70593             0.5                 
2.18354             4.84153             4.96721             0.5                 
4.30697             3.17209             0.0186796           0.5                 
4.87828             1.41175             1.39314             0.5                 
1.31778             3.59152             1.18547             0.5                 
4.73207             4.82745             2.37517             0.5                 
2.83238             1.3566              3.97992             0.5                 
2.24966             1.02794             4.72386             0.5                 
1.724               3.49769             0.389573            0.5                 
4.60545             2.72779             3.66782             0.5                 
1.1556              4.87444             0.913609            0.5                 
0.940544            3.49902             2.91144             0.5                 
0.949505            3.47843             1.16602             0.5                 
4.76139             3.39682             0.496038            0.5                 
3.86154             4.53091             2.85471             0.5                 
4.63902             2.74985             3.87282             0.5                 
2.43809             4.83752             0.900324            0.5                 
1.51133             0.46807             1.69062             0.5                 
4.03377             3.92972             2.63689             0.5                 
0.125464            4.30328             4.38018             0.5                 
4.12876             0.0685295           1.72557             0.5                 
3.74899             3.07609             2.83785             0.5                 
1.19993             4.69531             2.49767             0.5                 
0.995796            0.740816            1.22626             0.5                 
3.91284             4.18804             4.44802             0.5                 
1.56976             0.464422            1.55097             0.5                 
3.58469             3.10613             1.53231             0.5                 
4.70369             0.474444            3.53408             0.5                 
0.966485            1.92661             1.74947             0.5                 
1.34462             4.65518             0.625555            0.5                 
0.0774378           4.18219             3.33245             0.5                 
1.12785             1.2973              2.21657             0.5                 
1.92355             1.36273             0.565199            0.5                 
0.0267616           2.43711             2.95478             0.5                 
0.23269             4.49744             2.54918             0.5                 
0.299071            2.04112             2.43576             0.5                 
4.84113             2.36996             1.13758             0.5                 
4.69953             2.73451             2.56535             0.5                 
0.95962             0.898883            0.690187            0.5                 
2.42346             2.52001             0.406233            0.5                 
1.40024             1.25119             4.02286             0.5                 
