100
0                   10                  
0                   10                  
0                   10                  
2.96009             3.32632             8.75683             0.5                 
2.19308             9.84257             6.10111             0.5                 
5.5416              0.727043            6.59318             0.5                 
2.68782             7.40145             2.65233             0.5                 
1.14958             1.39636             3.39192             0.5                 
8.85011             1.75032             2.26289             0.5                 
5.96354             3.16774             5.24161             0.5                 
2.46118             1.30836             2.67324             0.5                 
9.60479             2.6922              0.174418            0.5                 
0.141628            4.3632              3.84755             0.5                 
6.21861             1.92828             6.03689             0.5                 
9.14573             4.82772             2.93732             0.5                 
8.77408             9.1347              0.0978173           0.5                 
9.37555             3.0178              0.791965            0.5                 
0.904003            9.71648             8.659               0.5                 
5.4566              6.36185             6.34356             0.5                 
2.83147             0.544852            0.821074            0.5                 
3.48011             3.53524             5.53158             0.5                 
7.71961             0.65345             8.2782              0.5                 
4.20728             1.1054              6.9932              0.5                 
6.16784             6.13213             4.79924             0.5                 
6.82681             3.30432             8.70646             0.5                 
5.25438             4.27701             8.0722              0.5                 
7.10277             9.51667             0.18039             0.5                 
4.67557             9.10575             2.67594             0.5                 
8.49398             9.62008             7.36085             0.5                 
3.21461             1.22992             1.34571             0.5                 
9.27426             7.21556             3.25646             0.5                 
6.97577             3.30808             1.46297             0.5                 
0.806813            0.792344            5.28435             0.5                 
5.15423             5.2261              0.609024            0.5                 
3.54816             0.844679            8.911               0.5                 
8.71295             0.879441            0.468719            0.5                 
7.8905              2.20252             0.68826             0.5                 
6.17815             9.46357             2.83363             0.5                 
4.76363             8.94455             0.0368061           0.5                 
1.32617             7.65091             5.51805             0.5                 
4.69969             4.80733             9.94729             0.5                 
4.1621              0.430094            8.66658             0.5                 
7.35974             3.48898             7.49593             0.5                 
9.96292             0.758241            4.90582             0.5                 
0.676916            6.66148             2.08217             0.5                 
2.95591             4.26596             1.99299             0.5                 
4.44473             1.9978              3.99293             0.5                 
6.95976             5.95307             6.03732             0.5                 
0.273702            3.95735             2.86835             0.5                 
1.53642             4.47475             2.49095             0.5                 
6.40812             7.03214             4.01398             0.5                 
8.5155              5.42309             6.58521             0.5                 
2.82475             3.18614             7.09507             0.5                 
9.58025             2.67271             7.05915             0.5                 
9.52353             6.56625             3.1807              0.5                 
4.27288             3.4682              5.86982             0.5                 
0.375936            5.36486             0.113354            0.5                 
1.38427             0.816776            5.52104             0.5                 
4.3863              1.95634             9.5091              0.5                 
9.72096             0.446464            2.69978             0.5                 
0.526092            7.85695             2.78216             0.5                 
8.1047              2.88427             3.57947             0.5                 
1.42906             1.5637              7.63259             0.5                 
5.07058             5.96456             6.43343             0.5                 
7.39668             3.96813             7.40815             0.5                 
5.04799             6.90206             1.04003             0.5                 
6.4695              1.67992             5.37613             0.5                 
4.75166             1.39669             6.3222              0.5                 
6.59552             4.63395             6.66111             0.5                 
2.49032             0.0184104           9.06672             0.5                 
1.53513             4.20077             7.50327             0.5                 
9.39763             9.39216             0.939841            0.5                 
7.51361             6.81611             8.08847             0.5                 
0.179801            6.59564             7.98633             0.5                 
2.2872              0.647351            6.98868             0.5                 
1.79818             2.02016             2.72454             0.5                 
9.51823             4.52345             5.85218             0.5                 
2.74612             5.89292             2.54752             0.5                 
7.8915              0.736806            6.97118             0.5                 
2.52553             2.28016             1.41482             0.5                 
8.77791             1.65818             1.44824             0.5                 
8.98369             5.89376             7.05788             0.5                 
7.86308             0.929903            8.74138             0.5                 
7.10176             7.27917             1.62721             0.5                 
6.36088             3.88175             0.233958            0.5                 
5.0732              6.23916             6.57971             0.5                 
9.79402             8.17601             2.94085             0.5                 
5.23552             4.98862             1.86939             0.5                 
4.75193             6.61673             2.14539             0.5                 
8.96575             8.95919             0.270742            0.5                 
6.05641             7.43888             8.86045             0.5                 
8.59345             5.38938             8.8752              0.5                 
4.16309             9.00727             2.83932             0.5                 
6.07701             3.67538             7.88752             0.5                 
9.62883             9.08086             7.66515             0.5                 
2.28744             5.97502             0.222868            0.5                 
9.66712             6.84285             2.8808              0.5                 
3.56712             2.10307             7.05489             0.5                 
8.26426             1.29301             7.78365             0.5                 
5.17332             4.36615             6.52462             0.5                 
7.76799             7.34305             0.326228            0.5                 
0.439365            6.28505             1.72466             0.5                 
9.85994             1.66488             9.10759             0.5                 
