100
0                   5                   
0                   5                   
0                   5                   
4.87264             0.200262            0.936054            0.5                 
4.58685             2.76902             0.465892            0.5                 
0.318714            0.31184             0.862109            0.5                 
3.92319             0.793041            0.804194            0.5                 
0.913228            2.61514             4.71404             0.5                 
3.77341             2.33651             1.41052             0.5                 
2.28641             4.37788             0.729905            0.5                 
4.24638             4.54546             0.627781            0.5                 
3.90139             4.19859             3.1869              0.5                 
2.22859             1.06173             1.67686             0.5                 
2.13233             3.48533             0.850608            0.5                 
2.30236             0.204284            4.28753             0.5                 
4.04212             0.681238            1.13833             0.5                 
4.91087             2.40902             0.137619            0.5                 
1.57164             3.82778             3.39785             0.5                 
1.70959             2.95182             4.28695             0.5                 
3.59783             3.26607             0.435476            0.5                 
2.26078             4.56921             0.782456            0.5                 
4.97798             1.60268             2.12373             0.5                 
1.33708             0.177475            1.35735             0.5                 
3.62817             3.76267             0.824045            0.5                 
3.63252             3.62369             0.449432            0.5                 
0.192131            3.67178             3.19617             0.5                 
0.147742            1.54195             3.35548             0.5                 
1.54574             4.3754              2.546               0.5                 
4.14353             0.934073            1.55256             0.5                 
4.63721             0.756152            3.18101             0.5                 
3.21826             1.6421              0.633347            0.5                 
2.7732              1.27903             0.427754            0.5                 
2.528               4.69588             1.38033             0.5                 
1.31697             2.76009             1.27616             0.5                 
3.16834             4.12216             2.65256             0.5                 
2.57298             0.160944            0.322614            0.5                 
2.06438             3.20109             4.22374             0.5                 
2.51752             0.373893            3.63161             0.5                 
4.89454             4.08548             3.23729             0.5                 
2.21232             2.89183             2.13011             0.5                 
4.15981             3.33309             0.967416            0.5                 
0.0065241           4.28761             0.819464            0.5                 
2.39034             1.72772             4.13768             0.5                 
0.0117294           2.66739             3.46655             0.5                 
0.176785            2.10202             0.221368            0.5                 
0.0230606           2.77513             1.18046             0.5                 
3.81954             4.21186             4.82031             0.5                 
3.56468             4.37402             3.27307             0.5                 
0.235344            2.43037             1.53758             0.5                 
0.671557            4.4162              1.97709             0.5                 
0.950641            3.63293             3.8891              0.5                 
4.91785             3.66028             2.16157             0.5                 
4.63166             3.31467             0.830178            0.5                 
2.07049             1.65916             3.04974             0.5                 
1.0846              3.63299             2.84946             0.5                 
2.71376             0.105632            1.25321             0.5                 
2.06885             2.8574              4.22504             0.5                 
3.68121             0.7909              3.01019             0.5                 
3.53452             1.63274             4.47386             0.5                 
2.86781             4.25638             2.67313             0.5                 
0.957088            1.99512             4.87559             0.5                 
0.920701            1.87317             2.28578             0.5                 
2.90011             3.4298              1.679               0.5                 
2.03764             4.68751             0.0605969           0.5                 
4.48602             3.2022              0.0430224           0.5                 
0.0473743           1.40415             1.42311             0.5                 
1.27658             3.62636             1.05455             0.5                 
4.70832             4.88146             2.47726             0.5                 
2.97157             1.30829             3.94794             0.5                 
2.21877             0.971151            4.80377             0.5                 
1.72825             2.97635             0.654393            0.5                 
4.53589             2.70264             3.71234             0.5                 
1.2276              4.82266             0.890913            0.5                 
0.966104            3.52214             2.92805             0.5                 
1.04996             3.32635             1.03462             0.5                 
4.70806             3.45426             0.505589            0.5                 
3.76686             4.38646             2.99062             0.5                 
4.69906             2.81002             3.95195             0.5                 
2.34488             4.72154             0.967931            0.5                 
1.56802             0.47665             1.54012             0.5                 
4.13743             3.89862             2.72435             0.5                 
0.218675            4.26546             4.23318             0.5                 
4.17159             0.0350814           1.80749             0.5                 
3.66282             3.00596             2.77768             0.5                 
1.26007             4.79813             2.55359             0.5                 
0.877245            0.6861              1.14452             0.5                 
3.84243             4.17236             4.49447             0.5                 
1.59241             0.563281            1.63795             0.5                 
3.43609             3.23672             1.58395             0.5                 
4.57642             0.379352            3.63142             0.5                 
0.836407            1.88872             1.58799             0.5                 
1.23632             4.74546             0.583718            0.5                 
0.0992211           4.23375             3.34859             0.5                 
1.15265             1.25812             2.13091             0.5                 
1.90983             1.30559             0.594824            0.5                 
0.00867749          2.42066             2.94552             0.5                 
0.317108            4.49997             2.4864              0.5                 
0.33769             2.02857             2.34398             0.5                 
4.69745             2.43478             1.03142             0.5                 
4.58192             2.76506             2.40509             0.5                 
1.06379             1.04016             0.747102            0.5                 
2.54675             2.54434             0.35449             0.5                 
1.34859             1.27694             4.05638             0.5                 
