100
0                   5                   
0                   5                   
0                   5                   
4.27127             0.305973            0.157459            0.5                 
4.82678             2.16374             1.03167             0.5                 
1.09403             0.723846            0.0587827           0.5                 
3.49577             0.56245             0.680225            0.5                 
0.327351            3.04739             4.24123             0.5                 
3.89335             2.83597             1.27593             0.5                 
2.71763             4.56963             0.382642            0.5                 
4.22945             4.9661              1.4328              0.5                 
3.80428             4.92174             3.25417             0.5                 
1.79584             0.398782            1.49809             0.5                 
1.50338             3.06779             0.593292            0.5                 
1.59254             4.61434             0.123527            0.5                 
3.92188             0.847408            1.4726              0.5                 
4.99143             2.8606              0.625835            0.5                 
1.52909             3.10539             2.85528             0.5                 
2.35976             2.19482             4.93449             0.5                 
3.19491             3.7298              0.542493            0.5                 
1.7866              4.74631             1.28827             0.5                 
4.30318             0.858718            2.52546             0.5                 
1.77234             0.487307            0.692543            0.5                 
3.29498             3.42818             0.91624             0.5                 
3.10765             3.10701             1.10221             0.5                 
4.94514             4.24467             3.28054             0.5                 
0.179459            2.21862             3.85547             0.5                 
1.91903             4.71072             3.17476             0.5                 
4.55035             1.47047             1.97599             0.5                 
4.61154             0.766566            3.41932             0.5                 
2.55561             1.47105             0.932688            0.5                 
2.77705             1.09953             4.77867             0.5                 
3.21174             3.97564             0.836088            0.5                 
1.7862              3.28955             0.727108            0.5                 
3.24374             4.78128             2.07874             0.5                 
3.01522             0.154093            0.828135            0.5                 
1.35893             3.07082             3.49531             0.5                 
2.23397             0.32659             4.4956              0.5                 
4.97009             4.88861             4.07426             0.5                 
3.02815             2.70352             1.60647             0.5                 
4.8511              3.20608             0.170546            0.5                 
4.93214             4.24528             1.26077             0.5                 
3.32175             2.0328              3.98156             0.5                 
0.617889            2.9818              3.95773             0.5                 
4.652               1.83851             0.580021            0.5                 
4.1237              4.66643             1.13297             0.5                 
4.24019             3.85316             0.268828            0.5                 
4.00573             0.0766754           3.32179             0.5                 
0.701272            2.02653             0.860702            0.5                 
1.569               4.55225             1.53647             0.5                 
1.11021             4.346               4.27288             0.5                 
4.88993             2.86205             2.38954             0.5                 
4.08912             3.84722             1.59864             0.5                 
2.44062             2.226               3.68832             0.5                 
1.03978             4.36067             3.1518              0.5                 
3.21503             0.120004            0.997208            0.5                 
1.47769             2.66891             4.34633             0.5                 
4.20861             0.228695            2.26057             0.5                 
3.98345             0.869312            4.6066              0.5                 
2.59606             4.32637             3.21038             0.5                 
0.0547005           2.73288             0.233611            0.5                 
1.03225             2.24452             2.56802             0.5                 
3.47534             2.59798             1.54155             0.5                 
1.29308             3.90149             0.537167            0.5                 
0.399842            3.35587             0.167254            0.5                 
0.910355            1.36536             1.57604             0.5                 
1.06631             3.80417             0.386404            0.5                 
4.58711             0.157111            2.99826             0.5                 
3.66915             1.06133             3.78545             0.5                 
1.9645              0.725981            0.124558            0.5                 
1.74998             0.315723            2.00588             0.5                 
4.18089             2.57426             3.93951             0.5                 
1.59501             4.55841             0.775088            0.5                 
1.09655             3.64012             3.01283             0.5                 
1.5626              2.55024             0.364025            0.5                 
4.43588             3.74741             0.55433             0.5                 
3.28367             3.64923             3.68423             0.5                 
0.00549652          3.11707             4.35582             0.5                 
1.86916             4.12962             1.31295             0.5                 
1.85738             0.520437            0.772046            0.5                 
4.66643             3.73993             3.17066             0.5                 
0.694373            4.0724              3.48295             0.5                 
4.39017             4.86438             2.22556             0.5                 
3.22309             2.64806             2.4706              0.5                 
1.56698             0.322844            2.83899             0.5                 
0.272225            0.406858            0.727362            0.5                 
3.4831              4.09233             4.73153             0.5                 
1.708               1.0678              2.08184             0.5                 
2.67772             3.90316             1.8475              0.5                 
3.92694             4.89405             4.12819             0.5                 
0.172559            1.6954              0.763884            0.5                 
0.683591            0.206185            0.370208            0.5                 
0.210391            4.49687             3.43099             0.5                 
1.27921             1.05818             1.69375             0.5                 
1.8264              1.01506             0.711579            0.5                 
4.91639             2.33672             2.8983              0.5                 
0.747929            4.51288             2.16599             0.5                 
0.534782            1.96454             1.87559             0.5                 
3.96419             2.76561             0.489634            0.5                 
3.98169             2.92099             1.58726             0.5                 
1.5954              1.76119             1.03756             0.5                 
3.17597             2.6685              0.0904209           0.5                 
1.08502             1.40834             4.22746             0.5                 
