100
0                   5                   
0                   5                   
0                   5                   
4.25216             0.309334            0.132709            0.5                 
4.83441             2.1445              1.04966             0.5                 
1.11899             0.737652            0.0321845           0.5                 
3.48218             0.55512             0.676284            0.5                 
0.308876            3.06074             4.22609             0.5                 
3.89716             2.85185             1.27165             0.5                 
2.73133             4.57573             0.371604            0.5                 
4.22891             4.97947             1.45839             0.5                 
3.80119             4.94473             3.25631             0.5                 
1.78208             0.377709            1.4924              0.5                 
1.48339             3.05452             0.585112            0.5                 
1.56983             4.59581             0.150032            0.5                 
3.91806             0.852691            1.48323             0.5                 
4.99399             2.87495             0.641354            0.5                 
1.52773             3.08243             2.83803             0.5                 
2.37954             2.16977             4.95457             0.5                 
3.1821              3.74454             0.545895            0.5                 
1.77152             4.75194             1.30435             0.5                 
4.28173             0.835068            2.53823             0.5                 
1.78618             0.497156            0.67141             0.5                 
3.28439             3.41755             0.919171            0.5                 
3.09097             3.09058             1.12296             0.5                 
4.93729             4.26289             3.28322             0.5                 
0.183523            2.23815             3.87281             0.5                 
1.93089             4.72138             3.19474             0.5                 
4.56328             1.48752             1.98946             0.5                 
4.61073             0.766897            3.4269              0.5                 
2.53455             1.46562             0.942204            0.5                 
2.77718             1.09382             4.75804             0.5                 
3.23347             3.95274             0.818787            0.5                 
1.80112             3.30638             0.709655            0.5                 
3.24614             4.80223             2.0605              0.5                 
3.02928             0.153876            0.844205            0.5                 
1.3365              3.06668             3.47215             0.5                 
2.22373             0.32617             4.52303             0.5                 
4.97249             4.91414             4.10087             0.5                 
3.05408             2.69754             1.58982             0.5                 
4.87307             3.20205             0.145215            0.5                 
4.92978             4.24394             1.2748              0.5                 
3.35134             2.20143             4.13553             0.5                 
0.637183            2.99171             3.97336             0.5                 
4.63532             1.83014             0.591422            0.5                 
2.81476             4.81039             1.69672             0.5                 
4.25357             3.84176             0.283085            0.5                 
4.01975             0.0990117           3.32334             0.5                 
0.716083            2.01369             0.839185            0.5                 
1.59753             4.55658             1.52246             0.5                 
1.11528             4.36866             4.28508             0.5                 
4.88904             2.83667             2.39679             0.5                 
4.07187             3.86415             1.62307             0.5                 
2.45095             2.24319             3.70962             0.5                 
1.03835             4.38381             3.16141             0.5                 
3.23096             0.120461            0.98907             0.5                 
1.4581              2.66063             4.34996             0.5                 
4.22538             0.210823            2.23674             0.5                 
3.99772             0.845044            4.61082             0.5                 
2.58742             4.3286              3.22746             0.5                 
0.0263963           2.75575             0.244444            0.5                 
1.03579             2.25633             2.57699             0.5                 
3.49363             2.57154             1.53718             0.5                 
1.26941             3.87651             0.552316            0.5                 
0.428891            3.36076             0.171203            0.5                 
0.937788            1.36412             1.5809              0.5                 
1.05962             3.80983             0.365165            0.5                 
4.58325             0.165873            3.01482             0.5                 
3.69132             1.05348             3.78028             0.5                 
1.9542              0.719561            0.132627            0.5                 
1.75067             0.231146            2.04885             0.5                 
4.1696              2.57018             3.94673             0.5                 
1.60669             4.55001             0.771406            0.5                 
1.1007              3.64387             3.01553             0.5                 
1.57889             2.52556             0.342701            0.5                 
4.42722             3.75673             0.555879            0.5                 
3.26831             3.6258              3.70628             0.5                 
0.0152375           3.12683             4.36866             0.5                 
1.85404             4.11081             1.32392             0.5                 
1.86658             0.521829            0.74763             0.5                 
4.68325             3.73488             3.18485             0.5                 
0.709494            4.06626             3.4591              0.5                 
4.39711             4.85895             2.23885             0.5                 
3.20911             2.63668             2.46084             0.5                 
1.57674             0.339524            2.84806             0.5                 
0.252993            0.397982            0.714102            0.5                 
3.47167             4.08978             4.73907             0.5                 
1.71167             1.08384             2.09595             0.5                 
2.65361             3.92434             1.85588             0.5                 
3.90629             4.87863             4.14399             0.5                 
0.151457            1.68925             0.737687            0.5                 
0.666021            0.220831            0.363421            0.5                 
0.213924            4.50524             3.43361             0.5                 
1.28324             1.05182             1.67986             0.5                 
1.82361             1.00585             0.714943            0.5                 
4.91345             2.33405             2.8968              0.5                 
0.761624            4.51329             2.1558              0.5                 
0.541047            1.9625              1.8607              0.5                 
3.94088             2.77613             0.472412            0.5                 
3.96261             2.92595             1.56127             0.5                 
1.6123              1.78411             1.0468              0.5                 
3.19597             2.67245             0.0820266           0.5                 
1.07664             1.41252             4.2329              0.5                 
