100
0                   5                   
0                   5                   
0                   5                   
0.190619            0.144366            1.34774             0.5                 
4.45999             3.08907             0.166732            0.5                 
4.91094             0.0996433           1.27864             0.5                 
4.14919             0.914967            0.869744            0.5                 
1.23298             2.35668             4.95016             0.5                 
3.70999             2.07242             1.48168             0.5                 
2.0584              4.27649             0.913523            0.5                 
4.25533             4.32305             0.20212             0.5                 
3.95274             3.81622             3.15132             0.5                 
2.45741             1.41227             1.77138             0.5                 
2.4649              3.70611             0.986666            0.5                 
2.64726             0.548713            3.83921             0.5                 
4.1057              0.593374            0.961574            0.5                 
4.86827             2.17024             4.87947             0.5                 
1.59414             4.20975             3.68473             0.5                 
1.35709             3.33722             3.93953             0.5                 
3.81088             3.02086             0.378889            0.5                 
2.5115              4.47556             0.515004            0.5                 
0.334793            1.99606             1.91132             0.5                 
1.10692             0.0136497           1.70887             0.5                 
3.80434             3.93954             0.775296            0.5                 
3.91005             3.89689             0.104269            0.5                 
0.322728            3.36885             3.15156             0.5                 
0.194815            1.16211             3.12634             0.5                 
1.34836             4.1981              2.21354             0.5                 
3.92843             0.650449            1.32866             0.5                 
4.65079             0.750646            3.05501             0.5                 
3.56863             1.73254             0.475069            0.5                 
2.77116             1.37394             0.77096             0.5                 
2.16647             0.0767219           1.66811             0.5                 
1.06885             2.48014             1.56647             0.5                 
3.12846             3.77365             2.95597             0.5                 
2.33914             0.164566            0.0553159           0.5                 
2.43739             3.26997             4.6089              0.5                 
2.63447             0.42526             3.18366             0.5                 
4.8546              3.66082             2.79473             0.5                 
1.78094             2.9914              2.40699             0.5                 
3.79429             3.40025             1.38877             0.5                 
0.0458531           4.31                0.586119            0.5                 
1.98227             3.92644             1.55087             0.5                 
4.69122             2.50114             3.20684             0.5                 
0.454269            2.24134             0.0317276           0.5                 
1.93289             1.65659             3.81147             0.5                 
3.59711             4.40153             4.58316             0.5                 
3.33148             4.00248             3.24731             0.5                 
4.98898             2.64391             1.89548             0.5                 
0.197025            4.34426             2.21008             0.5                 
0.86627             3.25589             3.68618             0.5                 
4.93261             4.08236             2.04103             0.5                 
4.91853             3.03308             0.423848            0.5                 
1.82507             1.33266             2.77519             0.5                 
1.10829             3.24822             2.6896              0.5                 
2.44871             0.0980331           1.38857             0.5                 
2.37496             2.94032             4.15923             0.5                 
3.40235             1.08817             3.40657             0.5                 
3.29714             2.0364              4.40367             0.5                 
3.0115              4.21938             2.38905             0.5                 
1.39467             1.72753             4.87058             0.5                 
0.86172             1.67682             2.13654             0.5                 
2.59595             3.86962             1.75168             0.5                 
2.43134             0.103124            4.80861             0.5                 
4.00284             3.12094             4.97733             0.5                 
4.59107             1.42467             1.34225             0.5                 
1.38776             3.53234             1.40783             0.5                 
4.77241             4.73571             2.20178             0.5                 
2.57998             1.43705             4.03443             0.5                 
2.31313             1.12276             4.59673             0.5                 
1.71676             4.38318             4.93978             0.5                 
4.72359             2.77052             3.59222             0.5                 
1.03332             4.96239             0.952157            0.5                 
0.897131            3.45976             2.88322             0.5                 
0.778892            3.73673             1.3892              0.5                 
4.85197             3.29926             0.479816            0.5                 
4.02235             4.77627             2.62386             0.5                 
4.53703             2.64766             3.7384              0.5                 
2.59641             0.0345156           0.785497            0.5                 
1.41502             0.453497            1.94624             0.5                 
3.85771             3.98254             2.48835             0.5                 
4.96715             4.36754             4.62987             0.5                 
4.05601             0.12534             1.58644             0.5                 
3.89534             3.1952              2.94005             0.5                 
1.09778             4.52068             2.40269             0.5                 
1.19715             0.833751            1.3651              0.5                 
4.03243             4.21468             4.36912             0.5                 
1.53129             0.296512            1.40324             0.5                 
3.83708             2.88433             1.44459             0.5                 
4.91984             0.635956            3.36875             0.5                 
1.18742             1.99095             2.02374             0.5                 
1.52857             4.50184             0.696614            0.5                 
0.0404395           4.09462             3.30502             0.5                 
1.08574             1.36384             2.36206             0.5                 
1.94473             1.45925             0.508516            0.5                 
0.0574771           2.46505             2.97049             0.5                 
0.089308            4.49314             2.65582             0.5                 
0.233476            2.06244             2.59165             0.5                 
0.0851704           2.25985             1.31789             0.5                 
4.89929             2.68261             2.83753             0.5                 
0.782692            0.658919            0.593519            0.5                 
2.21405             2.47869             0.494118            0.5                 
1.48796             1.20746             3.96592             0.5                 
