100
0                   5                   
0                   5                   
0                   5                   
4.91202             0.19334             0.987033            0.5                 
4.57114             2.80865             0.428847            0.5                 
0.26822             0.285564            0.913688            0.5                 
3.95117             0.808139            0.812311            0.5                 
0.952425            2.58451             4.74413             0.5                 
3.76556             2.30381             1.41933             0.5                 
2.25817             4.36532             0.752643            0.5                 
4.24748             4.51792             0.575071            0.5                 
3.90775             4.15124             3.18249             0.5                 
2.25692             1.10514             1.68856             0.5                 
2.17351             3.51267             0.867456            0.5                 
2.3472              0.245071            4.2322              0.5                 
4.04999             0.670357            1.11644             0.5                 
4.90559             2.37945             0.105653            0.5                 
1.57443             3.87508             3.43337             0.5                 
1.66594             2.99955             4.24393             0.5                 
3.62421             3.2357              0.428468            0.5                 
2.29182             4.55761             0.749337            0.5                 
0.0221679           1.6514              2.09743             0.5                 
1.30858             0.157189            1.40088             0.5                 
3.64998             3.78457             0.818008            0.5                 
3.66689             3.65752             0.40669             0.5                 
0.208303            3.63427             3.19065             0.5                 
0.151657            1.49515             3.32595             0.5                 
1.52129             4.35345             2.50483             0.5                 
4.1169              0.898951            1.52483             0.5                 
4.63889             0.75547             3.16541             0.5                 
3.26164             1.6533              0.613748            0.5                 
2.77295             1.29078             0.470254            0.5                 
2.48323             4.74304             1.41597             0.5                 
1.28624             2.72543             1.31211             0.5                 
3.1634              4.07901             2.69013             0.5                 
2.54402             0.161392            0.289514            0.5                 
2.11057             3.20962             4.27143             0.5                 
2.53319             0.379377            3.57557             0.5                 
4.88959             4.03289             3.18249             0.5                 
2.1589              2.90416             2.16439             0.5                 
4.11455             3.34141             1.01959             0.5                 
0.0113942           4.29039             0.790569            0.5                 
2.32974             1.3801              3.82013             0.5                 
4.97204             2.6468              3.43439             0.5                 
0.211146            2.11927             0.197885            0.5                 
1.58287             0.648093            2.53186             0.5                 
3.79199             4.23535             4.79095             0.5                 
3.53581             4.32801             3.26988             0.5                 
0.204837            2.45682             1.5819              0.5                 
0.612795            4.40729             2.00594             0.5                 
0.940193            3.58624             3.86397             0.5                 
4.91968             3.71255             2.14664             0.5                 
4.66718             3.2798              0.779862            0.5                 
2.0419              1.61962             3.01238             0.5                 
1.08753             3.58534             2.82967             0.5                 
2.68093             0.104691            1.26997             0.5                 
2.10676             2.86767             4.21689             0.5                 
3.64668             0.827711            3.05928             0.5                 
3.50512             1.68272             4.46517             0.5                 
2.8856              4.2518              2.63795             0.5                 
1.01836             1.94327             4.84852             0.5                 
0.913397            1.84886             2.2673              0.5                 
2.86244             3.48426             1.688               0.5                 
2.08639             4.73898             0.0293929           0.5                 
4.42619             3.19214             0.0348881           0.5                 
4.99087             1.40669             1.4131              0.5                 
1.29034             3.61472             1.0983              0.5                 
4.71625             4.86341             2.44315             0.5                 
2.92553             1.32445             3.9586              0.5                 
2.2296              0.989968            4.77749             0.5                 
1.72683             3.15056             0.565902            0.5                 
4.55913             2.71104             3.69746             0.5                 
1.20354             4.83997             0.898497            0.5                 
0.957563            3.51441             2.9225              0.5                 
1.01639             3.37717             1.07853             0.5                 
4.72588             3.43507             0.502397            0.5                 
3.79849             4.43473             2.9452              0.5                 
4.679               2.78991             3.92551             0.5                 
2.37603             4.76029             0.94534             0.5                 
1.54908             0.473783            1.59041             0.5                 
4.10279             3.90902             2.69512             0.5                 
0.187529            4.2781              4.2823              0.5                 
4.15728             0.0462582           1.78012             0.5                 
3.69162             3.02939             2.79779             0.5                 
1.23997             4.76377             2.53491             0.5                 
0.916859            0.704384            1.17183             0.5                 
3.86596             4.1776              4.47895             0.5                 
1.58484             0.530247            1.60889             0.5                 
3.48574             3.19308             1.56669             0.5                 
4.61895             0.411127            3.5989              0.5                 
0.879873            1.90138             1.64195             0.5                 
1.27251             4.71529             0.597698            0.5                 
0.0919421           4.21652             3.3432              0.5                 
1.14437             1.27121             2.15953             0.5                 
1.91452             1.3247              0.585229            0.5                 
0.0147204           2.42616             2.94861             0.5                 
0.288899            4.49912             2.50738             0.5                 
0.324785            2.03277             2.37465             0.5                 
4.74546             2.41312             1.06689             0.5                 
4.62122             2.75485             2.45864             0.5                 
1.02898             0.992955            0.728084            0.5                 
2.50555             2.53621             0.37178             0.5                 
1.36585             1.26834             4.04518             0.5                 
