100
0                   5                   
0                   5                   
0                   5                   
0.0603596           0.167263            1.17909             0.5                 
4.51196             2.95796             0.289283            0.5                 
0.077986            0.18657             1.10801             0.5                 
4.0566              0.86502             0.842892            0.5                 
1.10116             2.4656              4.85548             0.5                 
3.73597             2.1806              1.45253             0.5                 
2.1518              4.31802             0.838303            0.5                 
4.25166             4.41416             0.376493            0.5                 
3.93171             3.97285             3.1659              0.5                 
2.36367             1.26867             1.73266             0.5                 
2.32866             3.61567             0.930929            0.5                 
2.51126             0.403422            4.02304             0.5                 
4.07965             0.629367            1.03398             0.5                 
4.88572             2.26805             4.98522             0.5                 
1.58492             4.05327             3.56721             0.5                 
1.50149             3.17934             4.08185             0.5                 
3.7236              3.12131             0.40207             0.5                 
2.40879             4.51392             0.624566            0.5                 
0.188626            1.83491             1.99833             0.5                 
1.20121             0.0807611           1.56487             0.5                 
3.73217             3.86708             0.795266            0.5                 
3.79636             3.78497             0.245665            0.5                 
0.269229            3.49295             3.16983             0.5                 
0.171569            1.31805             3.21776             0.5                 
1.42921             4.27073             2.34973             0.5                 
4.01655             0.766636            1.42038             0.5                 
4.64523             0.752901            3.10663             0.5                 
3.4251              1.69549             0.539908            0.5                 
2.772               1.33506             0.630366            0.5                 
2.31457             4.92071             1.55022             0.5                 
1.17049             2.59482             1.44755             0.5                 
3.1448              3.91642             2.83167             0.5                 
2.43493             0.163082            0.164815            0.5                 
2.28459             3.24176             4.45112             0.5                 
2.5891              0.402375            3.36582             0.5                 
4.87096             3.83478             2.97602             0.5                 
1.95766             2.95061             2.29356             0.5                 
3.94402             3.37274             1.21616             0.5                 
0.0297419           4.30083             0.681709            0.5                 
2.14375             0.0732721           2.61183             0.5                 
4.82252             2.56924             3.31323             0.5                 
0.340597            2.18427             0.109414            0.5                 
3.27576             4.9596              1.46214             0.5                 
3.68823             4.32383             4.68031             0.5                 
3.42701             4.15468             3.25786             0.5                 
0.0899043           2.55644             1.74887             0.5                 
0.391418            4.37373             2.11464             0.5                 
0.900833            3.41034             3.76931             0.5                 
4.92657             3.90945             2.09041             0.5                 
4.80101             3.14844             0.590301            0.5                 
1.92927             1.46815             2.87982             0.5                 
1.09859             3.40584             2.75509             0.5                 
2.55728             0.101146            1.33312             0.5                 
2.24956             2.90635             4.18619             0.5                 
3.51659             0.966393            3.24419             0.5                 
3.39438             1.87104             4.43242             0.5                 
2.95264             4.23454             2.50542             0.5                 
1.23854             1.77222             4.77848             0.5                 
0.885882            1.75725             2.19767             0.5                 
2.72055             3.68945             1.7219              0.5                 
2.27006             4.93287             4.91184             0.5                 
4.20078             3.15423             0.00424321          0.5                 
4.77799             1.41626             1.37537             0.5                 
1.34221             3.57085             1.26311             0.5                 
4.74615             4.79542             2.31463             0.5                 
2.74713             1.38506             3.99897             0.5                 
2.26751             1.06179             4.67606             0.5                 
1.72147             3.80687             0.232523            0.5                 
4.6467              2.74271             3.64142             0.5                 
1.11291             4.90515             0.927068            0.5                 
0.925386            3.48531             2.90158             0.5                 
0.889934            3.56862             1.24395             0.5                 
4.79302             3.36275             0.490374            0.5                 
3.91768             4.61658             2.7741              0.5                 
4.60341             2.71417             3.82588             0.5                 
2.49337             4.9063              0.860231            0.5                 
1.4777              0.462982            1.77987             0.5                 
3.9723              3.94816             2.58503             0.5                 
0.070186            4.32572             4.46736             0.5                 
4.10336             0.0883657           1.67699             0.5                 
3.80009             3.11768             2.87353             0.5                 
1.16426             4.63434             2.4645              0.5                 
1.0661              0.773266            1.27474             0.5                 
3.95459             4.19734             4.42047             0.5                 
1.55633             0.405794            1.49939             0.5                 
3.67281             3.02869             1.50168             0.5                 
4.77916             0.530838            3.47635             0.5                 
1.04363             1.94907             1.84524             0.5                 
1.40885             4.60164             0.650366            0.5                 
0.0645194           4.15161             3.32287             0.5                 
1.11315             1.32053             2.26737             0.5                 
1.93124             1.39654             0.546326            0.5                 
0.0374863           2.44686             2.96026             0.5                 
0.182626            4.49594             2.58642             0.5                 
0.276167            2.04856             2.49019             0.5                 
4.92634             2.33151             1.20053             0.5                 
4.76928             2.71639             2.66038             0.5                 
0.897844            0.815096            0.656435            0.5                 
2.35034             2.50558             0.436919            0.5                 
1.43086             1.23592             4.00298             0.5                 
