100
0                   5                   
0                   5                   
0                   5                   
4.45072             0.274429            0.389791            0.5                 
4.75518             2.34435             0.862844            0.5                 
0.860432            0.5946              0.307563            0.5                 
3.62331             0.631258            0.717217            0.5                 
0.500775            2.92207             4.38338             0.5                 
3.85756             2.68693             1.31609             0.5                 
2.58895             4.51241             0.486265            0.5                 
4.2345              4.84058             1.19259             0.5                 
3.83326             4.70595             3.2341              0.5                 
1.92497             0.596606            1.55143             0.5                 
1.69106             3.19239             0.670074            0.5                 
1.80572             4.78832             4.87473             0.5                 
3.95776             0.797823            1.37285             0.5                 
4.96739             2.72585             0.480152            0.5                 
1.54178             3.32095             3.01718             0.5                 
2.17122             2.42782             4.74438             0.5                 
3.31514             3.59142             0.510559            0.5                 
1.92809             4.69346             1.13733             0.5                 
4.50454             1.08072             2.40558             0.5                 
1.64246             0.394854            0.890919            0.5                 
3.3944              3.52799             0.888729            0.5                 
3.26427             3.26118             0.907425            0.5                 
0.0188422           4.07372             3.25536             0.5                 
0.150564            2.02776             3.69667             0.5                 
1.80764             4.61066             2.98714             0.5                 
4.42895             1.31041             1.84964             0.5                 
4.6192              0.763459            3.34821             0.5                 
2.75334             1.52209             0.843365            0.5                 
2.7759              1.15309             4.97236             0.5                 
3.00771             4.19056             0.99849             0.5                 
1.64618             3.13156             0.890944            0.5                 
3.22124             4.5846              2.24996             0.5                 
2.88325             0.156137            0.677288            0.5                 
1.56943             3.1097              3.71267             0.5                 
2.32685             0.333555            4.23749             0.5                 
4.94754             4.64896             3.82451             0.5                 
2.78471             2.75971             1.76272             0.5                 
4.64482             3.24398             0.408331            0.5                 
4.95434             4.25791             1.12909             0.5                 
3.04403             0.44992             2.53623             0.5                 
0.437008            2.888               3.81116             0.5                 
4.8086              1.91714             0.473               0.5                 
4.3371              2.00271             3.47889             0.5                 
4.11467             3.9602              0.134992            0.5                 
3.87412             4.867               3.30726             0.5                 
0.56224             2.14704             1.06268             0.5                 
1.30121             4.51166             1.66795             0.5                 
1.06259             4.13322             4.15836             0.5                 
4.89826             3.10024             2.32152             0.5                 
4.25101             3.68831             1.36933             0.5                 
2.34093             2.06307             3.48969             0.5                 
1.05315             4.14353             3.06159             0.5                 
3.06545             0.115715            1.0736              0.5                 
1.6585              2.73709             4.31132             0.5                 
4.05124             0.396456            2.48425             0.5                 
3.84949             1.09712             4.56699             0.5                 
2.67715             4.30549             3.05007             0.5                 
0.320395            2.51814             0.131926            0.5                 
0.998962            2.13371             2.4838              0.5                 
3.30369             2.84619             1.58256             0.5                 
1.51525             4.13604             0.394959            0.5                 
0.127161            3.31002             0.130184            0.5                 
0.652843            1.37693             1.53041             0.5                 
1.12905             3.75112             0.585777            0.5                 
4.62328             0.0748574           2.84279             0.5                 
3.46101             1.13502             3.83393             0.5                 
2.05576             0.790234            0.0433756           0.5                 
1.7435              1.10965             1.6026              0.5                 
4.28682             2.61257             3.87172             0.5                 
1.48538             4.63726             0.80965             0.5                 
1.05762             3.60491             2.98753             0.5                 
1.40963             2.78183             0.56413             0.5                 
4.51709             3.65993             0.539786            0.5                 
3.42785             3.86922             3.47726             0.5                 
4.91406             3.02545             4.23531             0.5                 
2.01112             4.30625             1.21                0.5                 
1.77104             0.507371            1.00124             0.5                 
4.50858             3.78728             3.03748             0.5                 
0.552425            4.13001             3.70682             0.5                 
4.32494             4.91532             2.10081             0.5                 
3.3543              2.75485             2.56223             0.5                 
1.4754              0.166269            2.75383             0.5                 
0.452762            0.490184            0.851842            0.5                 
3.59032             4.11621             4.66079             0.5                 
1.67351             0.917255            1.94939             0.5                 
2.90402             3.70429             1.76886             0.5                 
4.12074             0.0388662           3.97996             0.5                 
0.37065             1.75309             1.0098              0.5                 
0.848523            0.0687045           0.433919            0.5                 
0.177218            4.41836             3.4064              0.5                 
1.24145             1.11784             1.8242              0.5                 
1.85265             1.10147             0.679995            0.5                 
4.94393             2.36177             2.91239             0.5                 
0.619372            4.50903             2.2616              0.5                 
0.47597             1.98365             2.01536             0.5                 
4.18299             2.66689             0.651301            0.5                 
4.1608              2.87446             1.8313              0.5                 
1.43677             1.54604             0.950889            0.5                 
2.98821             2.63145             0.169219            0.5                 
1.16367             1.36913             4.17641             0.5                 
