100
0                   5                   
0                   5                   
0                   5                   
3.69207             0.407789            4.40756             0.5                 
0.0578642           1.58076             1.5766              0.5                 
2.06751             0.475709            4.93571             0.5                 
3.08411             0.340358            0.560825            0.5                 
4.76759             3.45188             3.78243             0.5                 
4.00887             3.31702             1.1463              0.5                 
3.13295             4.75432             0.0481782           0.5                 
4.21314             0.37123             2.20815             0.5                 
3.71074             0.618237            3.31897             0.5                 
1.37904             4.76027             1.3259              0.5                 
0.897384            2.66343             0.343603            0.5                 
0.904469            4.05278             0.926578            0.5                 
3.80608             1.00746             1.79456             0.5                 
0.069029            3.29554             1.09606             0.5                 
1.4881              2.40963             2.33271             0.5                 
2.9587              1.43572             0.542767            0.5                 
2.80684             4.17644             0.645566            0.5                 
1.32989             4.91688             1.77544             0.5                 
3.65324             0.142171            2.91238             0.5                 
2.19157             0.78572             0.052241            0.5                 
2.97408             3.10602             1.00504             0.5                 
2.60213             2.60937             1.73094             0.5                 
4.70725             4.79646             3.3618              0.5                 
0.373822            2.72088             4.40357             0.5                 
2.27856             0.0336847           3.78034             0.5                 
4.94217             1.9871              2.38383             0.5                 
4.58783             0.777188            3.64944             0.5                 
1.91739             1.30631             1.221               0.5                 
2.78077             0.926637            4.15352             0.5                 
3.87028             3.28193             0.3119              0.5                 
2.23814             3.79948             0.198292            0.5                 
3.31637             0.416105            1.52606             0.5                 
3.44116             0.147496            1.31503             0.5                 
0.679476            2.94536             2.79372             0.5                 
1.91064             0.326467            0.32258             0.5                 
0.0604957           0.683801            4.87574             0.5                 
3.81391             2.52216             1.10212             0.5                 
0.51716             3.0828              4.40298             0.5                 
4.86051             4.20451             1.68582             0.5                 
4.21815             2.1419              3.6467              0.5                 
1.20637             3.25669             4.43421             0.5                 
4.14656             1.58472             0.925456            0.5                 
0.155749            2.53122             1.76622             0.5                 
4.64535             3.50768             0.700813            0.5                 
4.43051             0.753438            3.36872             0.5                 
1.18302             1.6473              0.290125            0.5                 
2.43337             4.6833              1.11208             0.5                 
1.26356             0.0341763           4.64232             0.5                 
4.86304             2.09323             2.60912             0.5                 
3.56658             4.36015             2.33878             0.5                 
2.75376             2.74675             4.33346             0.5                 
0.996611            0.0615445           3.443               0.5                 
3.69783             0.133846            0.750641            0.5                 
0.901777            2.58635             4.46925             0.5                 
4.71658             4.68721             1.53857             0.5                 
4.41584             0.134024            4.73444             0.5                 
2.33432             4.39378             3.72784             0.5                 
4.19711             3.42597             0.561823            0.5                 
1.13968             2.60219             2.83986             0.5                 
4.02938             1.79683             1.40916             0.5                 
0.575948            3.14444             0.996173            0.5                 
1.27998             3.50388             0.286908            0.5                 
1.74153             1.32799             1.72334             0.5                 
0.86379             3.97544             4.74288             0.5                 
4.47036             0.422601            3.50005             0.5                 
4.34096             0.823474            3.62895             0.5                 
1.61671             0.563966            0.330736            0.5                 
1.77091             2.75315             3.30757             0.5                 
3.83897             2.45062             4.15831             0.5                 
1.94889             4.30389             0.663532            0.5                 
1.22219             3.75375             3.09449             0.5                 
2.01122             1.76156             4.67568             0.5                 
4.17373             4.02975             0.601275            0.5                 
2.81829             2.93918             4.35228             0.5                 
0.300638            3.41281             4.7448              0.5                 
1.41098             3.55952             1.64526             0.5                 
2.13608             0.56261             0.0322796           0.5                 
0.175938            3.58708             3.60053             0.5                 
1.15254             3.88646             2.76037             0.5                 
4.60069             4.69997             2.62823             0.5                 
2.79956             2.30334             2.17484             0.5                 
1.86259             0.828222            3.11387             0.5                 
4.6895              0.137908            0.325579            0.5                 
3.13701             4.01524             4.95986             0.5                 
1.81933             1.55373             2.50937             0.5                 
1.9473              4.54504             2.10134             0.5                 
3.30139             4.42664             4.60666             0.5                 
4.55546             1.50691             4.95013             0.5                 
0.165859            0.678525            0.138296            0.5                 
0.317463            4.7503              3.51035             0.5                 
1.40111             0.865603            1.27271             0.5                 
1.74169             0.736157            0.813523            0.5                 
4.8275              2.25588             2.85281             0.5                 
1.16287             4.52531             1.85738             0.5                 
0.72461             1.90286             1.42446             0.5                 
3.25795             3.08425             4.96782             0.5                 
3.40359             3.07117             0.799576            0.5                 
2.10743             2.45564             1.31732             0.5                 
3.782               2.78808             4.83608             0.5                 
0.831168            1.5349              4.39224             0.5                 
