100
0                   5                   
0                   5                   
0                   5                   
0.0680859           0.165905            1.1891              0.5                 
4.50887             2.96574             0.282014            0.5                 
0.0680778           0.181414            1.11813             0.5                 
4.0621              0.867983            0.844484            0.5                 
1.10895             2.45926             4.86118             0.5                 
3.73443             2.17419             1.45426             0.5                 
2.14626             4.31556             0.842765            0.5                 
4.25188             4.40876             0.36615             0.5                 
3.93295             3.96356             3.16503             0.5                 
2.36923             1.27719             1.73496             0.5                 
2.33674             3.62103             0.934235            0.5                 
2.51956             0.41188             4.01213             0.5                 
4.0812              0.627232            1.02969             0.5                 
4.88469             2.26225             4.97895             0.5                 
1.58547             4.06255             3.57418             0.5                 
1.49293             3.18871             4.07341             0.5                 
3.72878             3.11535             0.400695            0.5                 
2.41488             4.51165             0.618068            0.5                 
0.197296            1.84447             1.99317             0.5                 
1.19561             0.0767804           1.57341             0.5                 
3.73645             3.87138             0.794081            0.5                 
3.80311             3.79161             0.237278            0.5                 
0.272402            3.48559             3.16875             0.5                 
0.17281             1.30881             3.21225             0.5                 
1.42442             4.26642             2.34165             0.5                 
4.01132             0.759744            1.41494             0.5                 
4.64556             0.752768            3.10357             0.5                 
3.43361             1.69769             0.536062            0.5                 
2.77195             1.33737             0.638705            0.5                 
2.30579             4.92997             1.55721             0.5                 
1.16446             2.58802             1.4546              0.5                 
3.14383             3.90795             2.83905             0.5                 
2.42925             0.16317             0.15832             0.5                 
2.29365             3.24343             4.46048             0.5                 
2.59188             0.403667            3.35496             0.5                 
4.86999             3.82446             2.96527             0.5                 
1.94717             2.95303             2.30029             0.5                 
3.93514             3.37437             1.2264              0.5                 
0.0306975           4.30137             0.676039            0.5                 
2.13417             0.00524803          2.5489              0.5                 
4.81473             2.5652              3.30692             0.5                 
0.34734             2.18765             0.104806            0.5                 
3.67632             2.57993             2.70854             0.5                 
3.68282             4.32844             4.67455             0.5                 
3.42135             4.14565             3.25724             0.5                 
0.083918            2.56162             1.75756             0.5                 
0.379887            4.37198             2.1203              0.5                 
0.898783            3.40118             3.76437             0.5                 
4.92693             3.91971             2.08748             0.5                 
4.80798             3.14159             0.580428            0.5                 
1.92321             1.46017             2.8733              0.5                 
1.09916             3.39649             2.7512              0.5                 
2.55084             0.100961            1.33641             0.5                 
2.257               2.90837             4.18459             0.5                 
3.50981             0.973616            3.25382             0.5                 
3.38861             1.88085             4.43072             0.5                 
2.95613             4.23364             2.49852             0.5                 
1.24875             1.76649             4.77923             0.5                 
0.884449            1.75248             2.19405             0.5                 
2.71316             3.70013             1.72367             0.5                 
2.27963             4.94297             4.90571             0.5                 
4.18903             3.15226             0.00264708          0.5                 
4.76691             1.41676             1.37341             0.5                 
1.34491             3.56857             1.27169             0.5                 
4.74771             4.79188             2.30794             0.5                 
2.73753             1.38818             4.00108             0.5                 
2.26961             1.06551             4.67088             0.5                 
1.72119             3.84105             0.215159            0.5                 
4.65126             2.74436             3.63851             0.5                 
1.10819             4.90855             0.928556            0.5                 
0.92371             3.4838              2.9005              0.5                 
0.883347            3.57859             1.25256             0.5                 
4.79651             3.35899             0.489748            0.5                 
3.92389             4.62605             2.76519             0.5                 
4.59947             2.71023             3.8207              0.5                 
2.49948             4.91391             0.855798            0.5                 
1.47398             0.462419            1.78974             0.5                 
3.9655              3.9502              2.57929             0.5                 
0.0640742           4.3282              4.477               0.5                 
4.10055             0.0905589           1.67162             0.5                 
3.80574             3.12228             2.87748             0.5                 
1.16032             4.62759             2.46084             0.5                 
1.07388             0.776853            1.2801              0.5                 
3.95921             4.19837             4.41742             0.5                 
1.55484             0.399312            1.49369             0.5                 
3.68256             3.02013             1.49829             0.5                 
4.7875              0.537073            3.46997             0.5                 
1.05216             1.95156             1.85582             0.5                 
1.41595             4.59572             0.653109            0.5                 
0.0630911           4.14823             3.32181             0.5                 
1.11152             1.3231              2.27298             0.5                 
1.93207             1.40027             0.544179            0.5                 
0.0386721           2.44794             2.96087             0.5                 
0.177091            4.49577             2.59053             0.5                 
0.273635            2.04939             2.49621             0.5                 
4.93576             2.32726             1.2075              0.5                 
4.77699             2.71438             2.67089             0.5                 
0.891013            0.805833            0.652703            0.5                 
2.34226             2.50399             0.440312            0.5                 
1.43425             1.23424             4.00078             0.5                 
