365
0         13.2587   
0         13.2587   
0         13.2587   
SPHEROCYLINDER(1)  0.0734601           0.0790206           0.0861582           0.0382496           -0.291109           -0.404713           0.0273908           0.406516            -0.289817           0.497782            0                   0.0470456           
SPHEROCYLINDER(1)  0.0832595           0.0691972           2.71988             0.0231564           -0.387157           -0.315552           0.0283348           0.3164              -0.386119           0.498659            0                   0.0365934           
SPHEROCYLINDER(1)  0.051094            0.0880613           5.37339             0.0327579           -0.389792           -0.311431           0.0407753           0.313149            -0.387653           0.497257            0                   0.052304            
SPHEROCYLINDER(1)  0.0706991           0.0554842           8.00156             0.0259726           -0.370348           -0.334914           0.0286345           0.33592             -0.36924            0.498503            0                   0.0386589           
SPHEROCYLINDER(1)  0.0730591           0.048553            10.6487             0.0376382           -0.377553           -0.325633           0.0433508           0.327801            -0.375056           0.496693            0                   0.0574102           
SPHEROCYLINDER(1)  0.0638833           2.72312             0.0573843           0.0303208           -0.374046           -0.330409           0.0341817           0.331797            -0.372481           0.497908            0                   0.0456917           
SPHEROCYLINDER(1)  0.0491265           2.69344             2.71303             0.03735             -0.302671           -0.396226           0.0284052           0.397983            -0.301335           0.497793            0                   0.0469242           
SPHEROCYLINDER(1)  0.10193             2.70037             5.3774              0.0340262           -0.336478           -0.368273           0.0309567           0.369841            -0.335051           0.497879            0                   0.046001            
SPHEROCYLINDER(1)  0.077035            2.72415             8.02068             0.0365916           -0.369484           -0.334877           0.0401342           0.33687             -0.367298           0.497042            0                   0.0543111           
SPHEROCYLINDER(1)  0.0661525           2.73014             10.6612             0.0370328           -0.259674           -0.425674           0.0225061           0.427282            -0.258696           0.498119            0                   0.0433353           
SPHEROCYLINDER(1)  0.0668444           5.403               0.094143            0.0321003           -0.377135           -0.326709           0.0368772           0.328282            -0.375328           0.497604            0                   0.0488913           
SPHEROCYLINDER(1)  0.0417289           5.38461             2.7258              0.0317574           -0.373357           -0.331053           0.0356518           0.332573            -0.37165            0.497715            0                   0.047745            
SPHEROCYLINDER(1)  0.0767675           5.37435             5.3827              0.0394467           -0.395952           -0.302764           0.0511557           0.305323            -0.392633           0.495809            0                   0.0645984           
SPHEROCYLINDER(1)  0.0448067           5.35646             8.01288             0.0311332           -0.293883           -0.403315           0.0226185           0.404515            -0.293012           0.498517            0                   0.0384821           
SPHEROCYLINDER(1)  0.0675308           5.39055             10.6708             0.0361444           -0.390417           -0.310271           0.0451755           0.312369            -0.387795           0.496641            0                   0.0578554           
SPHEROCYLINDER(1)  0.058975            8.0137              0.0862706           0.0247434           -0.402096           -0.296153           0.0334783           0.297185            -0.4007             0.498264            0                   0.0416297           
SPHEROCYLINDER(1)  0.0844303           8.03429             2.74582             0.0301078           -0.256243           -0.428291           0.017969            0.429348            -0.255613           0.498769            0                   0.0350623           
SPHEROCYLINDER(1)  0.0375653           8.04594             5.3823              0.0444478           -0.277568           -0.413498           0.0296656           0.41588             -0.275978           0.497136            0                   0.0534383           
SPHEROCYLINDER(1)  0.0608951           8.02566             8.01579             0.0318836           -0.282447           -0.411348           0.021827            0.412582            -0.281602           0.498505            0                   0.0386391           
SPHEROCYLINDER(1)  0.0498688           8.02781             10.6971             0.0472716           -0.331949           -0.370912           0.0419664           0.373912            -0.329285           0.495988            0                   0.0632122           
SPHEROCYLINDER(1)  0.0717386           10.679              0.0313658           0.0217332           -0.438972           -0.238393           0.0398539           0.239382            -0.437159           0.497935            0                   0.0453945           
SPHEROCYLINDER(1)  0.0640377           10.6877             2.70049             0.0376497           -0.317915           -0.384074           0.0310156           0.385915            -0.316398           0.497615            0                   0.0487798           
SPHEROCYLINDER(1)  0.0666829           10.6906             5.3725              0.0420558           -0.222631           -0.445721           0.0209133           0.4477              -0.221646           0.497789            0                   0.0469687           
SPHEROCYLINDER(1)  0.0706228           10.6616             8.01353             0.0277551           -0.363926           -0.341742           0.0294598           0.342867            -0.362732           0.498359            0                   0.040475            
SPHEROCYLINDER(1)  0.110296            10.6688             10.643              0.0264806           -0.3951             -0.305279           0.0341437           0.306425            -0.393622           0.498129            0                   0.0432089           
SPHEROCYLINDER(1)  2.71939             0.0697105           0.0949985           0.0458428           -0.190257           -0.460109           0.0188628           0.462387            -0.18932            0.497537            0                   0.0495718           
SPHEROCYLINDER(1)  2.71157             0.0488766           2.73902             0.0295076           -0.339839           -0.365567           0.027342            0.366755            -0.338737           0.498379            0                   0.040228            
SPHEROCYLINDER(1)  2.70708             0.0738566           5.37331             0.0259414           -0.407525           -0.288531           0.0364929           0.289695            -0.405888           0.497991            0                   0.0447737           
SPHEROCYLINDER(1)  2.71524             0.074594            8.04981             0.0341405           -0.278205           -0.414049           0.0228619           0.415454            -0.277264           0.498309            0                   0.0410882           
SPHEROCYLINDER(1)  2.73845             0.0736346           10.6674             0.0461992           -0.288914           -0.405456           0.0327082           0.40808             -0.287056           0.496785            0                   0.0566056           
SPHEROCYLINDER(1)  2.74151             2.71551             0.0454698           0.0239961           -0.362095           -0.343964           0.0251997           0.3448              -0.361217           0.498788            0                   0.0347971           
SPHEROCYLINDER(1)  2.70176             2.69756             2.73167             0.0329431           -0.30195            -0.397166           0.0249597           0.39853             -0.300917           0.498289            0                   0.0413308           
SPHEROCYLINDER(1)  2.71605             2.76319             5.37367             0.0378792           -0.335165           -0.369093           0.0342176           0.371031            -0.333414           0.497388            0                   0.0510458           
SPHEROCYLINDER(1)  2.69232             2.73022             8.0254              0.0338382           -0.4037             -0.293055           0.0463064           0.295002            -0.401036           0.4967              0                   0.0573525           
SPHEROCYLINDER(1)  2.71821             2.72671             10.687              0.025817            -0.263031           -0.424439           0.0159697           0.425223            -0.262546           0.499078            0                   0.030357            
SPHEROCYLINDER(1)  2.74484             5.3901              0.0576947           0.0307101           -0.376071           -0.328066           0.0350506           0.3295              -0.374434           0.497824            0                   0.0466011           
SPHEROCYLINDER(1)  2.72249             5.36163             2.7099              0.0286127           -0.371864           -0.333015           0.0318334           0.334241            -0.370499           0.498165            0                   0.0428025           
SPHEROCYLINDER(1)  2.72358             5.36195             5.35837             0.0334788           -0.356804           -0.348669           0.0341031           0.350273            -0.35517            0.497711            0                   0.0477896           
SPHEROCYLINDER(1)  2.71928             5.38481             8.03484             0.0312387           -0.306328           -0.393939           0.0242153           0.395175            -0.305369           0.498435            0                   0.0395251           
SPHEROCYLINDER(1)  2.72568             5.39798             10.6786             0.0352129           -0.308199           -0.39214            0.0275644           0.393718            -0.306964           0.497996            0                   0.0447185           
SPHEROCYLINDER(1)  2.75996             8.01703             0.0860142           0.0463672           -0.32226            -0.379471           0.039086            0.382293            -0.319881           0.496309            0                   0.0606435           
SPHEROCYLINDER(1)  2.71488             8.05173             2.72212             0.019294            -0.409864           -0.285725           0.0276138           0.286376            -0.408933           0.498864            0                   0.0336865           
SPHEROCYLINDER(1)  2.74167             8.04395             5.36872             0.0287341           -0.38081            -0.322736           0.033771            0.324012            -0.379309           0.49803             0                   0.044341            
SPHEROCYLINDER(1)  2.71407             8.03679             8.04153             0.040175            -0.290316           -0.405096           0.0286512           0.407083            -0.288898           0.497559            0                   0.0493449           
SPHEROCYLINDER(1)  2.7299              8.03881             10.6915             0.027162            -0.333754           -0.371309           0.0243496           0.372301            -0.332864           0.498668            0                   0.0364785           
SPHEROCYLINDER(1)  2.72564             10.6949             0.0733896           0.0234631           -0.428107           -0.257243           0.038886            0.258311            -0.426337           0.497933            0                   0.0454163           
SPHEROCYLINDER(1)  2.73897             10.6872             2.70024             0.041094            -0.247166           -0.432689           0.0233691           0.434636            -0.246059           0.49776             0                   0.047274            
SPHEROCYLINDER(1)  2.72892             10.6804             5.36783             0.024903            -0.336881           -0.368634           0.0227061           0.369474            -0.336115           0.498863            0                   0.0337005           
SPHEROCYLINDER(1)  2.72875             10.6797             8.04253             0.0405423           -0.242144           -0.435572           0.0224413           0.437454            -0.241102           0.497848            0                   0.0463388           
SPHEROCYLINDER(1)  2.75893             10.6938             10.6645             0.0274044           -0.414682           -0.278006           0.0406801           0.279354            -0.412682           0.497588            0                   0.0490497           
SPHEROCYLINDER(1)  5.38871             0.100915            0.04577             0.0419204           -0.297527           -0.39965            0.0310382           0.401843            -0.295904           0.497272            0                   0.0521602           
SPHEROCYLINDER(1)  5.35355             0.0348766           2.73099             0.0356448           -0.393698           -0.306156           0.0455295           0.308224            -0.391057           0.496645            0                   0.0578229           
SPHEROCYLINDER(1)  5.37393             0.0949908           5.34667             0.047704            -0.322127           -0.379419           0.0401843           0.382406            -0.31961            0.496094            0                   0.0623734           
SPHEROCYLINDER(1)  5.37173             0.0774113           8.02354             0.0356315           -0.390296           -0.310483           0.0444989           0.312521            -0.387751           0.49674             0                   0.0570066           
SPHEROCYLINDER(1)  5.35339             0.0785555           10.7004             0.0392321           -0.277642           -0.413975           0.0261946           0.41583             -0.276404           0.49777             0                   0.0471732           
SPHEROCYLINDER(1)  5.37737             2.72467             0.0753502           0.0311285           -0.356919           -0.348769           0.0317298           0.350155            -0.355506           0.49802             0                   0.0444496           
SPHEROCYLINDER(1)  5.38373             2.71446             2.72593             0.0325516           -0.357247           -0.348303           0.0332427           0.349821            -0.355697           0.497831            0                   0.0465262           
SPHEROCYLINDER(1)  5.36762             2.74203             5.37488             0.0381686           -0.281545           -0.411431           0.0260073           0.413198            -0.280341           0.497862            0                   0.0461868           
SPHEROCYLINDER(1)  5.37403             2.74449             8.0187              0.0185755           -0.452486           -0.211923           0.0395097           0.212736            -0.450758           0.49809             0                   0.0436585           
SPHEROCYLINDER(1)  5.38789             2.74032             10.6571             0.0403893           -0.336606           -0.367512           0.0367714           0.369724            -0.334592           0.497008            0                   0.0546208           
SPHEROCYLINDER(1)  5.38021             5.38716             0.0618976           0.0393883           -0.310357           -0.390034           0.0311834           0.392018            -0.308787           0.49747             0                   0.0502378           
SPHEROCYLINDER(1)  5.37454             5.37097             2.70644             0.0360176           -0.399578           -0.298396           0.047883            0.300562            -0.396698           0.496397            0                   0.059917            
SPHEROCYLINDER(1)  5.40554             5.3948              5.38625             0.0253874           -0.376802           -0.327682           0.0291058           0.328664            -0.375676           0.498506            0                   0.0386221           
SPHEROCYLINDER(1)  5.36742             5.33255             8.04331             0.0403395           -0.31139            -0.389113           0.0321098           0.391199            -0.30973            0.497335            0                   0.0515589           
SPHEROCYLINDER(1)  5.37393             5.38561             10.6498             0.0349602           -0.367375           -0.337362           0.0378676           0.339169            -0.365418           0.497337            0                   0.0515381           
SPHEROCYLINDER(1)  5.38929             8.0151              0.0639041           0.0292648           -0.381544           -0.32182            0.0345532           0.323148            -0.379976           0.497945            0                   0.0452808           
SPHEROCYLINDER(1)  5.37914             8.02074             2.74069             0.0379293           -0.307138           -0.392718           0.0295264           0.394546            -0.305715           0.497684            0                   0.0480671           
SPHEROCYLINDER(1)  5.3574              8.00432             5.37411             0.0342093           -0.331369           -0.37286            0.0302754           0.374426            -0.329983           0.497909            0                   0.0456823           
SPHEROCYLINDER(1)  5.36925             8.0159              8.01974             0.0302546           -0.326994           -0.37704            0.0261547           0.378252            -0.325946           0.498398            0                   0.0399926           
SPHEROCYLINDER(1)  5.33831             8.01809             10.678              0.0302143           -0.409649           -0.285088           0.0431738           0.286684            -0.407367           0.497215            0                   0.0526961           
SPHEROCYLINDER(1)  5.38475             10.6737             0.0624663           0.0255197           -0.392492           -0.308705           0.0323357           0.309758            -0.391157           0.4983              0                   0.0411929           
SPHEROCYLINDER(1)  5.37293             10.6794             2.72476             0.0458136           -0.357241           -0.346814           0.0467846           0.349827            -0.354165           0.495694            0                   0.0654804           
SPHEROCYLINDER(1)  5.35469             10.6735             5.37662             0.0379328           -0.288357           -0.406708           0.0267782           0.408473            -0.287111           0.497839            0                   0.0464324           
SPHEROCYLINDER(1)  5.39451             10.6912             8.03586             0.0166629           -0.464834           -0.183443           0.0420498           0.184198            -0.462929           0.49795             0                   0.0452309           
SPHEROCYLINDER(1)  5.38157             10.6808             10.6797             0.03056             -0.384425           -0.31825            0.0367455           0.319714            -0.382665           0.497711            0                   0.0477927           
SPHEROCYLINDER(1)  8.03259             0.063748            0.0704093           0.0260109           -0.407683           -0.288302           0.0366327           0.289473            -0.406033           0.497977            0                   0.044928            
SPHEROCYLINDER(1)  8.04864             0.0818184           2.72425             0.0325313           -0.413454           -0.279281           0.0478367           0.281169            -0.410677           0.496642            0                   0.0578501           
SPHEROCYLINDER(1)  8.01786             0.0810523           5.38568             0.0357811           -0.32183            -0.380979           0.0300935           0.382656            -0.32042            0.497809            0                   0.0467537           
SPHEROCYLINDER(1)  8.00938             0.0716716           8.04674             0.0295873           -0.367005           -0.338278           0.0319778           0.339569            -0.365609           0.498098            0                   0.0435659           
SPHEROCYLINDER(1)  8.04777             0.0661908           10.6676             0.0306523           -0.334564           -0.370307           0.0275992           0.371574            -0.333424           0.498296            0                   0.0412465           
SPHEROCYLINDER(1)  8.02291             2.72509             0.0792174           0.0370108           -0.268064           -0.420442           0.0235063           0.422068            -0.267032           0.498074            0                   0.0438445           
SPHEROCYLINDER(1)  8.02064             2.72091             2.74207             0.0299579           -0.364656           -0.340777           0.0319339           0.342091            -0.363255           0.498079            0                   0.0437864           
SPHEROCYLINDER(1)  8.04363             2.7355              5.37755             0.0335338           -0.388114           -0.313438           0.0412875           0.315227            -0.385911           0.497163            0                   0.0531899           
SPHEROCYLINDER(1)  8.01869             2.73603             8.01971             0.0286744           -0.381337           -0.322117           0.0338123           0.323391            -0.379835           0.498031            0                   0.0443339           
SPHEROCYLINDER(1)  8.02321             2.71785             10.6658             0.0412601           -0.248884           -0.431688           0.02368             0.433655            -0.247755           0.497732            0                   0.0475725           
SPHEROCYLINDER(1)  8.03541             5.39176             0.0595291           0.0422606           -0.326072           -0.376684           0.0363544           0.379047            -0.324039           0.496883            0                   0.0557459           
SPHEROCYLINDER(1)  8.03188             5.383               2.73034             0.0309637           -0.380894           -0.32243            0.0364105           0.323914            -0.379149           0.49771             0                   0.0477962           
SPHEROCYLINDER(1)  8.01557             5.38118             5.36741             0.0430557           -0.273192           -0.416548           0.0280883           0.418768            -0.271744           0.49735             0                   0.0514077           
SPHEROCYLINDER(1)  8.01688             5.36975             8.01646             0.0454373           -0.287626           -0.406457           0.0319543           0.408988            -0.285845           0.496905            0                   0.0555484           
SPHEROCYLINDER(1)  8.01023             5.36993             10.68               0.0331607           -0.215336           -0.450034           0.0158241           0.451254            -0.214753           0.498648            0                   0.0367428           
SPHEROCYLINDER(1)  8.01885             8.04098             0.0642306           0.029904            -0.38449            -0.318235           0.0359714           0.319637            -0.382803           0.497807            0                   0.0467781           
SPHEROCYLINDER(1)  8.0264              8.06217             2.69348             0.0400024           -0.243005           -0.435142           0.0222456           0.436976            -0.241985           0.497901            0                   0.0457718           
SPHEROCYLINDER(1)  8.04115             8.03624             5.37215             0.0354295           -0.325423           -0.377948           0.0303726           0.379605            -0.324003           0.497817            0                   0.0466663           
SPHEROCYLINDER(1)  8.00514             8.00907             8.02878             0.0323291           -0.372787           -0.331639           0.0361689           0.333211            -0.371029           0.497641            0                   0.0485115           
SPHEROCYLINDER(1)  7.99692             8.03329             10.6805             0.0355802           -0.361459           -0.343629           0.0372274           0.345467            -0.359537           0.497341            0                   0.0514959           
SPHEROCYLINDER(1)  8.03517             10.7                0.0838628           0.0270259           -0.360076           -0.345854           0.0280517           0.346909            -0.358981           0.49848             0                   0.0389525           
SPHEROCYLINDER(1)  8.0055              10.6942             2.74402             0.041062            -0.369534           -0.334303           0.0450509           0.336815            -0.366778           0.49627             0                   0.0609564           
SPHEROCYLINDER(1)  8.03076             10.693              5.36982             0.0267317           -0.427708           -0.257588           0.0441493           0.258971            -0.425423           0.497329            0                   0.0516115           
SPHEROCYLINDER(1)  8.02856             10.6745             8.05504             0.0213964           -0.367852           -0.337975           0.0232414           0.338651            -0.367117           0.499001            0                   0.0315906           
SPHEROCYLINDER(1)  8                   10.6805             10.6881             0.0360961           -0.378255           -0.324992           0.0417551           0.326991            -0.375943           0.496944            0                   0.0551944           
SPHEROCYLINDER(1)  10.6921             0.0446669           0.0910401           0.0165826           -0.461947           -0.190605           0.0400381           0.191325            -0.460209           0.498118            0                   0.0433362           
SPHEROCYLINDER(1)  10.6854             0.0554316           2.7024              0.0398996           -0.35137            -0.353478           0.0394114           0.355723            -0.349153           0.496845            0                   0.0560824           
SPHEROCYLINDER(1)  10.6834             0.0730586           5.38014             0.0313678           -0.303474           -0.39613            0.0239558           0.39737             -0.302527           0.49844             0                   0.0394693           
SPHEROCYLINDER(1)  10.67               0.0875765           8.01832             0.0351791           -0.327823           -0.375891           0.030547            0.377534            -0.326397           0.497825            0                   0.0465906           
SPHEROCYLINDER(1)  10.6733             0.0740799           10.6751             0.0379658           -0.355532           -0.349507           0.0383944           0.351563            -0.353453           0.497076            0                   0.0539957           
SPHEROCYLINDER(1)  10.6685             2.71567             0.0338988           0.0366559           -0.332412           -0.371697           0.0326235           0.3735              -0.330807           0.497586            0                   0.0490709           
SPHEROCYLINDER(1)  10.7068             2.72134             2.72481             0.045735            -0.30132            -0.396377           0.0345379           0.399007            -0.299334           0.496705            0                   0.057311            
SPHEROCYLINDER(1)  10.7154             2.70547             5.38597             0.0301004           -0.382432           -0.320686           0.0357389           0.322096            -0.380759           0.497812            0                   0.0467259           
SPHEROCYLINDER(1)  10.6751             2.71572             8.03108             0.0418302           -0.346878           -0.357668           0.0402937           0.360105            -0.344529           0.496615            0                   0.0580805           
SPHEROCYLINDER(1)  10.6944             2.72765             10.6722             0.0318424           -0.392307           -0.308352           0.0402979           0.309992            -0.390232           0.497355            0                   0.0513601           
SPHEROCYLINDER(1)  10.6769             5.35318             0.0470922           0.0338257           -0.341558           -0.363585           0.0316398           0.365155            -0.340089           0.49785             0                   0.0463169           
SPHEROCYLINDER(1)  10.675              5.39847             2.72007             0.0281985           -0.377612           -0.326518           0.03249             0.327734            -0.376211           0.498146            0                   0.0430204           
SPHEROCYLINDER(1)  10.6931             5.38394             5.38004             0.0398569           -0.256778           -0.427172           0.0238548           0.429028            -0.255668           0.497838            0                   0.0464503           
SPHEROCYLINDER(1)  10.6729             5.39073             8.03187             0.0189051           -0.448551           -0.220102           0.0383859           0.220912            -0.446905           0.498166            0                   0.0427888           
SPHEROCYLINDER(1)  10.7084             5.33932             10.6623             0.0426273           -0.327334           -0.375547           0.0369177           0.377958            -0.325246           0.49681             0                   0.0563915           
SPHEROCYLINDER(1)  10.6544             8.00929             0.0578041           0.0226289           -0.420424           -0.269687           0.0351535           0.270635            -0.418952           0.498249            0                   0.0418071           
SPHEROCYLINDER(1)  10.6992             8.03964             2.72697             0.0428682           -0.212145           -0.450729           0.0200862           0.452763            -0.211192           0.497754            0                   0.0473407           
SPHEROCYLINDER(1)  10.6651             8.04726             5.38656             0.0272914           -0.364568           -0.341095           0.0290766           0.342185            -0.363406           0.498407            0                   0.0398782           
SPHEROCYLINDER(1)  10.6579             8.0409              8.01961             0.0274059           -0.385548           -0.317178           0.0331898           0.31836             -0.384117           0.498144            0                   0.0430424           
SPHEROCYLINDER(1)  10.6894             8.00062             10.7068             0.0391394           -0.337727           -0.366618           0.0358513           0.368701            -0.335819           0.497175            0                   0.0530774           
SPHEROCYLINDER(1)  10.696              10.6557             0.0748711           0.0272961           -0.328185           -0.376231           0.0237479           0.37722             -0.327324           0.498689            0                   0.0361806           
SPHEROCYLINDER(1)  10.6654             10.6625             2.71189             0.037775            -0.349253           -0.355803           0.0368724           0.357802            -0.347301           0.497206            0                   0.0527875           
SPHEROCYLINDER(1)  10.6986             10.6811             5.365               0.0433855           -0.303488           -0.394984           0.0331362           0.39736             -0.301674           0.497011            0                   0.0545922           
SPHEROCYLINDER(1)  10.7055             10.6928             8.00212             0.0205977           -0.392436           -0.309144           0.0260895           0.309829            -0.391568           0.498894            0                   0.0332404           
SPHEROCYLINDER(1)  10.6598             10.6514             10.6586             0.0338817           -0.379594           -0.323667           0.0395203           0.325435            -0.377531           0.497283            0                   0.0520559           
SPHEROCYLINDER(1)  1.39549             1.39103             0.0501358           0.0330405           -0.350567           -0.35498            0.0324894           0.356514            -0.349059           0.497848            0                   0.0463383           
SPHEROCYLINDER(1)  1.40957             1.3898              2.71496             0.0352292           -0.364835           -0.34008            0.0375924           0.3419              -0.362893           0.497339            0                   0.0515198           
SPHEROCYLINDER(1)  1.39904             1.40689             5.37659             0.0377115           -0.337748           -0.366748           0.0345474           0.368682            -0.335977           0.497377            0                   0.0511438           
SPHEROCYLINDER(1)  1.39432             1.40149             8.02217             0.0354818           -0.335656           -0.368885           0.0321374           0.370587            -0.334114           0.497703            0                   0.0478725           
SPHEROCYLINDER(1)  1.38805             1.38484             10.7092             0.027458            -0.40028            -0.298365           0.0366821           0.299626            -0.398596           0.497896            0                   0.0458205           
SPHEROCYLINDER(1)  1.3771              4.04409             0.0722526           0.0358772           -0.348901           -0.356344           0.0349511           0.358146            -0.347146           0.497485            0                   0.0500875           
SPHEROCYLINDER(1)  1.40804             4.06401             2.72794             0.0177055           -0.454436           -0.207785           0.038583            0.208538            -0.452795           0.498195            0                   0.0424515           
SPHEROCYLINDER(1)  1.39868             4.0399              5.36956             0.0360275           -0.290948           -0.405032           0.025778            0.406632            -0.289804           0.498034            0                   0.0442999           
SPHEROCYLINDER(1)  1.40177             4.05576             8.01945             0.0284768           -0.372381           -0.332448           0.031781            0.333665            -0.371022           0.498176            0                   0.0426727           
SPHEROCYLINDER(1)  1.41538             4.04041             10.682              0.0449059           -0.221343           -0.446084           0.0221698           0.448339            -0.220229           0.497486            0                   0.0500803           
SPHEROCYLINDER(1)  1.39755             6.70132             0.0555212           0.0258159           -0.414005           -0.279165           0.0381227           0.280356            -0.412246           0.497876            0                   0.0460413           
SPHEROCYLINDER(1)  1.40864             6.71228             2.72333             0.0377482           -0.339475           -0.365146           0.0349084           0.367092            -0.337676           0.497349            0                   0.0514152           
SPHEROCYLINDER(1)  1.41603             6.70031             5.3689              0.0293906           -0.280531           -0.412842           0.0199208           0.413887            -0.279822           0.498738            0                   0.0355055           
SPHEROCYLINDER(1)  1.41251             6.71205             8.01809             0.0324333           -0.403755           -0.293138           0.0444012           0.294927            -0.401306           0.496967            0                   0.0549853           
SPHEROCYLINDER(1)  1.36283             6.71395             10.6567             0.0398185           -0.323379           -0.379263           0.0337657           0.381348            -0.321611           0.497267            0                   0.0522076           
SPHEROCYLINDER(1)  1.37323             9.3364              0.0632264           0.0404466           -0.298006           -0.399445           0.0300216           0.401488            -0.29649            0.497456            0                   0.0503709           
SPHEROCYLINDER(1)  1.37699             9.35792             2.71473             0.0335667           -0.314104           -0.387572           0.0271023           0.389023            -0.312932           0.498135            0                   0.0431422           
SPHEROCYLINDER(1)  1.37499             9.33874             5.38179             0.0406126           -0.35094            -0.353825           0.0400187           0.356148            -0.34865            0.496738            0                   0.0570165           
SPHEROCYLINDER(1)  1.39557             9.33683             8.0182              0.0505157           -0.187676           -0.46068            0.0204569           0.463441            -0.186558           0.497021            0                   0.0545007           
SPHEROCYLINDER(1)  1.40528             9.35994             10.68               0.0375169           -0.360991           -0.343915           0.0391474           0.345956            -0.358862           0.497051            0                   0.0542221           
SPHEROCYLINDER(1)  4.04255             1.37596             0.0711505           0.0315386           -0.327471           -0.376521           0.0273343           0.37784             -0.326328           0.498255            0                   0.0417354           
SPHEROCYLINDER(1)  4.04901             1.40808             2.71558             0.0351267           -0.273696           -0.416961           0.022976            0.418438            -0.27273            0.498235            0                   0.0419736           
SPHEROCYLINDER(1)  4.02417             1.38189             5.34117             0.0234659           -0.447216           -0.222368           0.0469329           0.223603            -0.444746           0.497239            0                   0.0524724           
SPHEROCYLINDER(1)  4.04956             1.39773             8.0237              0.0374441           -0.301293           -0.397266           0.0282729           0.399027            -0.299963           0.497794            0                   0.0469193           
SPHEROCYLINDER(1)  4.06211             1.38633             10.66               0.0297365           -0.36653            -0.338779           0.0320492           0.340081            -0.365127           0.498085            0                   0.0437197           
SPHEROCYLINDER(1)  4.05213             4.0698              0.0787154           0.0313905           -0.374825           -0.329425           0.0355556           0.330917            -0.373135           0.497745            0                   0.0474295           
SPHEROCYLINDER(1)  4.06119             4.04994             2.71281             0.0444192           -0.340314           -0.363612           0.0412663           0.366315            -0.337802           0.49631             0                   0.0606298           
SPHEROCYLINDER(1)  4.03944             4.0409              5.37633             0.0314924           -0.376874           -0.32707            0.0361208           0.328582            -0.375139           0.497698            0                   0.0479216           
SPHEROCYLINDER(1)  4.0436              4.071               8.03843             0.0382417           -0.320405           -0.38194            0.0319209           0.38385             -0.318811           0.497512            0                   0.0498133           
SPHEROCYLINDER(1)  4.06104             4.03965             10.7145             0.0353978           -0.372173           -0.332015           0.0394557           0.333897            -0.370076           0.497182            0                   0.0530071           
SPHEROCYLINDER(1)  4.0762              6.66445             0.0861158           0.0255038           -0.380521           -0.323347           0.0299204           0.324351            -0.379343           0.498452            0                   0.0393151           
SPHEROCYLINDER(1)  4.04892             6.702               2.72303             0.0393062           -0.345028           -0.359737           0.0374761           0.361878            -0.342987           0.497042            0                   0.0543087           
SPHEROCYLINDER(1)  4.04536             6.70543             5.39505             0.0302166           -0.382886           -0.320134           0.0359797           0.321556            -0.381191           0.497788            0                   0.0469849           
SPHEROCYLINDER(1)  4.05003             6.70128             8.02214             0.0249558           -0.426876           -0.259141           0.0409197           0.26034             -0.42491            0.497697            0                   0.0479292           
SPHEROCYLINDER(1)  4.04214             6.68724             10.7046             0.0356562           -0.304043           -0.395331           0.0273117           0.396936            -0.302813           0.497979            0                   0.0449143           
SPHEROCYLINDER(1)  4.08372             9.35585             0.0616337           0.0305189           -0.415641           -0.276245           0.0456413           0.277926            -0.413127           0.496976            0                   0.0549048           
SPHEROCYLINDER(1)  4.05555             9.31629             2.7298              0.0440309           -0.345712           -0.358531           0.04214             0.361225            -0.343134           0.496272            0                   0.0609468           
SPHEROCYLINDER(1)  4.06165             9.35725             5.3488              0.0266281           -0.414329           -0.278608           0.0394201           0.279878            -0.412449           0.497732            0                   0.047571            
SPHEROCYLINDER(1)  4.04491             9.37066             8.04098             0.040706            -0.32613            -0.376806           0.0350278           0.378998            -0.324243           0.497108            0                   0.0537022           
SPHEROCYLINDER(1)  4.05556             9.34324             10.6724             0.0384331           -0.380333           -0.322288           0.0450359           0.324571            -0.377658           0.496482            0                   0.0592059           
SPHEROCYLINDER(1)  6.71287             1.37642             0.0478794           0.03664             -0.350167           -0.355022           0.035948            0.356908            -0.348317           0.497358            0                   0.0513298           
SPHEROCYLINDER(1)  6.71751             1.40386             2.70773             0.0278369           -0.425268           -0.261481           0.0450189           0.262959            -0.422878           0.497191            0                   0.0529301           
SPHEROCYLINDER(1)  6.66492             1.39778             5.3894              0.0262409           -0.403033           -0.294747           0.03574             0.295913            -0.401445           0.49803             0                   0.0443389           
SPHEROCYLINDER(1)  6.68157             1.41249             8.02378             0.0419543           -0.249628           -0.431191           0.0241743           0.433227            -0.248455           0.49765             0                   0.0484207           
SPHEROCYLINDER(1)  6.69829             1.39788             10.6767             0.0398514           -0.293145           -0.403085           0.0288415           0.40505             -0.291723           0.497574            0                   0.0491931           
SPHEROCYLINDER(1)  6.70201             4.05414             0.0626622           0.014446            -0.425021           -0.262961           0.0233138           0.263357            -0.424381           0.499247            0                   0.0274266           
SPHEROCYLINDER(1)  6.71419             4.07432             2.72326             0.0361172           -0.334998           -0.369421           0.0325964           0.371182            -0.333409           0.497627            0                   0.0486515           
SPHEROCYLINDER(1)  6.69643             4.06021             5.35555             0.0268936           -0.304511           -0.395664           0.0206502           0.396577            -0.30381            0.498849            0                   0.0339072           
SPHEROCYLINDER(1)  6.72053             4.04736             8.03726             0.0190714           -0.418487           -0.272956           0.0291685           0.273621            -0.417469           0.498784            0                   0.03485             
SPHEROCYLINDER(1)  6.68953             4.04905             10.6873             0.0501088           -0.301614           -0.395624           0.0378989           0.398785            -0.299223           0.496037            0                   0.0628269           
SPHEROCYLINDER(1)  6.70571             6.69719             0.0701965           0.0276243           -0.37803            -0.326083           0.0319108           0.327251            -0.376681           0.498215            0                   0.0422066           
SPHEROCYLINDER(1)  6.70372             6.69232             2.72228             0.0408169           -0.348063           -0.356632           0.0395778           0.35896             -0.345805           0.496757            0                   0.0568544           
SPHEROCYLINDER(1)  6.69091             6.69338             5.345               0.0438928           -0.190318           -0.460274           0.0180672           0.462362            -0.189459           0.497742            0                   0.0474658           
SPHEROCYLINDER(1)  6.7128              6.69849             8.02823             0.0361747           -0.368357           -0.336162           0.0394117           0.338103            -0.366242           0.49713             0                   0.0534967           
SPHEROCYLINDER(1)  6.69786             6.72882             10.6683             0.0172039           -0.414152           -0.279611           0.0254339           0.28014             -0.41337            0.499056            0                   0.030706            
SPHEROCYLINDER(1)  6.70386             9.36289             0.0497581           0.0431421           -0.324825           -0.377661           0.0368666           0.380117            -0.322726           0.496769            0                   0.0567485           
SPHEROCYLINDER(1)  6.68978             9.36853             2.7162              0.0289175           -0.349807           -0.356089           0.0283141           0.357261            -0.348659           0.498359            0                   0.0404712           
SPHEROCYLINDER(1)  6.72641             9.37064             5.38235             0.0377602           -0.317388           -0.384498           0.0310203           0.386348            -0.315869           0.497606            0                   0.0488682           
SPHEROCYLINDER(1)  6.71264             9.36947             8.02117             0.029181            -0.339062           -0.366313           0.0269248           0.367474            -0.337991           0.498421            0                   0.0397049           
SPHEROCYLINDER(1)  6.72517             9.34565             10.6684             0.0312655           -0.318581           -0.384095           0.0258471           0.385365            -0.31753            0.498352            0                   0.040566            
SPHEROCYLINDER(1)  9.36184             1.38196             0.0621048           0.0260848           -0.416638           -0.275195           0.0393154           0.276429            -0.414779           0.497769            0                   0.0471818           
SPHEROCYLINDER(1)  9.34845             1.3831              2.7051              0.0302376           -0.391841           -0.309105           0.0381491           0.31058             -0.38998            0.497625            0                   0.0486792           
SPHEROCYLINDER(1)  9.32167             1.38926             5.36554             0.0412093           -0.319646           -0.382267           0.0342601           0.384482            -0.317805           0.49712             0                   0.0535906           
SPHEROCYLINDER(1)  9.33843             1.38193             8.02631             0.0277217           -0.409734           -0.285219           0.0396371           0.286563            -0.407812           0.497655            0                   0.0483693           
SPHEROCYLINDER(1)  9.32647             1.37428             10.6785             0.0290495           -0.416626           -0.274916           0.0437799           0.276446            -0.41432            0.497232            0                   0.052541            
SPHEROCYLINDER(1)  9.34839             4.07412             0.0914488           0.0264499           -0.400062           -0.298749           0.0352817           0.299917            -0.398503           0.498052            0                   0.0440953           
SPHEROCYLINDER(1)  9.36314             4.05973             2.73037             0.0354604           -0.30263            -0.396431           0.0269624           0.398014            -0.301427           0.498012            0                   0.0445467           
SPHEROCYLINDER(1)  9.39357             4.05353             5.39271             0.0462535           -0.300306           -0.397086           0.0347454           0.39977             -0.298289           0.496642            0                   0.05785             
SPHEROCYLINDER(1)  9.35173             4.03149             8.01699             0.0254463           -0.38215            -0.321425           0.0301594           0.32243             -0.380958           0.49844             0                   0.0394601           
SPHEROCYLINDER(1)  9.31987             4.06075             10.6536             0.0514779           -0.304234           -0.393436           0.0394701           0.396789            -0.301663           0.495774            0                   0.0648681           
SPHEROCYLINDER(1)  9.34347             6.67717             0.0614091           0.040359            -0.317333           -0.384279           0.0331457           0.386393            -0.315598           0.497265            0                   0.0522254           
SPHEROCYLINDER(1)  9.37774             6.69183             2.7101              0.0324475           -0.347763           -0.357782           0.03141             0.35925             -0.346342           0.497956            0                   0.0451601           
SPHEROCYLINDER(1)  9.37195             6.68089             5.37169             0.0210103           -0.461829           -0.190453           0.0506405           0.191609            -0.459044           0.496985            0                   0.054826            
SPHEROCYLINDER(1)  9.36154             6.72868             8.03793             0.0449797           -0.362904           -0.340995           0.0474586           0.343949            -0.359787           0.495706            0                   0.0653873           
SPHEROCYLINDER(1)  9.34761             6.67385             10.6887             0.0254878           -0.444503           -0.227525           0.0494846           0.228948            -0.44174            0.496892            0                   0.0556629           
SPHEROCYLINDER(1)  9.3526              9.34862             0.0622769           0.0360233           -0.304829           -0.394691           0.0277065           0.396332            -0.303568           0.49793             0                   0.0454459           
SPHEROCYLINDER(1)  9.35845             9.33047             2.74268             0.0322869           -0.362586           -0.342766           0.0340034           0.344284            -0.360988           0.497796            0                   0.04689             
SPHEROCYLINDER(1)  9.35635             9.36404             5.33792             0.0450837           -0.218685           -0.447375           0.0219267           0.449641            -0.217583           0.49748             0                   0.050133            
SPHEROCYLINDER(1)  9.32886             9.34582             8.01011             0.031292            -0.330248           -0.374108           0.0275272           0.375415            -0.329099           0.49826             0                   0.0416766           
SPHEROCYLINDER(1)  9.34081             9.35808             10.7061             0.0386095           -0.386344           -0.315036           0.0469971           0.317393            -0.383475           0.496287            0                   0.0608228           
SPHEROCYLINDER(1)  1.40928             0.0875661           1.3707              0.0190369           -0.364136           -0.342115           0.0202309           0.342644            -0.363573           0.499228            0                   0.0277794           
SPHEROCYLINDER(1)  1.38123             0.0700485           4.0512              0.020663            -0.42846            -0.256894           0.0343518           0.257724            -0.427081           0.49839             0                   0.0400875           
SPHEROCYLINDER(1)  1.43495             0.0670689           6.71405             0.021797            -0.39188            -0.309766           0.0275071           0.310532            -0.390914           0.498767            0                   0.0350963           
SPHEROCYLINDER(1)  1.41971             0.0675712           9.37208             0.0331227           -0.378614           -0.324891           0.0384006           0.326575            -0.376661           0.497422            0                   0.0507121           
SPHEROCYLINDER(1)  1.39474             2.73046             1.39115             0.025355            -0.346694           -0.359389           0.0243988           0.360282            -0.345835           0.49876             0                   0.0351878           
SPHEROCYLINDER(1)  1.42649             2.7103              4.03446             0.0284386           -0.414064           -0.278823           0.0420144           0.28027             -0.411927           0.497419            0                   0.0507342           
SPHEROCYLINDER(1)  1.37777             2.7222              6.68346             0.0354633           -0.394407           -0.305263           0.0455133           0.307316            -0.391772           0.49666             0                   0.0576983           
SPHEROCYLINDER(1)  1.42224             2.70915             9.31823             0.0398128           -0.369468           -0.334527           0.0436631           0.336888            -0.366879           0.496496            0                   0.0590892           
SPHEROCYLINDER(1)  1.40494             5.36096             1.39733             0.0510438           -0.297198           -0.398834           0.0377284           0.402087            -0.294793           0.495955            0                   0.0634736           
SPHEROCYLINDER(1)  1.399               5.40229             4.0504              0.032418            -0.318344           -0.384196           0.0267663           0.385561            -0.317216           0.49823             0                   0.04204             
SPHEROCYLINDER(1)  1.3978              5.35582             6.69438             0.0447192           -0.294421           -0.401642           0.0325798           0.404124            -0.292613           0.496929            0                   0.0553285           
SPHEROCYLINDER(1)  1.41292             5.35577             9.32132             0.0393764           -0.346699           -0.358119           0.0378924           0.360277            -0.344622           0.497005            0                   0.0546474           
SPHEROCYLINDER(1)  1.41245             8.02531             1.37171             0.0453677           -0.263852           -0.422284           0.0281845           0.424714            -0.262343           0.497139            0                   0.0534097           
SPHEROCYLINDER(1)  1.38934             7.99066             4.04372             0.0366843           -0.316036           -0.385714           0.0299223           0.387455            -0.314616           0.497754            0                   0.0473401           
SPHEROCYLINDER(1)  1.39703             8.03576             6.69248             0.0334953           -0.292576           -0.404076           0.0241697           0.405462            -0.291576           0.498291            0                   0.041305            
SPHEROCYLINDER(1)  1.39106             8.03293             9.35541             0.0161936           -0.399524           -0.300197           0.0215203           0.300634            -0.398944           0.499274            0                   0.0269324           
SPHEROCYLINDER(1)  1.37535             10.6674             1.37672             0.0285195           -0.329934           -0.374607           0.0250459           0.375691            -0.328982           0.498557            0                   0.037956            
SPHEROCYLINDER(1)  1.39047             10.682              4.03586             0.031441            -0.364508           -0.340801           0.0334859           0.342248            -0.362967           0.497886            0                   0.045933            
SPHEROCYLINDER(1)  1.3974              10.6579             6.69731             0.0398924           -0.336842           -0.36735            0.0363655           0.36951             -0.334873           0.497078            0                   0.0539801           
SPHEROCYLINDER(1)  1.38087             10.7017             9.33031             0.0344522           -0.40126            -0.296316           0.0463416           0.298312            -0.398575           0.496654            0                   0.0577451           
SPHEROCYLINDER(1)  4.05941             0.0964253           1.39594             0.039034            -0.327407           -0.375873           0.033819            0.377895            -0.325656           0.497325            0                   0.0516467           
SPHEROCYLINDER(1)  4.03357             0.0706551           4.06317             0.0463356           -0.29115            -0.403838           0.0331882           0.406487            -0.289252           0.496741            0                   0.0569951           
SPHEROCYLINDER(1)  4.05952             0.0545293           6.69538             0.0339736           -0.386982           -0.314787           0.0415241           0.316615            -0.384747           0.497113            0                   0.0536512           
SPHEROCYLINDER(1)  4.05825             0.0644575           9.34921             0.0296227           -0.37371            -0.330853           0.0333265           0.332176            -0.372221           0.498008            0                   0.0445888           
SPHEROCYLINDER(1)  4.05337             2.74262             1.39376             0.0334182           -0.346991           -0.358441           0.032211            0.359996            -0.345493           0.497841            0                   0.0464147           
SPHEROCYLINDER(1)  4.04209             2.69705             4.03188             0.0340069           -0.366821           -0.338062           0.0367145           0.339769            -0.364979           0.497489            0                   0.0500442           
SPHEROCYLINDER(1)  4.05698             2.72353             6.70391             0.0326053           -0.379703           -0.32367            0.0380573           0.325308            -0.377791           0.497482            0                   0.0501145           
SPHEROCYLINDER(1)  4.0356              2.72649             9.34917             0.0361083           -0.332055           -0.37207            0.0320743           0.373818            -0.330502           0.497662            0                   0.0482967           
SPHEROCYLINDER(1)  4.04732             5.37614             1.40399             0.0421574           -0.275381           -0.415197           0.027818            0.417331            -0.273972           0.497442            0                   0.0505083           
SPHEROCYLINDER(1)  4.04902             5.38281             4.04263             0.0109142           -0.478913           -0.14326            0.0363804           0.143675            -0.477529           0.498555            0                   0.0379823           
SPHEROCYLINDER(1)  4.03101             5.37102             6.67323             0.0434225           -0.28102            -0.411269           0.0295065           0.413555            -0.279466           0.497236            0                   0.052499            
SPHEROCYLINDER(1)  4.07691             5.35333             9.35376             0.0324105           -0.3875             -0.314314           0.0397464           0.31598             -0.385457           0.497363            0                   0.0512856           
SPHEROCYLINDER(1)  4.05398             8.04316             1.40955             0.0361325           -0.362598           -0.34237            0.0380559           0.344272            -0.360595           0.497239            0                   0.0524767           
SPHEROCYLINDER(1)  4.05496             8.00877             4.0433              0.0480734           -0.330506           -0.372095           0.0423483           0.375188            -0.327782           0.495879            0                   0.0640659           
SPHEROCYLINDER(1)  4.04652             8.00708             6.70479             0.0336103           -0.307498           -0.39283            0.0262135           0.394265            -0.306378           0.49818             0                   0.0426239           
SPHEROCYLINDER(1)  4.05125             8.04084             9.3521              0.0270361           -0.402192           -0.295822           0.0366049           0.297055            -0.400522           0.497925            0                   0.0455068           
SPHEROCYLINDER(1)  4.0467              10.6902             1.40572             0.0248567           -0.395221           -0.305258           0.0320761           0.306269            -0.393917           0.498351            0                   0.04058             
SPHEROCYLINDER(1)  4.05279             10.6437             4.0366              0.030745            -0.375748           -0.328433           0.0350211           0.329869            -0.374112           0.497824            0                   0.0466018           
SPHEROCYLINDER(1)  4.05063             10.6733             6.7135              0.0263805           -0.342717           -0.363111           0.0248334           0.364068            -0.341816           0.498686            0                   0.0362302           
SPHEROCYLINDER(1)  4.03776             10.7154             9.34626             0.0239003           -0.436691           -0.242342           0.0428596           0.243517            -0.434583           0.497586            0                   0.0490732           
SPHEROCYLINDER(1)  6.72503             0.0526936           1.40169             0.0393198           -0.239066           -0.43738            0.0214053           0.439144            -0.238105           0.497992            0                   0.0447687           
SPHEROCYLINDER(1)  6.6785              0.0787413           4.05026             0.0466472           -0.369836           -0.333234           0.051271            0.336483            -0.366265           0.495172            0                   0.0693157           
SPHEROCYLINDER(1)  6.71769             0.0562525           6.70773             0.0324439           -0.371549           -0.333015           0.0360275           0.334591            -0.369798           0.497644            0                   0.0484829           
SPHEROCYLINDER(1)  6.67988             0.0713047           9.35198             0.0391772           -0.325966           -0.377109           0.0336828           0.379138            -0.324221           0.497323            0                   0.0516661           
SPHEROCYLINDER(1)  6.70866             2.74076             1.40493             0.0380845           -0.342332           -0.362434           0.0357752           0.364429            -0.340457           0.497262            0                   0.0522522           
SPHEROCYLINDER(1)  6.71987             2.70009             4.05601             0.0436367           -0.242574           -0.435033           0.0242104           0.437216            -0.241363           0.497503            0                   0.049903            
SPHEROCYLINDER(1)  6.69614             2.72267             6.70082             0.0421473           -0.274728           -0.41563            0.0277168           0.417762            -0.273326           0.497449            0                   0.0504442           
SPHEROCYLINDER(1)  6.6906              2.72912             9.32768             0.0330779           -0.354072           -0.351481           0.0331752           0.353034            -0.352514           0.4978              0                   0.0468481           
SPHEROCYLINDER(1)  6.69888             5.35491             1.42536             0.0393558           -0.342865           -0.361794           0.0370781           0.363928            -0.340854           0.497068            0                   0.0540709           
SPHEROCYLINDER(1)  6.73136             5.39536             4.07687             0.0316923           -0.365502           -0.339711           0.033951            0.341186            -0.363922           0.497838            0                   0.0464442           
SPHEROCYLINDER(1)  6.72686             5.38749             6.69879             0.0508038           -0.20697            -0.452308           0.0231019           0.455152            -0.205677           0.496876            0                   0.0558097           
SPHEROCYLINDER(1)  6.70096             5.39571             9.36011             0.0418124           -0.368013           -0.335884           0.0454611           0.338476            -0.365195           0.49617             0                   0.0617656           
SPHEROCYLINDER(1)  6.71891             8.00928             1.36566             0.0384426           -0.366294           -0.338158           0.0413746           0.340336            -0.36395            0.4968              0                   0.0564774           
SPHEROCYLINDER(1)  6.70715             8.01648             4.04224             0.0497841           -0.325982           -0.375842           0.0428056           0.379125            -0.323159           0.49567             0                   0.0656565           
SPHEROCYLINDER(1)  6.70294             8.02131             6.70145             0.0303737           -0.291403           -0.405169           0.021784            0.406306            -0.290587           0.498601            0                   0.0373779           
SPHEROCYLINDER(1)  6.69858             8.053               9.34024             0.0398789           -0.355547           -0.349279           0.0403325           0.351548            -0.353252           0.496773            0                   0.056719            
SPHEROCYLINDER(1)  6.6921              10.6484             1.41902             0.00923278          -0.484313           -0.123918           0.0359852           0.124261            -0.482974           0.498618            0                   0.0371507           
SPHEROCYLINDER(1)  6.69669             10.669              4.06495             0.0258418           -0.399123           -0.300055           0.0342471           0.301166            -0.397651           0.498156            0                   0.042903            
SPHEROCYLINDER(1)  6.69895             10.6981             6.70424             0.034091            -0.259849           -0.425812           0.0207374           0.427175            -0.25902            0.498405            0                   0.0399028           
SPHEROCYLINDER(1)  6.7174              10.6785             9.36099             0.0289657           -0.377525           -0.326551           0.0333563           0.327833            -0.376049           0.498045            0                   0.0441775           
SPHEROCYLINDER(1)  9.35529             0.0741748           1.39343             0.0423121           -0.264637           -0.42211            0.0263947           0.424226            -0.263317           0.497507            0                   0.0498698           
SPHEROCYLINDER(1)  9.34603             0.0736795           4.00716             0.0231004           -0.356671           -0.349646           0.0235133           0.350408            -0.355895           0.498912            0                   0.0329622           
SPHEROCYLINDER(1)  9.36451             0.0858268           6.71177             0.0368511           -0.306286           -0.393486           0.0285596           0.395207            -0.304952           0.497822            0                   0.0466225           
SPHEROCYLINDER(1)  9.3137              0.0581654           9.35268             0.0253856           -0.391286           -0.310243           0.0319104           0.31128             -0.389983           0.498335            0                   0.0407763           
SPHEROCYLINDER(1)  9.35122             2.71642             1.41192             0.0312538           -0.344171           -0.361344           0.0296577           0.362693            -0.342891           0.49814             0                   0.0430857           
SPHEROCYLINDER(1)  9.35514             2.73743             4.04917             0.0446282           -0.257023           -0.426553           0.0267451           0.428881            -0.255628           0.497286            0                   0.0520286           
SPHEROCYLINDER(1)  9.37025             2.72437             6.66798             0.0422327           -0.298852           -0.398628           0.0314857           0.400859            -0.297188           0.497217            0                   0.0526778           
SPHEROCYLINDER(1)  9.37147             2.74562             9.33652             0.0251903           -0.414356           -0.278701           0.0372994           0.279837            -0.412674           0.49797             0                   0.0450088           
SPHEROCYLINDER(1)  9.35913             5.42401             1.38689             0.033675            -0.381628           -0.321288           0.0397815           0.323048            -0.379549           0.497276            0                   0.0521207           
SPHEROCYLINDER(1)  9.34834             5.38336             4.0338              0.0379423           -0.306023           -0.393586           0.029365            0.395411            -0.304611           0.497693            0                   0.0479783           
SPHEROCYLINDER(1)  9.37267             5.36407             6.69791             0.0259871           -0.415792           -0.27648            0.0389099           0.277699            -0.413968           0.497806            0                   0.0467901           
SPHEROCYLINDER(1)  9.33454             5.38457             9.34073             0.0340605           -0.361713           -0.343517           0.0356897           0.345201            -0.359948           0.49756             0                   0.0493343           
SPHEROCYLINDER(1)  9.3564              8.01325             1.41787             0.0290976           -0.352993           -0.352915           0.0290056           0.354113            -0.3518             0.498309            0                   0.0410852           
SPHEROCYLINDER(1)  9.34626             8.03048             4.04515             0.0357883           -0.348872           -0.356381           0.034859            0.358173            -0.347127           0.497498            0                   0.0499595           
SPHEROCYLINDER(1)  9.35328             8.02688             6.69249             0.037676            -0.323779           -0.379141           0.0320169           0.381008            -0.322192           0.497549            0                   0.0494425           
SPHEROCYLINDER(1)  9.3461              8.04485             9.35623             0.0170326           -0.459968           -0.195293           0.0399646           0.196034            -0.458229           0.498109            0                   0.0434428           
SPHEROCYLINDER(1)  9.32568             10.693              1.39613             0.0250933           -0.416543           -0.275432           0.0377927           0.276572            -0.414825           0.497938            0                   0.0453648           
SPHEROCYLINDER(1)  9.33455             10.7045             4.0271              0.025753            -0.395799           -0.304433           0.0333628           0.305521            -0.394391           0.498221            0                   0.0421461           
SPHEROCYLINDER(1)  9.36458             10.6681             6.67074             0.0349769           -0.321647           -0.381208           0.0293885           0.382809            -0.320302           0.497909            0                   0.0456844           
SPHEROCYLINDER(1)  9.34258             10.694              9.36155             0.0270573           -0.31996            -0.383267           0.022532            0.384221            -0.319165           0.498759            0                   0.0352106           
SPHEROCYLINDER(1)  0.0714823           1.40201             1.3824              0.0364002           -0.230881           -0.442006           0.0189494           0.443502            -0.230102           0.498313            0                   0.0410373           
SPHEROCYLINDER(1)  0.0510564           1.39764             4.08224             0.031831            -0.350072           -0.355579           0.0312132           0.357001            -0.348678           0.498009            0                   0.0445811           
SPHEROCYLINDER(1)  0.0666015           1.39909             6.71228             0.0339244           -0.334932           -0.369688           0.0306064           0.371242            -0.333531           0.497908            0                   0.0456904           
SPHEROCYLINDER(1)  0.0592078           1.41792             9.33159             0.0373063           -0.375234           -0.328341           0.0423617           0.330454            -0.372835           0.496804            0                   0.0564471           
SPHEROCYLINDER(1)  0.0476678           4.06185             1.4075              0.0256624           -0.325819           -0.378396           0.0220461           0.379265            -0.325072           0.498854            0                   0.0338318           
SPHEROCYLINDER(1)  0.0821599           4.04177             4.0487              0.0359642           -0.304344           -0.395072           0.0275909           0.396705            -0.30309            0.497941            0                   0.0453286           
SPHEROCYLINDER(1)  0.0652284           4.08245             6.71027             0.0275262           -0.39746            -0.302106           0.0360649           0.303357            -0.395821           0.497937            0                   0.0453692           
SPHEROCYLINDER(1)  0.0873436           4.04866             9.35232             0.0267018           -0.42282            -0.265537           0.0423044           0.266877            -0.420698           0.497491            0                   0.0500265           
SPHEROCYLINDER(1)  0.0823159           6.69718             1.39003             0.031151            -0.253822           -0.429656           0.0183545           0.430783            -0.253157           0.498691            0                   0.0361562           
SPHEROCYLINDER(1)  0.0818437           6.68447             4.06599             0.0302578           -0.404866           -0.291836           0.041753            0.293401            -0.402707           0.497334            0                   0.051564            
SPHEROCYLINDER(1)  0.0803134           6.73999             6.68489             0.027035            -0.400372           -0.298281           0.03614             0.299504            -0.398737           0.497959            0                   0.0451331           
SPHEROCYLINDER(1)  0.100465            6.66567             9.35374             0.0396864           -0.265675           -0.421713           0.024892            0.423576            -0.264506           0.497801            0                   0.0468468           
SPHEROCYLINDER(1)  0.0515509           9.3423              1.39195             0.0372018           -0.390067           -0.310586           0.0463903           0.312806            -0.387299           0.496451            0                   0.0594646           
SPHEROCYLINDER(1)  0.0613728           9.33678             4.04941             0.0335408           -0.387708           -0.313938           0.0411879           0.315725            -0.385514           0.497171            0                   0.0531171           
SPHEROCYLINDER(1)  0.0712352           9.35041             6.70247             0.0477568           -0.289355           -0.40496            0.0338887           0.407766            -0.287364           0.496559            0                   0.0585591           
SPHEROCYLINDER(1)  0.0710217           9.39195             9.34794             0.0426862           -0.270236           -0.418509           0.0274207           0.420681            -0.268842           0.497419            0                   0.0507346           
SPHEROCYLINDER(1)  2.72809             1.39397             1.3915              0.0297139           -0.441953           -0.231937           0.0561604           0.233832            -0.43837            0.495947            0                   0.0635367           
SPHEROCYLINDER(1)  2.74707             1.37477             4.05238             0.0395187           -0.33301            -0.370867           0.035285            0.372967            -0.331136           0.497185            0                   0.0529789           
SPHEROCYLINDER(1)  2.72648             1.38648             6.6967              0.03846             -0.289431           -0.405894           0.0273024           0.407712            -0.288141           0.49777             0                   0.0471656           
SPHEROCYLINDER(1)  2.70875             1.38886             9.34799             0.030233            -0.357952           -0.347788           0.0309997           0.349099            -0.356607           0.498121            0                   0.0433015           
SPHEROCYLINDER(1)  2.7525              4.02735             1.39825             0.0233341           -0.394103           -0.306819           0.0298859           0.307705            -0.392968           0.49856             0                   0.0379163           
SPHEROCYLINDER(1)  2.74271             4.04727             4.05964             0.0228403           -0.43115            -0.252166           0.0388928           0.253199            -0.429392           0.497962            0                   0.0451035           
SPHEROCYLINDER(1)  2.71781             4.04683             6.67019             0.0331852           -0.272295           -0.418036           0.021548            0.419351            -0.271441           0.498432            0                   0.0395674           
SPHEROCYLINDER(1)  2.71114             4.02955             9.3693              0.0354643           -0.312393           -0.388784           0.0283782           0.390398            -0.311101           0.497933            0                   0.0454207           
SPHEROCYLINDER(1)  2.72307             6.71697             1.38642             0.0296348           -0.320675           -0.382478           0.024772            0.383624            -0.319717           0.498506            0                   0.0386248           
SPHEROCYLINDER(1)  2.68999             6.72269             4.05002             0.0192134           -0.446323           -0.224558           0.0380487           0.225379            -0.444698           0.49818             0                   0.0426246           
SPHEROCYLINDER(1)  2.72083             6.69862             6.69706             0.0296532           -0.397747           -0.301527           0.038928            0.302981            -0.395837           0.4976              0                   0.0489357           
SPHEROCYLINDER(1)  2.7119              6.70886             9.35702             0.0317761           -0.368001           -0.336995           0.0345466           0.338489            -0.366376           0.497792            0                   0.0469381           
SPHEROCYLINDER(1)  2.69055             9.33703             1.38553             0.0398392           -0.306576           -0.392968           0.0309222           0.394983            -0.305012           0.49745             0                   0.0504315           
SPHEROCYLINDER(1)  2.68554             9.36744             4.06256             0.032581            -0.35255            -0.353054           0.0323968           0.354554            -0.351058           0.497884            0                   0.0459464           
SPHEROCYLINDER(1)  2.73701             9.34421             6.68115             0.038374            -0.312671           -0.388284           0.0307514           0.390176            -0.311155           0.497576            0                   0.0491753           
SPHEROCYLINDER(1)  2.72207             9.37902             9.36852             0.0340121           -0.365587           -0.339396           0.0364543           0.341096            -0.363765           0.497508            0                   0.0498572           
SPHEROCYLINDER(1)  5.36776             1.39718             1.4054              0.0406309           -0.381165           -0.321034           0.0478594           0.323594            -0.378148           0.496043            0                   0.0627805           
SPHEROCYLINDER(1)  5.3697              1.38247             4.04404             0.0348942           -0.324066           -0.379162           0.0296982           0.380764            -0.322702           0.497896            0                   0.0458212           
SPHEROCYLINDER(1)  5.39185             1.40166             6.69713             0.0372852           -0.371518           -0.332542           0.0413959           0.334626            -0.369205           0.496887            0                   0.0557118           
SPHEROCYLINDER(1)  5.36989             1.3878              9.34955             0.0371976           -0.368166           -0.336259           0.0404803           0.33831             -0.365934           0.496968            0                   0.0549756           
SPHEROCYLINDER(1)  5.37547             4.02942             1.41827             0.0364417           -0.364593           -0.340212           0.0388312           0.342158            -0.362519           0.497156            0                   0.0532528           
SPHEROCYLINDER(1)  5.37407             4.05009             4.0269              0.0427324           -0.309742           -0.390172           0.033722            0.392505            -0.307901           0.497028            0                   0.0544356           
SPHEROCYLINDER(1)  5.36308             4.03409             6.68783             0.0390723           -0.303168           -0.39568            0.029792            0.397605            -0.3017             0.49758             0                   0.0491346           
SPHEROCYLINDER(1)  5.36797             4.06315             9.32762             0.0318502           -0.373238           -0.331179           0.0357303           0.332707            -0.371523           0.497704            0                   0.0478653           
SPHEROCYLINDER(1)  5.40209             6.69506             1.38931             0.0336781           -0.236442           -0.439273           0.0180745           0.440562            -0.23575            0.498537            0                   0.0382218           
SPHEROCYLINDER(1)  5.3452              6.68799             4.04189             0.0266374           -0.397042           -0.302734           0.0348011           0.303904            -0.395514           0.498076            0                   0.0438254           
SPHEROCYLINDER(1)  5.35329             6.69634             6.71676             0.0372482           -0.350783           -0.354349           0.0366713           0.356302            -0.348861           0.49726             0                   0.0522705           
SPHEROCYLINDER(1)  5.37653             6.68166             9.37487             0.0163496           -0.424031           -0.264443           0.0261663           0.264948            -0.423223           0.499047            0                   0.0308543           
SPHEROCYLINDER(1)  5.36927             9.35217             1.41494             0.0466704           -0.257295           -0.42617            0.0280092           0.428718            -0.255766           0.497029            0                   0.0544302           
SPHEROCYLINDER(1)  5.38667             9.34668             4.05036             0.0451628           -0.248291           -0.431639           0.0258379           0.433995            -0.246943           0.497285            0                   0.0520315           
SPHEROCYLINDER(1)  5.36417             9.35746             6.67886             0.0348693           -0.351036           -0.354342           0.034378            0.356053            -0.349348           0.497597            0                   0.0489665           
SPHEROCYLINDER(1)  5.37342             9.34819             9.33824             0.0489679           -0.199497           -0.455854           0.0213074           0.458477            -0.198356           0.49714             0                   0.0534028           
SPHEROCYLINDER(1)  8.01392             1.39986             1.38915             0.0331724           -0.367478           -0.337431           0.0359529           0.339058            -0.365715           0.497601            0                   0.0489185           
SPHEROCYLINDER(1)  8.05403             1.42386             4.06187             0.0291864           -0.376566           -0.327637           0.0334128           0.328934            -0.375081           0.498028            0                   0.0443651           
SPHEROCYLINDER(1)  8.01882             1.39508             6.70178             0.0361555           -0.38384            -0.318371           0.043312            0.320417            -0.381388           0.496807            0                   0.0564194           
SPHEROCYLINDER(1)  8.04317             1.43229             9.34146             0.0341858           -0.306735           -0.393376           0.0265563           0.394859            -0.305584           0.498123            0                   0.0432886           
SPHEROCYLINDER(1)  8.0359              4.05398             1.3994              0.0336233           -0.321624           -0.381349           0.0282477           0.382829            -0.320381           0.498068            0                   0.0439142           
SPHEROCYLINDER(1)  8.01154             4.05931             4.05635             0.0296917           -0.422573           -0.265614           0.046945            0.267268            -0.419957           0.496905            0                   0.0555467           
SPHEROCYLINDER(1)  8.01892             4.04192             6.70364             0.0232079           -0.412756           -0.281236           0.0339457           0.282192            -0.411358           0.498306            0                   0.0411208           
SPHEROCYLINDER(1)  8.0181              4.06886             9.34415             0.0327578           -0.377025           -0.32677            0.0376072           0.328408            -0.375145           0.497506            0                   0.0498736           
SPHEROCYLINDER(1)  7.98859             6.68115             1.41261             0.0370827           -0.339412           -0.365273           0.034281            0.367151            -0.337676           0.497443            0                   0.0505007           
SPHEROCYLINDER(1)  8.03252             6.70916             4.05962             0.0302395           -0.379872           -0.323702           0.0353329           0.325111            -0.378225           0.497832            0                   0.0465064           
SPHEROCYLINDER(1)  8.04205             6.69396             6.70895             0.0371767           -0.310704           -0.389976           0.0294859           0.391744            -0.309301           0.497743            0                   0.0474503           
SPHEROCYLINDER(1)  8.02128             6.67933             9.33943             0.0166484           -0.468389           -0.174169           0.044569            0.174963            -0.466263           0.497731            0                   0.0475769           
SPHEROCYLINDER(1)  8.01219             9.35112             1.39751             0.0310258           -0.362953           -0.342494           0.032745            0.343897            -0.361473           0.497961            0                   0.0451092           
SPHEROCYLINDER(1)  8.01505             9.35661             4.04068             0.0411613           -0.384097           -0.317452           0.0493892           0.320109            -0.380908           0.495849            0                   0.0642926           
SPHEROCYLINDER(1)  8.05796             9.34942             6.69976             0.033808            -0.40917            -0.285372           0.0481377           0.287368            -0.406328           0.496528            0                   0.0588236           
SPHEROCYLINDER(1)  8.01329             9.33841             9.34294             0.0368959           -0.242029           -0.435959           0.0204103           0.437518            -0.241167           0.498219            0                   0.042165            
SPHEROCYLINDER(1)  10.6764             1.39883             1.41244             0.0314386           -0.399496           -0.299023           0.0417719           0.300671            -0.397306           0.497259            0                   0.0522807           
SPHEROCYLINDER(1)  10.6952             1.40375             4.05803             0.0197128           -0.462227           -0.189625           0.0477938           0.190647            -0.459749           0.49732             0                   0.0516996           
SPHEROCYLINDER(1)  10.6766             1.37589             6.71856             0.0220844           -0.409107           -0.286607           0.0314306           0.287456            -0.407898           0.498522            0                   0.0384136           
SPHEROCYLINDER(1)  10.6945             1.39344             9.32264             0.0378193           -0.276748           -0.414705           0.0251339           0.416426            -0.275605           0.497934            0                   0.0454094           
SPHEROCYLINDER(1)  10.67               4.03346             1.40316             0.0359566           -0.383552           -0.318739           0.0429954           0.320761            -0.381135           0.496849            0                   0.0560489           
SPHEROCYLINDER(1)  10.6835             4.04377             4.04817             0.0209426           -0.423999           -0.264171           0.0335082           0.264999            -0.422673           0.498436            0                   0.0395145           
SPHEROCYLINDER(1)  10.7049             4.06155             6.70423             0.0311327           -0.363545           -0.341856           0.0329715           0.343271            -0.362047           0.497939            0                   0.0453472           
SPHEROCYLINDER(1)  10.674              4.05021             9.34511             0.0392145           -0.322379           -0.380176           0.0330773           0.382194            -0.320677           0.497361            0                   0.0513019           
SPHEROCYLINDER(1)  10.6658             6.72004             1.38032             0.0275872           -0.380222           -0.323528           0.0323043           0.324702            -0.378847           0.498192            0                   0.0424808           
SPHEROCYLINDER(1)  10.6832             6.70591             4.01994             0.036306            -0.332919           -0.371278           0.0324005           0.373048            -0.331338           0.497626            0                   0.0486613           
SPHEROCYLINDER(1)  10.6948             6.70704             6.69838             0.0301764           -0.360535           -0.345114           0.0314049           0.346431            -0.359164           0.4981              0                   0.0435532           
SPHEROCYLINDER(1)  10.6672             6.69639             9.34534             0.0256224           -0.414109           -0.27903            0.0378669           0.280204            -0.412374           0.497905            0                   0.045721            
SPHEROCYLINDER(1)  10.6707             9.33846             1.39513             0.0374598           -0.326231           -0.377054           0.0322518           0.378911            -0.324633           0.497551            0                   0.0494309           
SPHEROCYLINDER(1)  10.6809             9.38401             4.04546             0.0434849           -0.288098           -0.406335           0.0306564           0.408656            -0.286462           0.497161            0                   0.0532048           
SPHEROCYLINDER(1)  10.682              9.3739              6.71384             0.0468356           -0.292782           -0.402598           0.0338322           0.405313            -0.290821           0.496651            0                   0.057777            
SPHEROCYLINDER(1)  10.695              9.3496              9.34875             0.0396646           -0.27348            -0.416696           0.025915            0.418579            -0.27225            0.49775             0                   0.0473801           
