365
0         13.2587   
0         13.2587   
0         13.2587   
SPHEROCYLINDER(1)  0.0457836           0.0370531           0.064555            0.0203297           -0.172046           -0.469027           0.00745023          0.469468            -0.171885           0.499531            0                   0.0216518           
SPHEROCYLINDER(1)  0.0598216           0.04409             2.70107             0.00574445          -0.48199            -0.132864           0.0208197           0.132988            -0.48154            0.499533            0                   0.0215976           
SPHEROCYLINDER(1)  0.0360055           0.0476116           5.34336             0.0168101           -0.394108           -0.307239           0.0215308           0.307699            -0.39352            0.499253            0                   0.0273159           
SPHEROCYLINDER(1)  0.0305698           0.0238302           7.98414             0.0173412           -0.290834           -0.406343           0.0124004           0.406713            -0.290569           0.499545            0                   0.0213186           
SPHEROCYLINDER(1)  0.0326823           0.0218141           10.6392             0.0213713           -0.40289            -0.295335           0.0290783           0.296107            -0.40184            0.498696            0                   0.0360871           
SPHEROCYLINDER(1)  0.0458675           2.68855             0.0380109           0.01582             -0.372761           -0.332865           0.0176962           0.33324             -0.372341           0.499436            0                   0.0237366           
SPHEROCYLINDER(1)  0.0346463           2.6819              2.67919             0.0198553           -0.292104           -0.405316           0.0142922           0.405802            -0.291754           0.499401            0                   0.0244643           
SPHEROCYLINDER(1)  0.0494874           2.67076             5.33913             0.020883            -0.268905           -0.421015           0.0133218           0.421533            -0.268575           0.499386            0                   0.0247703           
SPHEROCYLINDER(1)  0.0373588           2.67761             7.98279             0.0150488           -0.426439           -0.260621           0.0245824           0.261056            -0.42573            0.499169            0                   0.0288229           
SPHEROCYLINDER(1)  0.0265251           2.71044             10.6315             0.0303889           -0.164473           -0.471195           0.0105854           0.472174            -0.164132           0.498963            0                   0.0321798           
SPHEROCYLINDER(1)  0.0421635           5.37589             0.0533628           0.0213607           -0.308298           -0.39306            0.0167297           0.39364             -0.307844           0.499263            0                   0.0271323           
SPHEROCYLINDER(1)  0.0210833           5.35281             2.69318             0.0174843           -0.428134           -0.257674           0.028984            0.258267            -0.427151           0.498853            0                   0.0338493           
SPHEROCYLINDER(1)  0.0443556           5.32699             5.34897             0.0252547           -0.377965           -0.326351           0.0291618           0.327326            -0.376838           0.49851             0                   0.0385773           
SPHEROCYLINDER(1)  0.0248759           5.3357              7.9915              0.021649            -0.270818           -0.419748           0.0139492           0.420306            -0.270459           0.499336            0                   0.0257538           
SPHEROCYLINDER(1)  0.054526            5.34702             10.6361             0.0196874           -0.392122           -0.3096             0.0248847           0.310226            -0.391332           0.498992            0                   0.0317308           
SPHEROCYLINDER(1)  0.0479356           7.98298             0.0514348           0.0132778           -0.419109           -0.272344           0.0204089           0.272667            -0.418612           0.499407            0                   0.0243479           
SPHEROCYLINDER(1)  0.0676081           7.99377             2.70598             0.0187201           -0.255076           -0.429634           0.0111037           0.430042            -0.254834           0.499526            0                   0.0217654           
SPHEROCYLINDER(1)  0.0256407           8.01874             5.35371             0.0339127           -0.258503           -0.426645           0.020483            0.427991            -0.25769            0.498428            0                   0.0396185           
SPHEROCYLINDER(1)  0.0345483           7.98949             7.99441             0.0106501           -0.189956           -0.462389           0.00437404          0.462511            -0.189905           0.499867            0                   0.0115133           
SPHEROCYLINDER(1)  0.0337195           8.00157             10.6453             0.0281532           -0.320226           -0.382965           0.0234777           0.383999            -0.319365           0.498654            0                   0.0366579           
SPHEROCYLINDER(1)  0.0479876           10.6461             0.0236758           0.00836609          -0.477419           -0.148329           0.0268847           0.148565            -0.476661           0.499207            0                   0.0281563           
SPHEROCYLINDER(1)  0.0461522           10.6434             2.66968             0.0190418           -0.358239           -0.348285           0.0195568           0.348805            -0.357704           0.499254            0                   0.0272958           
SPHEROCYLINDER(1)  0.0435074           10.6509             5.35242             0.0258621           -0.262646           -0.424674           0.0159652           0.425461            -0.262161           0.499075            0                   0.030393            
SPHEROCYLINDER(1)  0.0464101           10.6361             7.98157             0.0196037           -0.335268           -0.37042            0.0177186           0.370938            -0.3348             0.499301            0                   0.0264244           
SPHEROCYLINDER(1)  0.0707918           10.6414             10.6323             0.014159            -0.363794           -0.342715           0.015017            0.343007            -0.363484           0.499574            0                   0.0206395           
SPHEROCYLINDER(1)  2.68899             0.0435964           0.0529006           0.0276847           -0.226991           -0.444644           0.0141057           0.445505            -0.226552           0.499034            0                   0.0310711           
SPHEROCYLINDER(1)  2.67594             0.0169979           2.69659             0.0179378           -0.34383            -0.362573           0.0169897           0.363017            -0.34341            0.499389            0                   0.0247066           
SPHEROCYLINDER(1)  2.68808             0.040515            5.34048             0.00915801          -0.423015           -0.26641            0.0145328           0.266567            -0.422765           0.499705            0                   0.0171777           
SPHEROCYLINDER(1)  2.68137             0.0385382           8.00493             0.0187836           -0.293126           -0.404629           0.0135928           0.405064            -0.292811           0.499462            0                   0.023186            
SPHEROCYLINDER(1)  2.70391             0.0363721           10.6461             0.0260426           -0.287052           -0.408562           0.0182603           0.409391            -0.286471           0.498987            0                   0.0318065           
SPHEROCYLINDER(1)  2.69862             2.68441             0.0276431           0.0158071           -0.325115           -0.37954            0.0135287           0.379869            -0.324833           0.499567            0                   0.020806            
SPHEROCYLINDER(1)  2.67754             2.67657             2.69222             0.0212834           -0.292072           -0.405266           0.0153177           0.405825            -0.29167            0.499312            0                   0.0262225           
SPHEROCYLINDER(1)  2.68374             2.7079              5.34424             0.0165092           -0.3812             -0.323132           0.0194507           0.323553            -0.380703           0.499349            0                   0.0255124           
SPHEROCYLINDER(1)  2.67688             2.6941              7.99338             0.0229023           -0.396892           -0.303237           0.0298905           0.3041              -0.395764           0.49858             0                   0.0376558           
SPHEROCYLINDER(1)  2.69083             2.69735             10.6471             0.0100035           -0.374695           -0.330913           0.0113218           0.331065            -0.374524           0.499772            0                   0.015108            
SPHEROCYLINDER(1)  2.70948             5.34858             0.0444421           0.0128382           -0.379947           -0.32477            0.0150076           0.325024            -0.37965            0.49961             0                   0.0197496           
SPHEROCYLINDER(1)  2.71143             5.33298             2.69717             0.0104553           -0.435472           -0.245468           0.0185314           0.245691            -0.435078           0.499547            0                   0.0212774           
SPHEROCYLINDER(1)  2.68716             5.33621             5.33067             0.0265964           -0.335182           -0.370061           0.0240277           0.371016            -0.33432            0.498714            0                   0.0358426           
SPHEROCYLINDER(1)  2.69367             5.3491              8.00086             0.0113984           -0.314087           -0.388869           0.00920247          0.389036            -0.313952           0.499785            0                   0.0146495           
SPHEROCYLINDER(1)  2.70017             5.3619              10.6532             0.0229454           -0.248893           -0.433043           0.0131695           0.43365             -0.248544           0.4993              0                   0.0264562           
SPHEROCYLINDER(1)  2.71488             8.00028             0.0515441           0.0273497           -0.352699           -0.353349           0.027218            0.354405            -0.351647           0.498509            0                   0.0385853           
SPHEROCYLINDER(1)  2.69455             8.01411             2.69593             0.0145278           -0.414872           -0.278694           0.0215972           0.279072            -0.414309           0.499322            0                   0.0260288           
SPHEROCYLINDER(1)  2.70905             8.01056             5.32644             0.0177253           -0.350167           -0.356467           0.0173905           0.356908            -0.349735           0.499383            0                   0.0248317           
SPHEROCYLINDER(1)  2.67994             7.98925             7.99882             0.0275359           -0.233686           -0.441172           0.0145573           0.44203             -0.233232           0.499029            0                   0.0311471           
SPHEROCYLINDER(1)  2.70393             7.99333             10.6378             0.0118194           -0.423802           -0.265052           0.0188797           0.265315            -0.423381           0.499504            0                   0.0222742           
SPHEROCYLINDER(1)  2.68888             10.6717             0.0485957           0.0127493           -0.43644            -0.243635           0.0228074           0.243968            -0.435843           0.499317            0                   0.026129            
SPHEROCYLINDER(1)  2.69369             10.6424             2.68401             0.0234518           -0.310364           -0.391311           0.0185673           0.392013            -0.309808           0.499104            0                   0.0299121           
SPHEROCYLINDER(1)  2.70537             10.6385             5.34382             0.0145596           -0.387063           -0.31618            0.0178048           0.316515            -0.386654           0.499471            0                   0.0229998           
SPHEROCYLINDER(1)  2.69395             10.6567             8.00992             0.0224804           -0.289299           -0.407186           0.0159476           0.407807            -0.288859           0.49924             0                   0.0275626           
SPHEROCYLINDER(1)  2.71303             10.6641             10.6388             0.0217924           -0.38447            -0.318917           0.0262107           0.319661            -0.383575           0.498837            0                   0.0340868           
SPHEROCYLINDER(1)  5.35908             0.0550229           0.0273189           0.0204246           -0.341402           -0.36473            0.0190884           0.365301            -0.340868           0.499218            0                   0.0279559           
SPHEROCYLINDER(1)  5.32689             0.0173448           2.71012             0.0213015           -0.383786           -0.319772           0.0255093           0.320481            -0.382938           0.498894            0                   0.0332337           
SPHEROCYLINDER(1)  5.35066             0.0564122           5.32806             0.0272772           -0.328389           -0.376054           0.0237574           0.377042            -0.327529           0.49869             0                   0.0361726           
SPHEROCYLINDER(1)  5.33718             0.0360939           8.00635             0.017314            -0.41856            -0.27296            0.0264963           0.273509            -0.417721           0.498997            0                   0.0316517           
SPHEROCYLINDER(1)  5.34767             0.0506275           10.6687             0.0248436           -0.212104           -0.452101           0.0116378           0.452783            -0.211784           0.499247            0                   0.0274344           
SPHEROCYLINDER(1)  5.34385             2.69986             0.0413586           0.0157492           -0.307079           -0.394277           0.0122563           0.394591            -0.306835           0.499602            0                   0.0199563           
SPHEROCYLINDER(1)  5.34845             2.6969              2.70684             0.0222246           -0.37422            -0.330855           0.025081            0.331601            -0.373379           0.498876            0                   0.033511            
SPHEROCYLINDER(1)  5.34399             2.70596             5.34305             0.0326556           -0.258686           -0.426632           0.0197428           0.42788             -0.257931           0.498542            0                   0.0381598           
SPHEROCYLINDER(1)  5.35034             2.70286             7.98543             0.00660897          -0.487597           -0.110479           0.0291165           0.110676            -0.486727           0.499108            0                   0.0298572           
SPHEROCYLINDER(1)  5.34562             2.71308             10.6313             0.024845            -0.3532             -0.353034           0.0247954           0.353907            -0.352328           0.498766            0                   0.0351011           
SPHEROCYLINDER(1)  5.32518             5.3621              0.022096            0.02445             -0.27515            -0.416767           0.0161143           0.417483            -0.274678           0.499142            0                   0.0292826           
SPHEROCYLINDER(1)  5.35043             5.34063             2.68435             0.0218769           -0.377419           -0.327225           0.0251764           0.327956            -0.376578           0.498886            0                   0.0333534           
SPHEROCYLINDER(1)  5.35654             5.36613             5.34004             0.0123736           -0.432974           -0.249761           0.0214241           0.250067            -0.432443           0.499388            0                   0.0247406           
SPHEROCYLINDER(1)  5.33868             5.32583             8.0023              0.0228128           -0.300122           -0.399257           0.0171204           0.399909            -0.299633           0.499186            0                   0.0285225           
SPHEROCYLINDER(1)  5.34484             5.35452             10.6319             0.0170579           -0.379652           -0.324921           0.0199038           0.325368            -0.37913            0.499312            0                   0.0262133           
SPHEROCYLINDER(1)  5.35907             7.98457             0.0321392           0.0164395           -0.413118           -0.281182           0.0241121           0.281662            -0.412414           0.499148            0                   0.029183            
SPHEROCYLINDER(1)  5.33806             7.99017             2.70504             0.017848            -0.300942           -0.398893           0.0134518           0.399292            -0.300641           0.4995              0                   0.0223495           
SPHEROCYLINDER(1)  5.33636             7.99084             5.34395             0.0144269           -0.328812           -0.376397           0.0125938           0.376673            -0.32857            0.499633            0                   0.0191505           
SPHEROCYLINDER(1)  5.34157             7.98485             7.98589             0.0209594           -0.233856           -0.441443           0.0110908           0.441941            -0.233593           0.499437            0                   0.0237129           
SPHEROCYLINDER(1)  5.3232              7.99553             10.6441             0.0212237           -0.378382           -0.326155           0.0245702           0.326845            -0.377583           0.498945            0                   0.0324675           
SPHEROCYLINDER(1)  5.33665             10.6424             0.0285506           0.0148617           -0.407729           -0.289026           0.0209378           0.289408            -0.407191           0.49934             0                   0.0256761           
SPHEROCYLINDER(1)  5.32471             10.6358             2.71283             0.028418            -0.323191           -0.380447           0.0240741           0.381507            -0.322293           0.498611            0                   0.0372444           
SPHEROCYLINDER(1)  5.32239             10.6476             5.35312             0.0230614           -0.240152           -0.437944           0.0126285           0.438551            -0.23982            0.499308            0                   0.0262928           
SPHEROCYLINDER(1)  5.35891             10.6463             8.00308             0.0145333           -0.404026           -0.294196           0.0199345           0.294555            -0.403534           0.499391            0                   0.0246698           
SPHEROCYLINDER(1)  5.35187             10.6354             10.646              0.0257177           -0.344114           -0.361835           0.0243966           0.362748            -0.343248           0.498742            0                   0.0354484           
SPHEROCYLINDER(1)  7.99257             0.0353828           0.0192682           0.0137971           -0.396665           -0.304084           0.0179793           0.304397            -0.396257           0.499486            0                   0.0226631           
SPHEROCYLINDER(1)  8.01431             0.0446241           2.69692             0.0175401           -0.410302           -0.28521            0.0251855           0.285749            -0.409528           0.499057            0                   0.0306914           
SPHEROCYLINDER(1)  7.99672             0.0501432           5.35129             0.026196            -0.282164           -0.411943           0.017907            0.412775            -0.281595           0.498992            0                   0.0317316           
SPHEROCYLINDER(1)  7.99601             0.0331928           8.01898             0.0200262           -0.355027           -0.351503           0.0201943           0.352073            -0.354452           0.49919             0                   0.0284404           
SPHEROCYLINDER(1)  8.0102              0.0254761           10.6492             0.0184639           -0.38156            -0.3226             0.0218028           0.323128            -0.380937           0.499183            0                   0.0285705           
SPHEROCYLINDER(1)  7.99605             2.67925             0.0479013           0.0186902           -0.244503           -0.43574            0.0104778           0.43614             -0.244278           0.499541            0                   0.0214268           
SPHEROCYLINDER(1)  7.9783              2.69611             2.69629             0.0108384           -0.455382           -0.206179           0.0239054           0.206464            -0.454754           0.499311            0                   0.0262477           
SPHEROCYLINDER(1)  8.00028             2.69792             5.34546             0.0186379           -0.363553           -0.342756           0.0197396           0.343262            -0.363017           0.499262            0                   0.0271482           
SPHEROCYLINDER(1)  7.98228             2.70697             8.00563             0.0148341           -0.356178           -0.350595           0.0150569           0.350909            -0.35586            0.499553            0                   0.0211368           
SPHEROCYLINDER(1)  7.98307             2.6941              10.6599             0.0274867           -0.19287            -0.460484           0.0114921           0.461304            -0.192527           0.499112            0                   0.0297924           
SPHEROCYLINDER(1)  8.00314             5.35011             0.0212971           0.0194739           -0.377349           -0.327458           0.0224014           0.328036            -0.376683           0.499118            0                   0.0296826           
SPHEROCYLINDER(1)  7.99548             5.34931             2.69345             0.0166092           -0.388246           -0.314626           0.0204671           0.315064            -0.387706           0.499305            0                   0.0263584           
SPHEROCYLINDER(1)  7.99177             5.33773             5.35917             0.0250515           -0.238864           -0.438539           0.0136229           0.439254            -0.238475           0.499186            0                   0.028516            
SPHEROCYLINDER(1)  7.98772             5.3296              7.9823              0.0253981           -0.316217           -0.386474           0.0207363           0.387308            -0.315536           0.498924            0                   0.0327881           
SPHEROCYLINDER(1)  7.98826             5.34896             10.6607             0.0251572           -0.106879           -0.487795           0.00550479          0.488443            -0.106737           0.499336            0                   0.0257524           
SPHEROCYLINDER(1)  7.99307             7.99083             0.0366393           0.0197424           -0.382023           -0.321976           0.0233804           0.322581            -0.381307           0.499063            0                   0.0306008           
SPHEROCYLINDER(1)  7.99025             8.01674             2.6714              0.0228895           -0.30142            -0.398274           0.0172946           0.398931            -0.300923           0.499176            0                   0.0286886           
SPHEROCYLINDER(1)  8.00775             8.00154             5.34649             0.0210179           -0.358471           -0.347932           0.0216152           0.348566            -0.357819           0.49909             0                   0.0301491           
SPHEROCYLINDER(1)  7.98732             7.9779              8.00686             0.0156002           -0.396881           -0.303714           0.0203588           0.304114            -0.396358           0.499342            0                   0.0256485           
SPHEROCYLINDER(1)  7.99247             7.99345             10.6487             0.0243129           -0.368776           -0.336768           0.0265546           0.337645            -0.367819           0.498702            0                   0.0360036           
SPHEROCYLINDER(1)  8.00346             10.6583             0.0569214           0.0195639           -0.305895           -0.395026           0.0151311           0.39551             -0.305521           0.499388            0                   0.0247325           
SPHEROCYLINDER(1)  7.98381             10.6465             2.72026             0.0225405           -0.397269           -0.30277            0.0294941           0.303608            -0.396172           0.49862             0                   0.0371211           
SPHEROCYLINDER(1)  7.98899             10.6501             5.33642             0.0179734           -0.41051            -0.284884           0.0258478           0.28545             -0.409695           0.499008            0                   0.0314826           
SPHEROCYLINDER(1)  7.98361             10.6494             8.01338             0.00469083          -0.479944           -0.140115           0.0160588           0.140193            -0.479675           0.49972             0                   0.0167299           
SPHEROCYLINDER(1)  7.98758             10.6439             10.6665             0.0173126           -0.411594           -0.283356           0.0251009           0.283884            -0.410828           0.499069            0                   0.0304923           
SPHEROCYLINDER(1)  10.654              0.0229284           0.0537199           0.0072999           -0.475452           -0.15457            0.0224293           0.154742            -0.474923           0.499443            0                   0.0235873           
SPHEROCYLINDER(1)  10.6402             0.0349142           2.67871             0.0279662           -0.331623           -0.373155           0.024784            0.374201            -0.330695           0.498602            0                   0.0373678           
SPHEROCYLINDER(1)  10.6454             0.0365897           5.34393             0.0132985           -0.341458           -0.365007           0.0124323           0.365249            -0.341231           0.499668            0                   0.0182047           
SPHEROCYLINDER(1)  10.6498             0.0332663           7.99622             0.0206008           -0.328437           -0.376437           0.0179471           0.377               -0.327946           0.499253            0                   0.027322            
SPHEROCYLINDER(1)  10.6347             0.0447636           10.6424             0.0255057           -0.317331           -0.385552           0.0209468           0.386395            -0.316639           0.49891             0                   0.0330047           
SPHEROCYLINDER(1)  10.6391             2.6856              0.0248777           0.0223335           -0.331027           -0.374062           0.019729            0.374728            -0.330439           0.499111            0                   0.0297997           
SPHEROCYLINDER(1)  10.6605             2.70303             2.69141             0.0250504           -0.277848           -0.414937           0.0167436           0.415693            -0.277343           0.499091            0                   0.0301309           
SPHEROCYLINDER(1)  10.6633             2.68309             5.35489             0.0227875           -0.370224           -0.335284           0.0251043           0.336057            -0.369372           0.498849            0                   0.0339043           
SPHEROCYLINDER(1)  10.6491             2.68303             7.99514             0.0200026           -0.343056           -0.363197           0.0188648           0.363747            -0.342537           0.499243            0                   0.0274952           
SPHEROCYLINDER(1)  10.6525             2.6903              10.6414             0.0208756           -0.409666           -0.285898           0.0298334           0.28666             -0.408578           0.498672            0                   0.0364119           
SPHEROCYLINDER(1)  10.6477             5.33293             0.0205371           0.0224164           -0.236301           -0.440068           0.0120212           0.440638            -0.235995           0.499353            0                   0.0254363           
SPHEROCYLINDER(1)  10.6486             5.35791             2.69503             0.0111665           -0.432513           -0.250615           0.0192522           0.250863            -0.432084           0.499504            0                   0.0222562           
SPHEROCYLINDER(1)  10.6634             5.34994             5.34875             0.0209095           -0.364484           -0.341634           0.0222664           0.342274            -0.363803           0.499066            0                   0.030545            
SPHEROCYLINDER(1)  10.6441             5.35198             8.00659             0.0125856           -0.362328           -0.344325           0.0132348           0.344555            -0.362087           0.499666            0                   0.0182636           
SPHEROCYLINDER(1)  10.6611             5.32292             10.6264             0.0234779           -0.315247           -0.387386           0.0190709           0.388097            -0.31467            0.499084            0                   0.0302475           
SPHEROCYLINDER(1)  10.6327             7.98879             0.0301707           0.0172037           -0.34905            -0.357587           0.0167736           0.358               -0.348646           0.499422            0                   0.0240276           
SPHEROCYLINDER(1)  10.6514             8.00463             2.68834             0.0300362           -0.170096           -0.469217           0.0108662           0.470178            -0.169749           0.498979            0                   0.0319413           
SPHEROCYLINDER(1)  10.6357             8.00586             5.35401             0.0116097           -0.429765           -0.25528            0.0195247           0.255543            -0.429321           0.499484            0                   0.0227156           
SPHEROCYLINDER(1)  10.6416             7.99482             7.99383             0.0134899           -0.416323           -0.276575           0.0202821           0.276903            -0.415828           0.499406            0                   0.0243586           
SPHEROCYLINDER(1)  10.6489             7.99133             10.6669             0.0233708           -0.37116            -0.334207           0.0258917           0.335023            -0.370256           0.498782            0                   0.0348795           
SPHEROCYLINDER(1)  10.6523             10.6287             0.0527433           0.0130691           -0.398099           -0.302235           0.0171983           0.302518            -0.397728           0.499533            0                   0.0216005           
SPHEROCYLINDER(1)  10.6506             10.6422             2.68457             0.0245004           -0.3255             -0.378747           0.021012            0.379539            -0.324821           0.498957            0                   0.0322765           
SPHEROCYLINDER(1)  10.6633             10.6501             5.34341             0.0269501           -0.244204           -0.435475           0.0150841           0.436308            -0.243737           0.499045            0                   0.0308842           
SPHEROCYLINDER(1)  10.6491             10.6627             7.98295             0.0117024           -0.338645           -0.367672           0.0107731           0.367858            -0.338473           0.499747            0                   0.0159062           
SPHEROCYLINDER(1)  10.6374             10.6366             10.6292             0.0246813           -0.290594           -0.406135           0.0176272           0.406885            -0.290059           0.499079            0                   0.0303296           
SPHEROCYLINDER(1)  1.369               1.35753             0.0253341           0.0179969           -0.328277           -0.37671            0.0156652           0.37714             -0.327903           0.49943             0                   0.0238598           
SPHEROCYLINDER(1)  1.37395             1.35287             2.69393             0.0163213           -0.413011           -0.281345           0.0239192           0.281818            -0.412318           0.499161            0                   0.0289571           
SPHEROCYLINDER(1)  1.36519             1.37727             5.34847             0.0228851           -0.33408            -0.371304           0.0205518           0.372009            -0.333447           0.499053            0                   0.0307588           
SPHEROCYLINDER(1)  1.3567              1.37824             7.99624             0.0261939           -0.311675           -0.390093           0.0208813           0.390972            -0.310974           0.498877            0                   0.0334985           
SPHEROCYLINDER(1)  1.35392             1.35959             10.6678             0.0083965           -0.476306           -0.151861           0.0262952           0.152093            -0.47558            0.499237            0                   0.0276032           
SPHEROCYLINDER(1)  1.35983             4.00654             0.044135            0.0205956           -0.333722           -0.37176            0.0184601           0.37233             -0.333211           0.499234            0                   0.0276578           
SPHEROCYLINDER(1)  1.37273             4.02697             2.6819              0.0107137           -0.460467           -0.194564           0.0253174           0.194858            -0.459771           0.499244            0                   0.027491            
SPHEROCYLINDER(1)  1.35897             4.00497             5.33296             0.0216391           -0.290177           -0.406607           0.015421            0.407182            -0.289767           0.499293            0                   0.0265718           
SPHEROCYLINDER(1)  1.3656              4.02033             7.99047             0.0175444           -0.368686           -0.337287           0.0191518           0.337743            -0.368188           0.499325            0                   0.025973            
SPHEROCYLINDER(1)  1.39064             3.99941             10.6407             0.0289273           -0.163845           -0.471506           0.0100332           0.472393            -0.163537           0.499062            0                   0.0306179           
SPHEROCYLINDER(1)  1.37095             6.6733              0.0365571           0.0141627           -0.411267           -0.284005           0.0204836           0.284358            -0.410757           0.499379            0                   0.024903            
SPHEROCYLINDER(1)  1.3632              6.673               2.7026              0.0250587           -0.319699           -0.383621           0.0208388           0.384438            -0.319019           0.498937            0                   0.0325913           
SPHEROCYLINDER(1)  1.37662             6.66596             5.33953             0.0162807           -0.29705            -0.401866           0.0120244           0.402196            -0.296806           0.49959             0                   0.0202398           
SPHEROCYLINDER(1)  1.3733              6.67466             7.97937             0.0234609           -0.367951           -0.33773            0.0254988           0.338544            -0.367067           0.498798            0                   0.0346497           
SPHEROCYLINDER(1)  1.35371             6.67692             10.639              0.0192759           -0.371736           -0.333828           0.021429            0.334384            -0.371118           0.499169            0                   0.028823            
SPHEROCYLINDER(1)  1.35027             9.30192             0.0219303           0.0244492           -0.351972           -0.354285           0.024232            0.355127            -0.351137           0.498814            0                   0.0344231           
SPHEROCYLINDER(1)  1.35505             9.3333              2.67567             0.0207406           -0.200317           -0.457649           0.00906904          0.458119            -0.200112           0.499487            0                   0.0226367           
SPHEROCYLINDER(1)  1.34919             9.30943             5.35427             0.0240017           -0.351227           -0.355054           0.0236889           0.355864            -0.350428           0.498861            0                   0.0337231           
SPHEROCYLINDER(1)  1.34761             9.32503             7.99524             0.029371            -0.162874           -0.471815           0.0101195           0.472728            -0.162559           0.499034            0                   0.0310654           
SPHEROCYLINDER(1)  1.36881             9.31942             10.6475             0.0242022           -0.312305           -0.389718           0.0193575           0.390468            -0.311704           0.499039            0                   0.0309913           
SPHEROCYLINDER(1)  4.0221              1.34657             0.0561275           0.0187209           -0.357248           -0.349319           0.0191184           0.34982             -0.356736           0.499284            0                   0.0267579           
SPHEROCYLINDER(1)  4.01123             1.37224             2.6964              0.0178593           -0.245345           -0.435301           0.0100574           0.435667            -0.245139           0.49958             0                   0.0204965           
SPHEROCYLINDER(1)  4.00468             1.34444             5.31574             0.0166291           -0.444066           -0.229193           0.0321347           0.229795            -0.442901           0.498689            0                   0.0361824           
SPHEROCYLINDER(1)  4.02291             1.36523             7.99518             0.0284713           -0.206408           -0.454516           0.0129043           0.455407            -0.206004           0.499022            0                   0.0312592           
SPHEROCYLINDER(1)  4.02794             1.35936             10.6353             0.0226684           -0.331521           -0.373604           0.0200781           0.374291            -0.330912           0.499082            0                   0.0302818           
SPHEROCYLINDER(1)  4.0181              4.0221              0.0475056           0.0192194           -0.366205           -0.339889           0.0206745           0.340432            -0.365621           0.499203            0                   0.028228            
SPHEROCYLINDER(1)  4.01609             4.02082             2.68989             0.0217207           -0.372156           -0.333209           0.0242081           0.333916            -0.371368           0.498941            0                   0.0325242           
SPHEROCYLINDER(1)  4.01155             4.00842             5.34297             0.0161901           -0.421621           -0.268279           0.0253977           0.268767            -0.420855           0.499092            0                   0.0301191           
SPHEROCYLINDER(1)  3.99847             4.03448             7.99817             0.0182376           -0.36809            -0.337901           0.0198381           0.338393            -0.367555           0.499273            0                   0.0269474           
SPHEROCYLINDER(1)  4.02493             3.99998             10.6733             0.0274517           -0.364175           -0.341501           0.0291802           0.342603            -0.363004           0.498392            0                   0.0400635           
SPHEROCYLINDER(1)  4.02697             6.64952             0.0588523           0.0160292           -0.398616           -0.30141            0.0211688           0.301836            -0.398054           0.499294            0                   0.0265529           
SPHEROCYLINDER(1)  4.01536             6.67825             2.69471             0.0251225           -0.239921           -0.437958           0.01374             0.438678            -0.239527           0.499179            0                   0.0286344           
SPHEROCYLINDER(1)  4.03915             6.67528             5.35667             0.0119823           -0.395384           -0.305824           0.0154794           0.306059            -0.39508            0.499617            0                   0.0195751           
SPHEROCYLINDER(1)  4.00892             6.68408             8.00011             0.0121395           -0.401822           -0.297307           0.0163933           0.297555            -0.401488           0.499584            0                   0.0203987           
SPHEROCYLINDER(1)  4.01474             6.653               10.6553             0.0166207           -0.319261           -0.384442           0.0137899           0.384801            -0.318964           0.499533            0                   0.0215965           
SPHEROCYLINDER(1)  4.04004             9.31906             0.0253967           0.0147746           -0.436001           -0.244304           0.0263197           0.24475             -0.435206           0.499088            0                   0.0301831           
SPHEROCYLINDER(1)  4.00843             9.30541             2.70129             0.0264935           -0.362678           -0.343165           0.0279169           0.344186            -0.361602           0.498517            0                   0.0384871           
SPHEROCYLINDER(1)  4.03179             9.32111             5.32751             0.0175847           -0.412389           -0.282181           0.0256492           0.282728            -0.411591           0.499032            0                   0.0310983           
SPHEROCYLINDER(1)  4.01951             9.33981             8.01281             0.0338657           -0.224462           -0.4455             0.0170139           0.446785            -0.223816           0.498562            0                   0.0378993           
SPHEROCYLINDER(1)  4.02609             9.31872             10.661              0.0205067           -0.402672           -0.295694           0.0278588           0.296404            -0.401707           0.498802            0                   0.0345924           
SPHEROCYLINDER(1)  6.6826              1.3585              0.017367            0.0263945           -0.202303           -0.456483           0.0116779           0.457246            -0.201966           0.499166            0                   0.0288625           
SPHEROCYLINDER(1)  6.67254             1.37434             2.68225             0.014746            -0.455419           -0.205855           0.0325394           0.206383            -0.454255           0.498722            0                   0.0357248           
SPHEROCYLINDER(1)  6.649               1.36441             5.35673             0.0132612           -0.45445            -0.208084           0.0289034           0.208506            -0.45353            0.498988            0                   0.0318004           
SPHEROCYLINDER(1)  6.66098             1.38608             8.00715             0.0239451           -0.158671           -0.47355            0.00801298          0.474155            -0.158469           0.499362            0                   0.0252502           
SPHEROCYLINDER(1)  6.67353             1.36509             10.6458             0.0284199           -0.314423           -0.387724           0.0229853           0.388765            -0.313582           0.498662            0                   0.0365516           
SPHEROCYLINDER(1)  6.66802             4.01249             0.0318914           0.0124615           -0.290624           -0.406673           0.00890126          0.406864            -0.290487           0.499765            0                   0.0153141           
SPHEROCYLINDER(1)  6.68225             4.03361             2.69898             0.0178336           -0.385211           -0.318268           0.0215509           0.318767            -0.384608           0.499217            0                   0.0279728           
SPHEROCYLINDER(1)  6.67458             4.01442             5.33182             0.0170181           -0.359316           -0.347278           0.0175869           0.347695            -0.358886           0.499401            0                   0.0244728           
SPHEROCYLINDER(1)  6.67397             4.01672             8.01051             0.0147067           -0.383923           -0.31998            0.017627            0.320317            -0.383518           0.499473            0                   0.0229564           
SPHEROCYLINDER(1)  6.65962             4.02467             10.654              0.0298988           -0.295212           -0.402437           0.0218723           0.403546            -0.294401           0.498626            0                   0.0370451           
SPHEROCYLINDER(1)  6.67098             6.67095             0.0480049           0.011826            -0.44213            -0.233198           0.0223927           0.233497            -0.441563           0.499358            0                   0.0253236           
SPHEROCYLINDER(1)  6.68097             6.66965             2.69328             0.0288763           -0.319202           -0.383766           0.0239505           0.384851            -0.318302           0.498591            0                   0.0375162           
SPHEROCYLINDER(1)  6.67717             6.66545             5.32741             0.0231516           -0.217327           -0.449703           0.0111736           0.450299            -0.217039           0.499339            0                   0.0257069           
SPHEROCYLINDER(1)  6.69123             6.65823             7.98495             0.0224457           -0.379334           -0.324964           0.0261388           0.325739            -0.378432           0.498812            0                   0.0344536           
SPHEROCYLINDER(1)  6.65476             6.68273             10.6552             0.0141766           -0.314889           -0.388129           0.0114938           0.388387            -0.314679           0.499667            0                   0.0182506           
SPHEROCYLINDER(1)  6.65891             9.32047             0.0320582           0.0303924           -0.286397           -0.408721           0.0212378           0.409849            -0.285609           0.498623            0                   0.0370775           
SPHEROCYLINDER(1)  6.65996             9.32991             2.68062             0.0167427           -0.323272           -0.381071           0.0141895           0.381439            -0.32296            0.499518            0                   0.0219468           
SPHEROCYLINDER(1)  6.67386             9.34254             5.35038             0.0201176           -0.307225           -0.393964           0.0156679           0.394478            -0.306826           0.499349            0                   0.025499            
SPHEROCYLINDER(1)  6.67608             9.32328             7.9792              0.0171759           -0.335764           -0.370091           0.015566            0.37049             -0.335403           0.499462            0                   0.0231801           
SPHEROCYLINDER(1)  6.68069             9.32932             10.6349             0.0296061           -0.209025           -0.453246           0.0136245           0.454212            -0.208581           0.498937            0                   0.0325906           
SPHEROCYLINDER(1)  9.32044             1.36134             0.0321494           0.0158175           -0.379469           -0.325197           0.0184355           0.325581            -0.379021           0.49941             0                   0.0242911           
SPHEROCYLINDER(1)  9.33026             1.36068             2.65871             0.023426            -0.379815           -0.324333           0.027362            0.325178            -0.378828           0.498701            0                   0.0360203           
SPHEROCYLINDER(1)  9.30864             1.35675             5.35079             0.0197142           -0.323087           -0.381085           0.0166915           0.381595            -0.322656           0.499332            0                   0.0258313           
SPHEROCYLINDER(1)  9.30009             1.3618              7.9933              0.0194644           -0.379976           -0.324406           0.0227576           0.32499             -0.379294           0.499102            0                   0.0299462           
SPHEROCYLINDER(1)  9.31564             1.35791             10.6464             0.0116949           -0.447115           -0.223498           0.0233641           0.223803            -0.446504           0.499317            0                   0.0261276           
SPHEROCYLINDER(1)  9.32474             4.04129             0.054668            0.0166264           -0.425444           -0.262147           0.0269292           0.262673            -0.424591           0.498997            0                   0.0316484           
SPHEROCYLINDER(1)  9.3178              4.02858             2.69258             0.0255847           -0.268119           -0.421257           0.016254            0.422033            -0.267626           0.49908             0                   0.0303112           
SPHEROCYLINDER(1)  9.34504             4.02311             5.35892             0.0253457           -0.299853           -0.399306           0.0189947           0.40011             -0.299251           0.498996            0                   0.0316734           
SPHEROCYLINDER(1)  9.32319             4.01259             7.99226             0.0217343           -0.327421           -0.377258           0.0188319           0.377883            -0.326878           0.499172            0                   0.0287579           
SPHEROCYLINDER(1)  9.28994             4.03533             10.642              0.0283316           -0.337707           -0.36763            0.0259487           0.36872             -0.336708           0.498522            0                   0.0384189           
SPHEROCYLINDER(1)  9.33087             6.66481             0.0267958           0.0255618           -0.300634           -0.398705           0.0192348           0.399524            -0.300018           0.498976            0                   0.0319904           
SPHEROCYLINDER(1)  9.34489             6.67022             2.67992             0.0194              -0.336012           -0.369756           0.0176053           0.370265            -0.33555            0.499313            0                   0.0261974           
SPHEROCYLINDER(1)  9.32679             6.67501             5.34717             0.0154099           -0.452062           -0.213079           0.0326079           0.213636            -0.450884           0.498698            0                   0.0360658           
SPHEROCYLINDER(1)  9.33339             6.69112             7.99406             0.025502            -0.376691           -0.327802           0.0292171           0.328792            -0.375556           0.498494            0                   0.0387814           
SPHEROCYLINDER(1)  9.31478             6.64909             10.6507             0.0200735           -0.40177            -0.296948           0.0270975           0.297626            -0.400855           0.498861            0                   0.0337227           
SPHEROCYLINDER(1)  9.31955             9.32699             0.0345208           0.0169114           -0.384914           -0.318677           0.0203977           0.319126            -0.384373           0.499297            0                   0.0264964           
SPHEROCYLINDER(1)  9.34054             9.30231             2.70968             0.0210389           -0.288591           -0.407765           0.0148702           0.408308            -0.288208           0.499336            0                   0.0257635           
SPHEROCYLINDER(1)  9.32887             9.32855             5.31992             0.02198             -0.238982           -0.43864            0.0119602           0.43919             -0.238682           0.499373            0                   0.0250234           
SPHEROCYLINDER(1)  9.30438             9.33003             7.98214             0.016079            -0.373243           -0.332311           0.0180384           0.3327              -0.372807           0.499416            0                   0.0241644           
SPHEROCYLINDER(1)  9.3055              9.31243             10.6713             0.0206035           -0.42036            -0.26995            0.0319903           0.270735            -0.419141           0.49855             0                   0.038051            
SPHEROCYLINDER(1)  1.37334             0.0403682           1.34896             0.00840523          -0.31082            -0.391561           0.0066705           0.391652            -0.310748           0.499885            0                   0.0107305           
SPHEROCYLINDER(1)  1.36343             0.0325344           4.02674             0.0169571           -0.399212           -0.300569           0.0224864           0.301047            -0.398579           0.499206            0                   0.0281635           
SPHEROCYLINDER(1)  1.39563             0.03269             6.67604             0.00951735          -0.402434           -0.296575           0.0129078           0.296727            -0.402227           0.499743            0                   0.0160372           
SPHEROCYLINDER(1)  1.37722             0.0489351           9.32776             0.0253843           -0.335761           -0.369622           0.0230047           0.370492            -0.334972           0.498825            0                   0.0342575           
SPHEROCYLINDER(1)  1.36842             2.6918              1.35707             0.0159693           -0.293768           -0.404284           0.0115949           0.404599            -0.293539           0.49961             0                   0.0197348           
SPHEROCYLINDER(1)  1.39041             2.68672             4.0056              0.00922042          -0.474239           -0.158152           0.0276017           0.158421            -0.473435           0.499152            0                   0.0291011           
SPHEROCYLINDER(1)  1.35659             2.6955              6.65828             0.0247605           -0.377292           -0.327166           0.0284728           0.328101            -0.376216           0.498574            0                   0.037733            
SPHEROCYLINDER(1)  1.39446             2.6954              9.29769             0.0246069           -0.352296           -0.353952           0.0244329           0.354806            -0.351448           0.498796            0                   0.0346766           
SPHEROCYLINDER(1)  1.39002             5.32302             1.36785             0.0290636           -0.320594           -0.38259            0.0242841           0.383692            -0.319673           0.498564            0                   0.0378736           
SPHEROCYLINDER(1)  1.38007             5.35664             4.03728             0.0207403           -0.291336           -0.405824           0.0148698           0.406354            -0.290956           0.499348            0                   0.02552             
SPHEROCYLINDER(1)  1.37404             5.33385             6.66898             0.0255936           -0.3255             -0.378675           0.0219496           0.379539            -0.324759           0.498862            0                   0.0337168           
SPHEROCYLINDER(1)  1.36552             5.32991             9.30685             0.0216172           -0.369514           -0.336143           0.0237143           0.336837            -0.368753           0.498969            0                   0.0320885           
SPHEROCYLINDER(1)  1.38269             7.99105             1.35058             0.0335385           -0.247254           -0.43329            0.0190815           0.434586            -0.246517           0.498509            0                   0.0385867           
SPHEROCYLINDER(1)  1.35289             7.97378             4.02059             0.0269934           -0.346528           -0.35943            0.0259513           0.360442            -0.345555           0.498596            0                   0.0374448           
SPHEROCYLINDER(1)  1.36596             8.00888             6.65131             0.0256301           -0.214177           -0.451078           0.0121498           0.451806            -0.213832           0.499195            0                   0.028364            
SPHEROCYLINDER(1)  1.37104             8.01888             9.31645             0.00968433          -0.445749           -0.226305           0.0190576           0.226512            -0.445342           0.499543            0                   0.0213771           
SPHEROCYLINDER(1)  1.35075             10.6579             1.34305             0.0125026           -0.418991           -0.272562           0.0191992           0.272849            -0.418551           0.499475            0                   0.0229112           
SPHEROCYLINDER(1)  1.37395             10.6515             4.01761             0.0223639           -0.319213           -0.384192           0.01855             0.384842            -0.318673           0.499155            0                   0.0290559           
SPHEROCYLINDER(1)  1.36332             10.6413             6.67883             0.023438            -0.361446           -0.344684           0.0245211           0.34548             -0.360613           0.498848            0                   0.0339209           
SPHEROCYLINDER(1)  1.37068             10.6687             9.31741             0.0183512           -0.385705           -0.31764            0.0222465           0.31817             -0.385062           0.499168            0                   0.0288387           
SPHEROCYLINDER(1)  4.029               0.0578757           1.38143             0.0190414           -0.382619           -0.32131            0.022635            0.321874            -0.381949           0.499124            0                   0.029579            
SPHEROCYLINDER(1)  4.01185             0.044193            4.03176             0.0251058           -0.311197           -0.390546           0.0199637           0.391352            -0.310556           0.49897             0                   0.0320757           
SPHEROCYLINDER(1)  4.02108             0.0262862           6.65658             0.0197671           -0.375838           -0.329174           0.0225287           0.329767            -0.375162           0.499101            0                   0.0299714           
SPHEROCYLINDER(1)  4.02128             0.0373874           9.33064             0.0127905           -0.410137           -0.285699           0.0183432           0.285985            -0.409727           0.4995              0                   0.0223622           
SPHEROCYLINDER(1)  4.02732             2.70914             1.37108             0.0235259           -0.272691           -0.418433           0.0153076           0.419094            -0.272261           0.499212            0                   0.0280676           
SPHEROCYLINDER(1)  4.01588             2.66211             4.00604             0.0107774           -0.462786           -0.188979           0.0263497           0.189286            -0.462035           0.499189            0                   0.0284686           
SPHEROCYLINDER(1)  4.03992             2.69014             6.6719              0.0225995           -0.344956           -0.36124            0.0215386           0.361946            -0.344283           0.499024            0                   0.0312194           
SPHEROCYLINDER(1)  4.0202              2.69731             9.31406             0.0206103           -0.277448           -0.415449           0.0137472           0.41596             -0.277107           0.499386            0                   0.0247744           
SPHEROCYLINDER(1)  4.02192             5.34771             1.36554             0.0249115           -0.282122           -0.412052           0.0170252           0.412804            -0.281608           0.499089            0                   0.0301735           
SPHEROCYLINDER(1)  4.02063             5.33794             4.02375             0.00684289          -0.475077           -0.15574            0.0208538           0.15589             -0.474619           0.499518            0                   0.0219478           
SPHEROCYLINDER(1)  4.00571             5.34342             6.66401             0.0255175           -0.210534           -0.452796           0.0118459           0.453514            -0.210201           0.499208            0                   0.028133            
SPHEROCYLINDER(1)  4.04129             5.33615             9.32642             0.0238832           -0.365545           -0.340304           0.0255917           0.341141            -0.364648           0.498773            0                   0.0350049           
SPHEROCYLINDER(1)  4.01281             7.99656             1.38123             0.0200945           -0.320991           -0.382833           0.0168254           0.38336             -0.32055            0.499313            0                   0.0262084           
SPHEROCYLINDER(1)  4.02848             7.97916             4.01745             0.0290266           -0.336312           -0.368851           0.0263844           0.369992            -0.335276           0.498459            0                   0.039226            
SPHEROCYLINDER(1)  4.0037              7.98295             6.68724             0.0177422           -0.173536           -0.468584           0.00656597          0.468919            -0.173412           0.499642            0                   0.0189182           
SPHEROCYLINDER(1)  4.02569             7.99402             9.31731             0.0211503           -0.377368           -0.327332           0.0243326           0.328014            -0.376583           0.49896             0                   0.0322399           
SPHEROCYLINDER(1)  4.01509             10.6553             1.35587             0.017355            -0.412883           -0.281472           0.0254094           0.282006            -0.412101           0.499052            0                   0.0307706           
SPHEROCYLINDER(1)  4.02717             10.6181             4.02137             0.0155385           -0.42536            -0.26235            0.0251491           0.26281             -0.424615           0.499125            0                   0.0295622           
SPHEROCYLINDER(1)  4.02596             10.6403             6.67056             0.0110954           -0.409734           -0.286348           0.0158645           0.286562            -0.409427           0.499625            0                   0.0193596           
SPHEROCYLINDER(1)  4.022               10.6699             9.32003             0.0163691           -0.405814           -0.291628           0.0227426           0.292087            -0.405176           0.499214            0                   0.0280209           
SPHEROCYLINDER(1)  6.68593             0.0303492           1.36258             0.0241445           -0.183584           -0.46445            0.00953079          0.465077            -0.183337           0.499326            0                   0.0259575           
SPHEROCYLINDER(1)  6.64871             0.0495584           4.01712             0.0323568           -0.325809           -0.377891           0.0277956           0.379274            -0.324621           0.498177            0                   0.0426563           
SPHEROCYLINDER(1)  6.67545             0.0175673           6.66367             0.0158409           -0.422913           -0.266259           0.0251165           0.26673             -0.422166           0.499117            0                   0.0296947           
SPHEROCYLINDER(1)  6.65442             0.0440668           9.31945             0.0191615           -0.3604             -0.346041           0.0199261           0.346571            -0.359849           0.499235            0                   0.0276443           
SPHEROCYLINDER(1)  6.68064             2.69365             1.37486             0.0194906           -0.380946           -0.323265           0.0229267           0.323852            -0.380255           0.499094            0                   0.0300918           
SPHEROCYLINDER(1)  6.68472             2.68064             4.01184             0.0319575           -0.239559           -0.43771            0.0174439           0.438875            -0.238923           0.498673            0                   0.0364084           
SPHEROCYLINDER(1)  6.66046             2.70331             6.67209             0.0272577           -0.308668           -0.392404           0.0213896           0.39335             -0.307926           0.498798            0                   0.0346481           
SPHEROCYLINDER(1)  6.66348             2.69704             9.31044             0.0186839           -0.314163           -0.388526           0.0150904           0.388975            -0.313801           0.499423            0                   0.0240169           
SPHEROCYLINDER(1)  6.6573              5.33744             1.39805             0.0290699           -0.351967           -0.353941           0.0288107           0.355133            -0.350786           0.498322            0                   0.0409282           
SPHEROCYLINDER(1)  6.67971             5.37286             4.03874             0.0230152           -0.226663           -0.445078           0.0117053           0.445672            -0.226361           0.499333            0                   0.0258208           
SPHEROCYLINDER(1)  6.68429             5.35931             6.66275             0.032764            -0.18883            -0.461811           0.0133633           0.462972            -0.188356           0.498746            0                   0.0353844           
SPHEROCYLINDER(1)  6.66684             5.3588              9.33705             0.0233805           -0.336667           -0.368929           0.0212931           0.36967             -0.335993           0.498999            0                   0.0316235           
SPHEROCYLINDER(1)  6.67488             7.98811             1.34028             0.0165333           -0.426987           -0.259632           0.0271354           0.260158            -0.426124           0.498989            0                   0.0317754           
SPHEROCYLINDER(1)  6.68775             7.98542             4.02498             0.031162            -0.295622           -0.40204            0.0228451           0.403246            -0.294738           0.498505            0                   0.0386389           
SPHEROCYLINDER(1)  6.66516             7.99213             6.68191             0.0175699           -0.287603           -0.408627           0.0123548           0.409004            -0.287337           0.499538            0                   0.0214789           
SPHEROCYLINDER(1)  6.65654             8.00759             9.31052             0.0178998           -0.364088           -0.342227           0.0190172           0.342695            -0.363591           0.499317            0                   0.0261162           
SPHEROCYLINDER(1)  6.66207             10.6419             1.386               0.00699467          -0.459137           -0.197849           0.016222            0.197973            -0.45885            0.499688            0                   0.0176657           
SPHEROCYLINDER(1)  6.66383             10.6372             4.02999             0.0186055           -0.413396           -0.280638           0.027347            0.281254            -0.41249            0.498905            0                   0.033076            
SPHEROCYLINDER(1)  6.6693              10.6675             6.66014             0.0176861           -0.180483           -0.465954           0.00684563          0.466289            -0.180353           0.49964             0                   0.0189647           
SPHEROCYLINDER(1)  6.68167             10.6318             9.32315             0.0171361           -0.368308           -0.337722           0.018664            0.338156            -0.367834           0.499358            0                   0.0253376           
SPHEROCYLINDER(1)  9.30828             0.0496744           1.3574              0.0288886           -0.270787           -0.419332           0.0186109           0.420326            -0.270147           0.498818            0                   0.0343645           
SPHEROCYLINDER(1)  9.32794             0.0325656           3.99828             0.0116249           -0.405537           -0.292241           0.0161189           0.292472            -0.405217           0.499605            0                   0.0198735           
SPHEROCYLINDER(1)  9.33621             0.0568832           6.69354             0.027722            -0.191105           -0.461205           0.0114662           0.462038            -0.190761           0.499099            0                   0.0299997           
SPHEROCYLINDER(1)  9.30241             0.0408094           9.33979             0.0220092           -0.362382           -0.343795           0.0231517           0.344499            -0.361642           0.498979            0                   0.0319438           
SPHEROCYLINDER(1)  9.32382             2.69164             1.36663             0.0159934           -0.337643           -0.368431           0.0146432           0.368778            -0.337326           0.49953             0                   0.0216844           
SPHEROCYLINDER(1)  9.33483             2.71036             4.01709             0.0255316           -0.18277            -0.464697           0.0100267           0.465398            -0.182495           0.499247            0                   0.0274299           
SPHEROCYLINDER(1)  9.32696             2.6834              6.64096             0.0231564           -0.318384           -0.384832           0.0191234           0.385528            -0.317809           0.499097            0                   0.030032            
SPHEROCYLINDER(1)  9.32559             2.72037             9.31387             0.01202             -0.446498           -0.22471            0.0238496           0.225032            -0.445861           0.499286            0                   0.0267074           
SPHEROCYLINDER(1)  9.31032             5.36642             1.36803             0.0236242           -0.359957           -0.346226           0.0245041           0.347031            -0.359122           0.49884             0                   0.0340376           
SPHEROCYLINDER(1)  9.32402             5.35209             4.01246             0.0170126           -0.359124           -0.347477           0.0175618           0.347894            -0.358694           0.499402            0                   0.0244509           
SPHEROCYLINDER(1)  9.33364             5.3455              6.68011             0.0194771           -0.376078           -0.328916           0.0222309           0.329493            -0.37542            0.499126            0                   0.0295562           
SPHEROCYLINDER(1)  9.31974             5.35457             9.31566             0.0194166           -0.398413           -0.30148            0.0256064           0.302105            -0.397589           0.498966            0                   0.0321355           
SPHEROCYLINDER(1)  9.32556             7.98492             1.37814             0.0184017           -0.376192           -0.328848           0.0210181           0.329363            -0.375604           0.499219            0                   0.0279353           
SPHEROCYLINDER(1)  9.30333             8.00138             4.03128             0.0198852           -0.36837            -0.337503           0.0216663           0.338088            -0.367732           0.499134            0                   0.0294083           
SPHEROCYLINDER(1)  9.32264             7.98915             6.67033             0.0215636           -0.351482           -0.354958           0.0213131           0.355613            -0.350835           0.49908             0                   0.0303189           
SPHEROCYLINDER(1)  9.32958             7.99535             9.32996             0.00952551          -0.470168           -0.169857           0.0263255           0.170124            -0.46943            0.499216            0                   0.0279959           
SPHEROCYLINDER(1)  9.30218             10.6519             1.35053             0.013627            -0.41922            -0.272156           0.0209643           0.272497            -0.418696           0.499374            0                   0.0250039           
SPHEROCYLINDER(1)  9.32031             10.6605             4.01165             0.0187863           -0.38683            -0.316243           0.022939            0.316801            -0.386149           0.49912             0                   0.02965             
SPHEROCYLINDER(1)  9.32456             10.6578             6.66289             0.0169307           -0.347834           -0.358782           0.0163959           0.359181            -0.347448           0.499444            0                   0.0235685           
SPHEROCYLINDER(1)  9.31377             10.6666             9.31607             0.0150395           -0.346665           -0.359996           0.0144699           0.36031             -0.346363           0.499564            0                   0.0208702           
SPHEROCYLINDER(1)  0.0493168           1.36107             1.35618             0.0237891           -0.231193           -0.442701           0.0124056           0.44334             -0.23086            0.49928             0                   0.0268295           
SPHEROCYLINDER(1)  0.0375284           1.36324             4.0344              0.0154192           -0.321448           -0.382666           0.012942            0.382977            -0.321187           0.499595            0                   0.0201307           
SPHEROCYLINDER(1)  0.0386249           1.36986             6.67135             0.0186162           -0.320322           -0.383467           0.0155325           0.383919            -0.319946           0.499412            0                   0.024245            
SPHEROCYLINDER(1)  0.034197            1.38355             9.31066             0.0207946           -0.352105           -0.354387           0.0206252           0.354996            -0.3515             0.499141            0                   0.0292885           
SPHEROCYLINDER(1)  0.0201805           4.01383             1.37378             0.0133928           -0.382606           -0.32161            0.015919            0.321889            -0.382275           0.499567            0                   0.0208034           
SPHEROCYLINDER(1)  0.048244            4.02332             4.02053             0.0173218           -0.368096           -0.337943           0.0188426           0.338386            -0.367613           0.499344            0                   0.0255947           
SPHEROCYLINDER(1)  0.0275267           4.03492             6.66559             0.0172414           -0.39766            -0.302604           0.0226206           0.303095            -0.397016           0.49919             0                   0.0284422           
SPHEROCYLINDER(1)  0.0471097           4.01642             9.31717             0.0175348           -0.336125           -0.369747           0.0159225           0.370162            -0.335748           0.499439            0                   0.0236854           
SPHEROCYLINDER(1)  0.0482055           6.66796             1.36177             0.0128083           -0.2453             -0.435504           0.00721121          0.435692            -0.245194           0.499784            0                   0.0146987           
SPHEROCYLINDER(1)  0.0407728           6.65873             4.01787             0.0127335           -0.44305            -0.231397           0.0243436           0.231747            -0.442381           0.499245            0                   0.0274727           
SPHEROCYLINDER(1)  0.044627            6.69351             6.65414             0.025627            -0.352094           -0.35408            0.0254168           0.355007            -0.351176           0.498696            0                   0.0360937           
SPHEROCYLINDER(1)  0.0529621           6.64541             9.32907             0.026627            -0.261777           -0.425163           0.0163624           0.425996            -0.261265           0.499022            0                   0.0312526           
SPHEROCYLINDER(1)  0.0273745           9.31507             1.37047             0.0278511           -0.373933           -0.330754           0.0313759           0.331925            -0.372614           0.498237            0                   0.0419539           
SPHEROCYLINDER(1)  0.0280942           9.30788             4.01002             0.016013            -0.435647           -0.244858           0.0284293           0.245381            -0.434718           0.498934            0                   0.0326289           
SPHEROCYLINDER(1)  0.0243464           9.32318             6.68117             0.0274531           -0.327869           -0.376495           0.0238441           0.377494            -0.327001           0.498676            0                   0.0363623           
SPHEROCYLINDER(1)  0.0401832           9.34369             9.31851             0.0245241           -0.218785           -0.448923           0.0119341           0.449592            -0.218459           0.499256            0                   0.0272737           
SPHEROCYLINDER(1)  2.70044             1.37461             1.35657             0.0163296           -0.441127           -0.23482            0.0306024           0.235387            -0.440064           0.498795            0                   0.0346866           
SPHEROCYLINDER(1)  2.70283             1.3579              4.01345             0.0263655           -0.329837           -0.37485            0.0231423           0.375776            -0.329024           0.498768            0                   0.0350814           
SPHEROCYLINDER(1)  2.70838             1.36055             6.67167             0.0216337           -0.318216           -0.385059           0.0178502           0.385666            -0.317715           0.499213            0                   0.0280472           
SPHEROCYLINDER(1)  2.69645             1.35846             9.32337             0.0212586           -0.261904           -0.425387           0.0130723           0.425918            -0.261578           0.499377            0                   0.0249562           
SPHEROCYLINDER(1)  2.71033             4.01111             1.35745             0.00950411          -0.462129           -0.190646           0.0230095           0.190883            -0.461556           0.49938             0                   0.0248951           
SPHEROCYLINDER(1)  2.70715             4.01805             4.02814             0.0191458           -0.375722           -0.329342           0.0218052           0.329898            -0.375089           0.499157            0                   0.0290177           
SPHEROCYLINDER(1)  2.69264             4.00576             6.64993             0.020073            -0.270615           -0.419958           0.01292             0.420437            -0.270306           0.49943             0                   0.0238716           
SPHEROCYLINDER(1)  2.67528             4.00578             9.33954             0.022332            -0.247386           -0.433937           0.0127146           0.434511            -0.247059           0.499339            0                   0.0256979           
SPHEROCYLINDER(1)  2.68419             6.67876             1.35303             0.0201622           -0.339119           -0.366868           0.0186091           0.367421            -0.338608           0.499247            0                   0.0274375           
SPHEROCYLINDER(1)  2.67578             6.67335             4.0049              0.00995913          -0.453479           -0.210374           0.0214438           0.210609            -0.452972           0.499441            0                   0.0236436           
SPHEROCYLINDER(1)  2.69413             6.6599              6.67283             0.0146891           -0.446362           -0.224823           0.0291017           0.225302            -0.445412           0.498936            0                   0.0325988           
SPHEROCYLINDER(1)  2.6721              6.66448             9.3252              0.0196179           -0.343296           -0.362991           0.0185264           0.363521            -0.342796           0.499271            0                   0.0269831           
SPHEROCYLINDER(1)  2.66855             9.31343             1.37225             0.0259897           -0.282346           -0.411831           0.0177828           0.412651            -0.281786           0.499007            0                   0.0314912           
SPHEROCYLINDER(1)  2.67103             9.33082             4.00969             0.0271722           -0.242289           -0.436529           0.0150524           0.437374            -0.241821           0.499034            0                   0.0310629           
SPHEROCYLINDER(1)  2.71392             9.31647             6.66341             0.0215022           -0.267831           -0.421668           0.0136398           0.422216            -0.267483           0.499351            0                   0.0254635           
SPHEROCYLINDER(1)  2.68378             9.3299              9.33785             0.0199022           -0.355463           -0.35107            0.0201189           0.351634            -0.354893           0.499198            0                   0.0282996           
SPHEROCYLINDER(1)  5.34924             1.36924             1.36662             0.0224072           -0.377107           -0.327548           0.0257373           0.328314            -0.376228           0.498834            0                   0.0341246           
SPHEROCYLINDER(1)  5.3514              1.35998             4.01693             0.0176153           -0.326119           -0.378597           0.0151572           0.379007            -0.325767           0.49946             0                   0.0232387           
SPHEROCYLINDER(1)  5.35335             1.36247             6.66098             0.024162            -0.384105           -0.319186           0.0289933           0.320099            -0.383009           0.498574            0                   0.0377414           
SPHEROCYLINDER(1)  5.33216             1.34595             9.31289             0.0186848           -0.392633           -0.309015           0.0236975           0.309579            -0.391917           0.499088            0                   0.0301777           
SPHEROCYLINDER(1)  5.35464             4.00853             1.38602             0.0155555           -0.434222           -0.247405           0.0272478           0.247894            -0.433366           0.499015            0                   0.0313754           
SPHEROCYLINDER(1)  5.3446              4.02083             3.99789             0.0205829           -0.355089           -0.351408           0.020763            0.352011            -0.354482           0.499145            0                   0.0292363           
SPHEROCYLINDER(1)  5.35223             3.99991             6.66202             0.0232318           -0.264571           -0.42363            0.0144872           0.424267            -0.264174           0.49925             0                   0.0273788           
SPHEROCYLINDER(1)  5.34853             4.02607             9.32051             0.01468             -0.397877           -0.302454           0.0192888           0.30281             -0.397409           0.499412            0                   0.0242396           
SPHEROCYLINDER(1)  5.36553             6.66595             1.34816             0.0127703           -0.301155           -0.398926           0.00963555          0.399131            -0.301001           0.499744            0                   0.0159976           
SPHEROCYLINDER(1)  5.33794             6.65266             3.99823             0.0124826           -0.430603           -0.25382            0.021151            0.254127            -0.430084           0.499396            0                   0.0245598           
SPHEROCYLINDER(1)  5.33658             6.67037             6.67424             0.0155509           -0.411466           -0.283643           0.022525            0.284069            -0.410849           0.49925             0                   0.0273716           
SPHEROCYLINDER(1)  5.34898             6.66903             9.3455              0.0137185           -0.269266           -0.421079           0.00876787          0.421302            -0.269124           0.499735            0                   0.016281            
SPHEROCYLINDER(1)  5.33896             9.30796             1.37392             0.0277786           -0.305891           -0.394537           0.021484            0.395513            -0.305135           0.498765            0                   0.0351171           
SPHEROCYLINDER(1)  5.36211             9.32056             4.01929             0.0285683           -0.292086           -0.404808           0.0205621           0.405815            -0.291362           0.49876             0                   0.0351987           
SPHEROCYLINDER(1)  5.3432              9.31502             6.6462              0.0179661           -0.348375           -0.358207           0.0174511           0.358657            -0.347937           0.499372            0                   0.0250464           
SPHEROCYLINDER(1)  5.33814             9.32519             9.30412             0.0237001           -0.174515           -0.467956           0.00882714          0.468556            -0.174291           0.49936             0                   0.0252905           
SPHEROCYLINDER(1)  7.98909             1.37222             1.35889             0.0201437           -0.40899            -0.286917           0.0286436           0.287623            -0.407986           0.498772            0                   0.0350175           
SPHEROCYLINDER(1)  8.00039             1.37412             4.01547             0.017051            -0.387442           -0.315591           0.0209025           0.316052            -0.386878           0.499272            0                   0.0269751           
SPHEROCYLINDER(1)  7.98557             1.36391             6.67387             0.0193371           -0.405787           -0.291484           0.026861            0.292125            -0.404897           0.498903            0                   0.0330974           
SPHEROCYLINDER(1)  7.99661             1.39176             9.31737             0.0212664           -0.267988           -0.421581           0.0135013           0.422117            -0.267648           0.499365            0                   0.0251902           
SPHEROCYLINDER(1)  8.00663             4.0112              1.36492             0.018069            -0.273867           -0.417936           0.0118293           0.418326            -0.273611           0.499533            0                   0.0215968           
SPHEROCYLINDER(1)  7.98648             4.02361             4.02882             0.0191518           -0.407891           -0.288545           0.0270138           0.28918             -0.406996           0.498902            0                   0.033114            
SPHEROCYLINDER(1)  7.98876             4.01677             6.65755             0.0117359           -0.41066            -0.284992           0.0168967           0.285233            -0.410313           0.499577            0                   0.0205725           
SPHEROCYLINDER(1)  7.98939             4.02921             9.32451             0.0198169           -0.346644           -0.359785           0.0190642           0.36033             -0.34612            0.499243            0                   0.0274983           
SPHEROCYLINDER(1)  7.97467             6.65908             1.37678             0.0210241           -0.362223           -0.344024           0.0220951           0.344666            -0.361548           0.499069            0                   0.0304993           
SPHEROCYLINDER(1)  7.99528             6.67915             4.02853             0.0235929           -0.323932           -0.380146           0.0200655           0.380878            -0.32331            0.49904             0                   0.0309717           
SPHEROCYLINDER(1)  8.01891             6.66954             6.67558             0.025521            -0.261822           -0.425203           0.0156865           0.425969            -0.261352           0.499102            0                   0.0299565           
SPHEROCYLINDER(1)  8.00909             6.66644             9.31031             0.016098            -0.401126           -0.298058           0.0216332           0.298493            -0.400542           0.499272            0                   0.0269656           
SPHEROCYLINDER(1)  7.98821             9.31546             1.37938             0.0169651           -0.387977           -0.314938           0.0208693           0.315395            -0.387415           0.499276            0                   0.026895            
SPHEROCYLINDER(1)  8.0069              9.33165             4.00414             0.029576            -0.367271           -0.33799            0.0320159           0.339282            -0.365873           0.498097            0                   0.0435862           
SPHEROCYLINDER(1)  8.01489             9.31348             6.6666              0.0175433           -0.427522           -0.258684           0.028927            0.259278            -0.426542           0.498854            0                   0.033831            
SPHEROCYLINDER(1)  7.98888             9.32073             9.30845             0.0106041           -0.365394           -0.341138           0.0113526           0.341302            -0.365217           0.499759            0                   0.0155348           
SPHEROCYLINDER(1)  10.657              1.36632             1.38321             0.0189844           -0.377785           -0.326983           0.0218971           0.327534            -0.37715            0.499159            0                   0.0289808           
SPHEROCYLINDER(1)  10.6523             1.37516             4.01725             0.0152782           -0.43269            -0.250092           0.026384            0.250558            -0.431885           0.49907             0                   0.0304883           
SPHEROCYLINDER(1)  10.6445             1.35526             6.66924             0.0123891           -0.429488           -0.255708           0.0207845           0.256008            -0.428985           0.499414            0                   0.0241968           
SPHEROCYLINDER(1)  10.667              1.36126             9.31707             0.0313177           -0.262308           -0.424516           0.0192987           0.425669            -0.261597           0.498645            0                   0.0367864           
SPHEROCYLINDER(1)  10.6428             4.01061             1.36951             0.0184604           -0.399129           -0.300591           0.0244659           0.301157            -0.398379           0.49906             0                   0.0306491           
SPHEROCYLINDER(1)  10.6405             4.03305             4.03353             0.0169534           -0.399505           -0.30018            0.0225271           0.300659            -0.398869           0.499204            0                   0.0281938           
SPHEROCYLINDER(1)  10.6569             4.0213              6.66115             0.0199414           -0.355769           -0.350758           0.0201937           0.351324            -0.355195           0.499194            0                   0.0283804           
SPHEROCYLINDER(1)  10.6381             4.0202              9.32099             0.0250962           -0.281091           -0.412744           0.0170597           0.413507            -0.280573           0.499078            0                   0.0303455           
SPHEROCYLINDER(1)  10.6437             6.67038             1.34622             0.0190737           -0.374875           -0.33031            0.0216111           0.33086             -0.374252           0.499168            0                   0.0288244           
SPHEROCYLINDER(1)  10.6555             6.67448             3.99524             0.0212469           -0.34389            -0.362337           0.0201307           0.362959            -0.343301           0.499143            0                   0.029269            
SPHEROCYLINDER(1)  10.6544             6.65648             6.67152             0.0182242           -0.3786             -0.326082           0.0211264           0.326591            -0.37801            0.499221            0                   0.0279006           
SPHEROCYLINDER(1)  10.6541             6.6698              9.3148              0.0168376           -0.421413           -0.268566           0.0263685           0.269094            -0.420587           0.49902             0                   0.0312858           
SPHEROCYLINDER(1)  10.6388             9.31598             1.3665              0.0208255           -0.329394           -0.375587           0.0182362           0.376164            -0.328889           0.499233            0                   0.0276814           
SPHEROCYLINDER(1)  10.6381             9.34293             4.01667             0.0280012           -0.30809            -0.392806           0.0219066           0.393803            -0.30731            0.498734            0                   0.0355523           
SPHEROCYLINDER(1)  10.6465             9.33498             6.67724             0.0256468           -0.27019            -0.419928           0.016471            0.420711            -0.269688           0.49907             0                   0.0304803           
SPHEROCYLINDER(1)  10.6484             9.32066             9.32003             0.0255161           -0.258219           -0.427401           0.0153884           0.428162            -0.25776            0.499111            0                   0.0297972           
