365
0         13.2587   
0         13.2587   
0         13.2587   
SPHEROCYLINDER(1)  0.0367482           0.0188889           0.046705            0.0161743           -0.148147           -0.477275           0.00501763          0.477549            -0.148062           0.499713            0                   0.0169347           
SPHEROCYLINDER(1)  0.0438143           0.0294286           2.68148             0.0056982           -0.474299           -0.158139           0.0170793           0.158242            -0.473991           0.499676            0                   0.0180048           
SPHEROCYLINDER(1)  0.0324179           0.0333725           5.32649             0.0156267           -0.398214           -0.301963           0.0205802           0.302367            -0.397682           0.499332            0                   0.0258407           
SPHEROCYLINDER(1)  0.0178435           0.0168148           7.97697             0.0123649           -0.204988           -0.455881           0.00555785          0.456048            -0.204912           0.499816            0                   0.0135565           
SPHEROCYLINDER(1)  0.0193156           0.0123334           10.6338             0.0172022           -0.398672           -0.301272           0.0227266           0.301763            -0.398024           0.499187            0                   0.0285028           
SPHEROCYLINDER(1)  0.0455275           2.68366             0.034904            0.00780569          -0.449057           -0.219742           0.0159414           0.219881            -0.448774           0.499685            0                   0.0177498           
SPHEROCYLINDER(1)  0.0333879           2.66774             2.67273             0.0179695           -0.270439           -0.420167           0.0115555           0.420551            -0.270192           0.499543            0                   0.0213643           
SPHEROCYLINDER(1)  0.0442569           2.66105             5.33507             0.0192329           -0.136499           -0.480623           0.00545785          0.481007            -0.13639            0.4996              0                   0.0199923           
SPHEROCYLINDER(1)  0.036125            2.67661             7.98252             0.00980708          -0.43873            -0.239624           0.0179408           0.239825            -0.438363           0.499582            0                   0.0204463           
SPHEROCYLINDER(1)  0.0262541           2.69249             10.6248             0.0257604           -0.138117           -0.479854           0.00740401          0.480545            -0.137919           0.499281            0                   0.0268033           
SPHEROCYLINDER(1)  0.0261231           5.35845             0.0399553           0.0188913           -0.205119           -0.455598           0.00849792          0.455989            -0.204943           0.499571            0                   0.0207146           
SPHEROCYLINDER(1)  0.0153445           5.33744             2.67889             0.00766911          -0.465871           -0.181399           0.0196783           0.181561            -0.465455           0.499554            0                   0.0211199           
SPHEROCYLINDER(1)  0.0312735           5.3243              5.32966             0.0196914           -0.371657           -0.333891           0.0218806           0.334471            -0.371012           0.499133            0                   0.0294366           
SPHEROCYLINDER(1)  0.0203523           5.33135             7.9911              0.0187077           -0.290415           -0.406582           0.0133485           0.407012            -0.290108           0.499472            0                   0.0229817           
SPHEROCYLINDER(1)  0.0482085           5.32897             10.6294             0.0164057           -0.376109           -0.329048           0.0187288           0.329457            -0.375643           0.49938             0                   0.024898            
SPHEROCYLINDER(1)  0.0399276           7.9793              0.0447837           0.0114935           -0.390453           -0.312112           0.0143687           0.312324            -0.390189           0.499661            0                   0.0184              
SPHEROCYLINDER(1)  0.0477118           7.98737             2.694               0.0137659           -0.298994           -0.400516           0.0102705           0.400752            -0.298818           0.499705            0                   0.017175            
SPHEROCYLINDER(1)  0.0255077           8.00866             5.33557             0.0276451           -0.270251           -0.419762           0.01776             0.420672            -0.269667           0.498919            0                   0.0328583           
SPHEROCYLINDER(1)  0.0344932           7.98383             7.98113             0.00575915          -0.30153            -0.398806           0.00435393          0.398848            -0.301499           0.499948            0                   0.00721973          
SPHEROCYLINDER(1)  0.0237773           7.9883              10.636              0.0220685           -0.333223           -0.372123           0.0197269           0.372777            -0.332639           0.499123            0                   0.0296001           
SPHEROCYLINDER(1)  0.040816            10.6328             0.0227096           0.00280636          -0.495037           -0.07022            0.0197685           0.0702761           -0.494642           0.499601            0                   0.0199667           
SPHEROCYLINDER(1)  0.0439784           10.636              2.66318             0.0177367           -0.253376           -0.430681           0.010426            0.431046            -0.253162           0.499577            0                   0.0205741           
SPHEROCYLINDER(1)  0.0248029           10.6355             5.34133             0.0181912           -0.246063           -0.434882           0.0102839           0.435262            -0.245848           0.499563            0                   0.0208968           
SPHEROCYLINDER(1)  0.0416132           10.6313             7.98145             0.0142064           -0.325427           -0.379336           0.0121789           0.379601            -0.325199           0.49965             0                   0.0187122           
SPHEROCYLINDER(1)  0.0525076           10.6331             10.6315             0.0127363           -0.336722           -0.369399           0.0116028           0.369619            -0.336522           0.499703            0                   0.017229            
SPHEROCYLINDER(1)  2.68325             0.0243642           0.0470334           0.0220092           -0.227179           -0.444866           0.0112257           0.44541             -0.226901           0.499389            0                   0.0247067           
SPHEROCYLINDER(1)  2.6745              0.0136715           2.68304             0.015157            -0.304289           -0.396458           0.0116248           0.396747            -0.304066           0.499635            0                   0.0191016           
SPHEROCYLINDER(1)  2.68342             0.0383295           5.33441             0.0080112           -0.433497           -0.24903            0.0139382           0.249159            -0.433273           0.499741            0                   0.0160765           
SPHEROCYLINDER(1)  2.67655             0.0334572           7.99435             0.01538             -0.310136           -0.391892           0.0121621           0.392194            -0.309897           0.499615            0                   0.0196077           
SPHEROCYLINDER(1)  2.69789             0.0343719           10.6414             0.0185742           -0.262956           -0.424863           0.0114849           0.425269            -0.262705           0.499523            0                   0.0218381           
SPHEROCYLINDER(1)  2.68751             2.68378             0.0169919           0.0130423           -0.137758           -0.480471           0.00373803          0.480648            -0.137707           0.499816            0                   0.0135674           
SPHEROCYLINDER(1)  2.67549             2.66681             2.68975             0.0143659           -0.337425           -0.368698           0.0131374           0.368978            -0.337169           0.499621            0                   0.0194672           
SPHEROCYLINDER(1)  2.67509             2.70157             5.33175             0.0152089           -0.303602           -0.396982           0.0116229           0.397273            -0.30338            0.499633            0                   0.0191416           
SPHEROCYLINDER(1)  2.67212             2.69214             7.97662             0.0168683           -0.425476           -0.262079           0.0273286           0.262621            -0.424598           0.498968            0                   0.0321153           
SPHEROCYLINDER(1)  2.68166             2.68386             10.6433             0.0092087           -0.322862           -0.381675           0.00778744          0.381786            -0.322768           0.499855            0                   0.01206             
SPHEROCYLINDER(1)  2.69121             5.34378             0.0311925           0.0128412           -0.283777           -0.411468           0.0088519           0.411668            -0.283639           0.499757            0                   0.0155966           
SPHEROCYLINDER(1)  2.6941              5.32526             2.68828             0.00894181          -0.37683            -0.328511           0.0102532           0.328633            -0.37669            0.499815            0                   0.0136046           
SPHEROCYLINDER(1)  2.68161             5.3169              5.32991             0.0176807           -0.334454           -0.371252           0.0159101           0.371673            -0.334075           0.499434            0                   0.0237853           
SPHEROCYLINDER(1)  2.69157             5.33573             7.98677             0.00932445          -0.268498           -0.421689           0.00593561          0.421792            -0.268432           0.499878            0                   0.0110534           
SPHEROCYLINDER(1)  2.6828              5.34617             10.6332             0.0216029           -0.248872           -0.433124           0.0123975           0.433662            -0.248563           0.499379            0                   0.0249075           
SPHEROCYLINDER(1)  2.70482             7.99111             0.033791            0.0211046           -0.331143           -0.374031           0.018655            0.374626            -0.330617           0.499206            0                   0.0281676           
SPHEROCYLINDER(1)  2.68769             8.0035              2.67702             0.0120747           -0.427596           -0.258875           0.0199227           0.259156            -0.427131           0.499457            0                   0.0232962           
SPHEROCYLINDER(1)  2.69443             7.99295             5.31688             0.0114396           -0.345756           -0.361001           0.010951            0.361182            -0.345583           0.499749            0                   0.0158364           
SPHEROCYLINDER(1)  2.6781              7.97809             7.98174             0.019999            -0.279987           -0.413772           0.0135169           0.414255            -0.27966            0.499417            0                   0.0241385           
SPHEROCYLINDER(1)  2.68734             7.98964             10.6342             0.0103154           -0.36139            -0.345385           0.0107886           0.345539            -0.361229           0.499777            0                   0.0149265           
SPHEROCYLINDER(1)  2.67361             10.654              0.0324953           0.0114338           -0.446317           -0.225101           0.0226411           0.225391            -0.445742           0.499356            0                   0.0253644           
SPHEROCYLINDER(1)  2.6914              10.6339             2.68093             0.0176232           -0.342107           -0.364215           0.0165342           0.364641            -0.341707           0.499416            0                   0.0241652           
SPHEROCYLINDER(1)  2.68686             10.6314             5.32728             0.00725132          -0.440347           -0.236732           0.0134819           0.236843            -0.440141           0.499766            0                   0.0153083           
SPHEROCYLINDER(1)  2.67566             10.6426             7.99973             0.0155547           -0.337455           -0.368622           0.0142269           0.36895             -0.337155           0.499555            0                   0.0210797           
SPHEROCYLINDER(1)  2.69769             10.6569             10.6285             0.0167299           -0.357679           -0.348978           0.0171273           0.349379            -0.357269           0.499426            0                   0.0239423           
SPHEROCYLINDER(1)  5.34258             0.0381164           0.0204123           0.0196103           -0.237526           -0.439542           0.0105868           0.439979            -0.23729            0.499503            0                   0.0222855           
SPHEROCYLINDER(1)  5.32417             0.00863878          2.69328             0.0164135           -0.396371           -0.304336           0.0213461           0.304778            -0.395796           0.499274            0                   0.0269269           
SPHEROCYLINDER(1)  5.33571             0.0386826           5.32187             0.0181198           -0.39821            -0.301829           0.0238628           0.302373            -0.397494           0.499101            0                   0.0299626           
SPHEROCYLINDER(1)  5.32911             0.0321643           8.00447             0.0144569           -0.425439           -0.262283           0.0234144           0.262681            -0.424795           0.499242            0                   0.0275179           
SPHEROCYLINDER(1)  5.33846             0.0325052           10.6494             0.0204173           -0.190061           -0.462017           0.00839093          0.462468            -0.189876           0.499512            0                   0.0220743           
SPHEROCYLINDER(1)  5.34075             2.68919             0.022611            0.0155884           -0.217829           -0.449786           0.00754485          0.450056            -0.217698           0.4997              0                   0.0173183           
SPHEROCYLINDER(1)  5.33711             2.68317             2.69293             0.0152419           -0.356834           -0.34991            0.0155287           0.350242            -0.356496           0.499526            0                   0.0217591           
SPHEROCYLINDER(1)  5.33802             2.69794             5.3331              0.0234519           -0.214044           -0.45126            0.0111088           0.451869            -0.213755           0.499326            0                   0.0259499           
SPHEROCYLINDER(1)  5.34653             2.68963             7.98225             0.00301708          -0.495069           -0.0699849          0.0213228           0.0700499           -0.494609           0.499536            0                   0.0215352           
SPHEROCYLINDER(1)  5.32996             2.69953             10.6248             0.0176583           -0.351597           -0.35506            0.0174645           0.355499            -0.351163           0.499383            0                   0.024836            
SPHEROCYLINDER(1)  5.32188             5.34322             0.0212156           0.0200199           -0.18589            -0.463729           0.0080177           0.46416             -0.185717           0.499535            0                   0.0215657           
SPHEROCYLINDER(1)  5.34785             5.33203             2.67621             0.0150121           -0.364144           -0.342306           0.0159545           0.342635            -0.363794           0.49952             0                   0.0219068           
SPHEROCYLINDER(1)  5.34021             5.35231             5.32944             0.0106369           -0.392434           -0.309649           0.0134727           0.309832            -0.392202           0.499705            0                   0.0171655           
SPHEROCYLINDER(1)  5.33383             5.32066             7.99833             0.0136041           -0.35743            -0.349369           0.0139075           0.349633            -0.35716            0.499621            0                   0.0194549           
SPHEROCYLINDER(1)  5.33008             5.33807             10.6165             0.0134472           -0.308529           -0.393229           0.0105446           0.393459            -0.308349           0.499708            0                   0.0170885           
SPHEROCYLINDER(1)  5.34825             7.97321             0.0165984           0.00688025          -0.470969           -0.167753           0.0193001           0.167894            -0.470573           0.49958             0                   0.0204898           
SPHEROCYLINDER(1)  5.33234             7.9758              2.68596             0.0106851           -0.175034           -0.46824            0.00399319          0.468362            -0.174988           0.49987             0                   0.0114069           
SPHEROCYLINDER(1)  5.32705             7.97432             5.32809             0.0135295           -0.338011           -0.368192           0.0124121           0.368441            -0.337783           0.499663            0                   0.0183605           
SPHEROCYLINDER(1)  5.33042             7.97186             7.9784              0.0185968           -0.252636           -0.431079           0.0108886           0.43148             -0.252401           0.499535            0                   0.02155             
SPHEROCYLINDER(1)  5.31903             7.98662             10.6382             0.0165166           -0.3375             -0.368539           0.0151104           0.368909            -0.337161           0.499499            0                   0.0223857           
SPHEROCYLINDER(1)  5.33376             10.6348             0.0254873           0.0133783           -0.337421           -0.368738           0.0122341           0.368981            -0.3372             0.499671            0                   0.0181288           
SPHEROCYLINDER(1)  5.31839             10.6293             2.70125             0.0204905           -0.291076           -0.406023           0.0146709           0.40654             -0.290706           0.499364            0                   0.0252011           
SPHEROCYLINDER(1)  5.32231             10.6324             5.35079             0.0191106           -0.212502           -0.452192           0.00897279          0.452596            -0.212313           0.499554            0                   0.0211122           
SPHEROCYLINDER(1)  5.34777             10.6444             7.99463             0.00941143          -0.429595           -0.255655           0.015804            0.255829            -0.429304           0.499662            0                   0.018394            
SPHEROCYLINDER(1)  5.33342             10.6289             10.6294             0.017952            -0.360412           -0.346094           0.0186696           0.346559            -0.359928           0.499329            0                   0.0259004           
SPHEROCYLINDER(1)  7.98515             0.0216396           0.0157814           0.0136782           -0.394783           -0.306528           0.0175988           0.306833            -0.39439            0.499503            0                   0.0222893           
SPHEROCYLINDER(1)  7.99479             0.0297443           2.68159             0.0151934           -0.380783           -0.323687           0.0178538           0.324043            -0.380365           0.49945             0                   0.0234436           
SPHEROCYLINDER(1)  7.98761             0.0494741           5.34515             0.0230948           -0.199776           -0.457773           0.010066            0.458355            -0.199522           0.499365            0                   0.0251931           
SPHEROCYLINDER(1)  7.97637             0.0299555           8.00958             0.0192562           -0.343552           -0.362769           0.0182105           0.363279            -0.343069           0.499297            0                   0.0265033           
SPHEROCYLINDER(1)  7.99383             0.0141722           10.6331             0.0130866           -0.400849           -0.298578           0.0175522           0.298865            -0.400464           0.49952             0                   0.0218938           
SPHEROCYLINDER(1)  7.98768             2.66354             0.0382441           0.0110475           -0.251325           -0.432104           0.00642346          0.432245            -0.251243           0.499837            0                   0.0127792           
SPHEROCYLINDER(1)  7.97793             2.68755             2.68849             0.00634549          -0.473091           -0.161693           0.0185517           0.161818            -0.472727           0.499615            0                   0.0196069           
SPHEROCYLINDER(1)  7.9817              2.68798             5.33001             0.0108722           -0.414486           -0.279433           0.0161146           0.279645            -0.414173           0.499622            0                   0.0194393           
SPHEROCYLINDER(1)  7.96736             2.6931              7.98728             0.00964423          -0.419171           -0.272402           0.0148312           0.272573            -0.418908           0.499687            0                   0.0176911           
SPHEROCYLINDER(1)  7.96767             2.68936             10.6548             0.0221183           -0.132867           -0.481515           0.00609679          0.482023            -0.132727           0.499473            0                   0.0229432           
SPHEROCYLINDER(1)  7.98639             5.33717             0.0143561           0.0118839           -0.414333           -0.27962            0.0175934           0.279872            -0.413959           0.499549            0                   0.021231            
SPHEROCYLINDER(1)  7.99128             5.33313             2.68517             0.0146494           -0.364395           -0.342055           0.0155918           0.342369            -0.364061           0.499542            0                   0.0213941           
SPHEROCYLINDER(1)  7.98589             5.32986             5.35115             0.0200208           -0.204085           -0.456014           0.00895151          0.456453            -0.203889           0.499519            0                   0.0219308           
SPHEROCYLINDER(1)  7.98194             5.32709             7.97951             0.0163178           -0.353257           -0.353473           0.0162905           0.353849            -0.352881           0.499468            0                   0.0230575           
SPHEROCYLINDER(1)  7.98032             5.33818             10.6416             0.0219451           -0.0773113          -0.493499           0.00343452          0.493987            -0.077235           0.499506            0                   0.0222123           
SPHEROCYLINDER(1)  7.98828             7.98822             0.030935            0.0184432           -0.372909           -0.332563           0.020649            0.333074            -0.372337           0.499233            0                   0.0276863           
SPHEROCYLINDER(1)  7.98981             7.99982             2.66649             0.0210079           -0.316891           -0.386185           0.0172129           0.386756            -0.316423           0.499262            0                   0.0271591           
SPHEROCYLINDER(1)  7.99507             7.99094             5.32698             0.0147566           -0.365306           -0.341077           0.0157901           0.341396            -0.364965           0.499533            0                   0.0216122           
SPHEROCYLINDER(1)  7.98271             7.97245             8.0007              0.0146686           -0.343799           -0.362749           0.0138909           0.363046            -0.343518           0.499592            0                   0.0202021           
SPHEROCYLINDER(1)  7.98404             7.9772              10.6369             0.0177057           -0.374223           -0.331125           0.0199816           0.331598            -0.373689           0.499287            0                   0.0266975           
SPHEROCYLINDER(1)  7.9913              10.6415             0.0390727           0.0148551           -0.257545           -0.428311           0.00892709          0.428568            -0.25739            0.4997              0                   0.0173311           
SPHEROCYLINDER(1)  7.97898             10.6437             2.70812             0.0216832           -0.344495           -0.361736           0.0206127           0.362386            -0.343877           0.499104            0                   0.0299173           
SPHEROCYLINDER(1)  7.97749             10.6302             5.33039             0.0178898           -0.359486           -0.347058           0.0185058           0.347519            -0.35901            0.499337            0                   0.0257393           
SPHEROCYLINDER(1)  7.97737             10.6327             7.996               0.00349202          -0.483159           -0.128627           0.0131122           0.128674            -0.482981           0.499816            0                   0.0135692           
SPHEROCYLINDER(1)  7.98545             10.6285             10.6514             0.0134744           -0.408742           -0.28766            0.019125            0.287976            -0.408294           0.499452            0                   0.023395            
SPHEROCYLINDER(1)  10.6363             0.0186798           0.0415476           0.0058527           -0.478221           -0.145845           0.0191754           0.145962            -0.477836           0.499598            0                   0.0200487           
SPHEROCYLINDER(1)  10.6245             0.0228603           2.66714             0.0204446           -0.372532           -0.332869           0.0228376           0.333496            -0.371831           0.49906             0                   0.0306519           
SPHEROCYLINDER(1)  10.635              0.0345031           5.32993             0.0106035           -0.299667           -0.400109           0.00793888          0.400249            -0.299562           0.499825            0                   0.0132462           
SPHEROCYLINDER(1)  10.6437             0.0295746           7.98985             0.0140606           -0.389989           -0.312587           0.0175246           0.312903            -0.389595           0.499495            0                   0.022468            
SPHEROCYLINDER(1)  10.6262             0.0444937           10.6259             0.0177597           -0.281704           -0.412708           0.0121112           0.413089            -0.281443           0.499538            0                   0.0214962           
SPHEROCYLINDER(1)  10.6373             2.68449             0.0188895           0.0159365           -0.293421           -0.404537           0.0115502           0.404851            -0.293193           0.499612            0                   0.019682            
SPHEROCYLINDER(1)  10.6432             2.68718             2.68993             0.0158931           -0.353855           -0.352893           0.0159203           0.353251            -0.353497           0.499494            0                   0.0224955           
SPHEROCYLINDER(1)  10.645              2.68251             5.34485             0.0178442           -0.383251           -0.320624           0.0212968           0.321121            -0.382659           0.499227            0                   0.0277843           
SPHEROCYLINDER(1)  10.636              2.67221             7.97563             0.0135844           -0.401168           -0.298127           0.0182606           0.298436            -0.400752           0.499482            0                   0.0227593           
SPHEROCYLINDER(1)  10.6459             2.68864             10.6295             0.0153055           -0.406723           -0.290418           0.0214052           0.290821            -0.406159           0.499307            0                   0.0263143           
SPHEROCYLINDER(1)  10.6326             5.32922             0.0148185           0.0141042           -0.252054           -0.43159            0.00823262          0.43182             -0.25192            0.499733            0                   0.0163311           
SPHEROCYLINDER(1)  10.6354             5.34738             2.69122             0.0102228           -0.419637           -0.271662           0.0157799           0.271854            -0.41934            0.499646            0                   0.0188019           
SPHEROCYLINDER(1)  10.6504             5.33028             5.3395              0.0125511           -0.401387           -0.297878           0.0168975           0.298142            -0.401031           0.499557            0                   0.0210489           
SPHEROCYLINDER(1)  10.64               5.33237             7.98708             0.00896033          -0.384184           -0.319879           0.0107574           0.320004            -0.384033           0.499804            0                   0.0140003           
SPHEROCYLINDER(1)  10.6424             5.31956             10.6242             0.021336            -0.20213            -0.456824           0.00943019          0.457322            -0.20191            0.499456            0                   0.0233271           
SPHEROCYLINDER(1)  10.6278             7.97553             0.0175511           0.0113787           -0.405009           -0.292981           0.0157178           0.293202            -0.404704           0.499623            0                   0.0194043           
SPHEROCYLINDER(1)  10.6457             7.98747             2.68725             0.0208075           -0.0703875          -0.494583           0.00295864          0.495021            -0.0703253          0.499558            0                   0.0210168           
SPHEROCYLINDER(1)  10.6287             7.99004             5.35227             0.00877248          -0.396044           -0.305077           0.0113835           0.305203            -0.395881           0.499793            0                   0.0143715           
SPHEROCYLINDER(1)  10.6276             7.98338             7.98359             0.0127929           -0.318384           -0.385316           0.0105649           0.385528            -0.318208           0.499725            0                   0.0165914           
SPHEROCYLINDER(1)  10.6446             7.97987             10.6509             0.0193142           -0.340326           -0.365794           0.0179445           0.366303            -0.339853           0.499304            0                   0.0263637           
SPHEROCYLINDER(1)  10.6337             10.6268             0.043581            0.00806341          -0.364803           -0.341839           0.0086027           0.341934            -0.364702           0.499861            0                   0.0117909           
SPHEROCYLINDER(1)  10.6396             10.6289             2.66568             0.0161168           -0.370658           -0.335191           0.0178015           0.335579            -0.37023            0.499423            0                   0.0240135           
SPHEROCYLINDER(1)  10.648              10.6389             5.33552             0.0179668           -0.300358           -0.399328           0.0135002           0.399732            -0.300054           0.499495            0                   0.0224736           
SPHEROCYLINDER(1)  10.6397             10.6452             7.98289             0.0101884           -0.330357           -0.37518            0.00896787          0.375319            -0.330236           0.499816            0                   0.013573            
SPHEROCYLINDER(1)  10.634              10.6346             10.6285             0.0249496           -0.182331           -0.464901           0.00977102          0.46557             -0.182069           0.499282            0                   0.0267947           
SPHEROCYLINDER(1)  1.35781             1.34429             0.0215368           0.0158807           -0.344588           -0.361949           0.0151044           0.362297            -0.344257           0.499519            0                   0.0219167           
SPHEROCYLINDER(1)  1.36482             1.34749             2.68177             0.0156784           -0.35772            -0.348985           0.0160546           0.349337            -0.357359           0.499496            0                   0.0224402           
SPHEROCYLINDER(1)  1.34848             1.36319             5.32901             0.0202298           -0.304318           -0.396209           0.0155178           0.396725            -0.303922           0.49935             0                   0.025496            
SPHEROCYLINDER(1)  1.35046             1.36349             7.98954             0.0251759           -0.278485           -0.414503           0.0168833           0.415267            -0.277972           0.49908             0                   0.0303129           
SPHEROCYLINDER(1)  1.35381             1.34488             10.6486             0.00457812          -0.484113           -0.124953           0.0177254           0.125037            -0.483789           0.499665            0                   0.0183071           
SPHEROCYLINDER(1)  1.35728             3.99492             0.037315            0.0130059           -0.366939           -0.339392           0.0140512           0.339641            -0.366669           0.499633            0                   0.0191466           
SPHEROCYLINDER(1)  1.35284             4.00933             2.68011             0.00738491          -0.459084           -0.197958           0.0171145           0.198095            -0.458765           0.499652            0                   0.0186398           
SPHEROCYLINDER(1)  1.34845             3.99891             5.32688             0.0154305           -0.317855           -0.385655           0.0127076           0.385964            -0.317601           0.4996              0                   0.0199896           
SPHEROCYLINDER(1)  1.35406             4.01819             7.98213             0.0152685           -0.284993           -0.410544           0.0105918           0.410827            -0.284796           0.499655            0                   0.0185826           
SPHEROCYLINDER(1)  1.37125             3.99559             10.6251             0.0229396           -0.148453           -0.476902           0.00713251          0.477453            -0.148281           0.499423            0                   0.0240228           
SPHEROCYLINDER(1)  1.36642             6.66275             0.0265572           0.012477            -0.359035           -0.347761           0.0128732           0.347985            -0.358804           0.499679            0                   0.0179275           
SPHEROCYLINDER(1)  1.34713             6.67276             2.69303             0.0191176           -0.32186            -0.382152           0.0160813           0.38263             -0.321458           0.499376            0                   0.0249818           
SPHEROCYLINDER(1)  1.36391             6.66273             5.32508             0.0118385           -0.177146           -0.467418           0.00448521          0.467567            -0.177089           0.49984             0                   0.0126597           
SPHEROCYLINDER(1)  1.36852             6.66595             7.96949             0.0193228           -0.333667           -0.371878           0.017314            0.37238             -0.333217           0.499326            0                   0.0259451           
SPHEROCYLINDER(1)  1.34795             6.66658             10.6304             0.0164459           -0.331343           -0.374087           0.0145527           0.374448            -0.331024           0.499518            0                   0.0219601           
SPHEROCYLINDER(1)  1.3389              9.28702             0.0151568           0.0200557           -0.342106           -0.36409            0.0188162           0.364642            -0.341588           0.499243            0                   0.0275006           
SPHEROCYLINDER(1)  1.34176             9.3172              2.65899             0.0151439           -0.250433           -0.432497           0.00876357          0.432762            -0.25028            0.499694            0                   0.0174968           
SPHEROCYLINDER(1)  1.34711             9.29793             5.35138             0.0163671           -0.394553           -0.306692           0.021026            0.307128            -0.393992           0.49929             0                   0.0266454           
SPHEROCYLINDER(1)  1.34753             9.30553             7.99154             0.0244595           -0.182614           -0.464816           0.00959622          0.465459            -0.182362           0.499309            0                   0.0262746           
SPHEROCYLINDER(1)  1.35638             9.29956             10.6428             0.0189907           -0.343281           -0.36304            0.0179325           0.363536            -0.342812           0.499317            0                   0.0261194           
SPHEROCYLINDER(1)  4.00749             1.34501             0.038197            0.016129            -0.274881           -0.417349           0.0106152           0.41766             -0.274676           0.499627            0                   0.0193088           
SPHEROCYLINDER(1)  3.9972              1.36768             2.68025             0.0137942           -0.246402           -0.434852           0.00781234          0.43507             -0.246278           0.499749            0                   0.0158529           
SPHEROCYLINDER(1)  3.98493             1.34335             5.31205             0.0153618           -0.421611           -0.268344           0.0240963           0.268783            -0.420922           0.499183            0                   0.0285765           
SPHEROCYLINDER(1)  4.01653             1.36202             7.98556             0.0199638           -0.153625           -0.475395           0.00644566          0.475814            -0.15349            0.49956             0                   0.0209786           
SPHEROCYLINDER(1)  4.02623             1.35744             10.6293             0.0156721           -0.388362           -0.314531           0.0193269           0.314921            -0.387881           0.49938             0                   0.0248826           
SPHEROCYLINDER(1)  4.00793             4.01036             0.0397533           0.0145045           -0.400727           -0.298676           0.0194375           0.299028            -0.400256           0.499411            0                   0.0242527           
SPHEROCYLINDER(1)  4.00947             4.01361             2.67338             0.0141537           -0.405023           -0.292842           0.0195528           0.293184            -0.40455            0.499417            0                   0.0241379           
SPHEROCYLINDER(1)  3.99325             4.00504             5.32662             0.0149908           -0.375976           -0.329268           0.0170996           0.329609            -0.375587           0.499483            0                   0.0227402           
SPHEROCYLINDER(1)  3.98923             4.02405             7.99634             0.0088196           -0.447264           -0.223332           0.0176492           0.223506            -0.446916           0.499611            0                   0.0197301           
SPHEROCYLINDER(1)  4.00688             3.99619             10.6536             0.0185854           -0.364241           -0.342028           0.0197633           0.342532            -0.363705           0.499263            0                   0.0271294           
SPHEROCYLINDER(1)  4.01819             6.64803             0.0409592           0.0162386           -0.346936           -0.359683           0.0156472           0.360049            -0.346583           0.499491            0                   0.0225506           
SPHEROCYLINDER(1)  3.99702             6.67062             2.69016             0.0166786           -0.278011           -0.415249           0.0111574           0.415584            -0.277787           0.499597            0                   0.0200665           
SPHEROCYLINDER(1)  4.02931             6.6557              5.33906             0.00309774          -0.453497           -0.210549           0.00667145          0.210572            -0.453448           0.499946            0                   0.00735556          
SPHEROCYLINDER(1)  3.99294             6.67512             7.98785             0.00719348          -0.450242           -0.217325           0.0148949           0.217444            -0.449996           0.499726            0                   0.016541            
SPHEROCYLINDER(1)  4.0076              6.64442             10.648              0.00948863          -0.36004            -0.346816           0.00984675          0.346946            -0.359905           0.499813            0                   0.0136745           
SPHEROCYLINDER(1)  4.02313             9.30854             0.0198231           0.0104935           -0.44317            -0.23128            0.0200865           0.231518            -0.442714           0.499486            0                   0.0226623           
SPHEROCYLINDER(1)  3.99038             9.30429             2.68472             0.0170005           -0.394311           -0.306969           0.0218042           0.307439            -0.393708           0.499235            0                   0.0276485           
SPHEROCYLINDER(1)  4.01188             9.3146              5.32524             0.0106465           -0.428906           -0.25676            0.0177693           0.256981            -0.428538           0.499571            0                   0.0207147           
SPHEROCYLINDER(1)  4.01492             9.3299              7.99705             0.0248229           -0.220513           -0.44806            0.0121979           0.448747            -0.220175           0.499234            0                   0.027658            
SPHEROCYLINDER(1)  4.0101              9.30584             10.6441             0.014887            -0.412742           -0.28182            0.0217726           0.282213            -0.412167           0.499304            0                   0.0263755           
SPHEROCYLINDER(1)  6.66577             1.35458             0.016655            0.0202562           -0.209668           -0.453463           0.00935658          0.453915            -0.20946            0.499502            0                   0.0223128           
SPHEROCYLINDER(1)  6.65648             1.36464             2.67855             0.0105816           -0.46694            -0.178479           0.0276351           0.178793            -0.466122           0.499124            0                   0.0295917           
SPHEROCYLINDER(1)  6.64742             1.34553             5.34621             0.0126837           -0.453281           -0.210654           0.0272432           0.211036            -0.452462           0.499096            0                   0.0300511           
SPHEROCYLINDER(1)  6.65756             1.37965             7.99353             0.0196989           -0.162016           -0.472613           0.00674713          0.473023            -0.161876           0.499566            0                   0.0208224           
SPHEROCYLINDER(1)  6.65592             1.3587              10.6377             0.0190729           -0.368833           -0.337043           0.0208385           0.337583            -0.368244           0.499201            0                   0.0282492           
SPHEROCYLINDER(1)  6.6656              3.997               0.0224069           0.0116692           -0.247809           -0.434113           0.00665885          0.43427             -0.24772            0.499819            0                   0.0134354           
SPHEROCYLINDER(1)  6.66238             4.01443             2.68232             0.0170899           -0.282406           -0.412256           0.011697            0.41261             -0.282164           0.499571            0                   0.0207096           
SPHEROCYLINDER(1)  6.66974             3.99698             5.32878             0.0106956           -0.402292           -0.296726           0.0144913           0.296919            -0.402031           0.499676            0                   0.0180109           
SPHEROCYLINDER(1)  6.67177             4.00012             8.00029             0.0103349           -0.310636           -0.391661           0.00819401          0.391798            -0.310528           0.499826            0                   0.0131891           
SPHEROCYLINDER(1)  6.64911             4.01417             10.6469             0.0227983           -0.341946           -0.364079           0.0213705           0.364792            -0.341277           0.499023            0                   0.0312484           
SPHEROCYLINDER(1)  6.67052             6.66107             0.0347899           0.00354566          -0.484668           -0.122818           0.0139862           0.122869            -0.484466           0.499792            0                   0.0144286           
SPHEROCYLINDER(1)  6.66847             6.66486             2.68088             0.0203947           -0.303746           -0.396639           0.0155977           0.397163            -0.303345           0.49934             0                   0.0256755           
SPHEROCYLINDER(1)  6.66438             6.64934             5.32548             0.0153643           -0.261397           -0.425952           0.00942258          0.426229            -0.261228           0.499675            0                   0.0180235           
SPHEROCYLINDER(1)  6.68194             6.65687             7.98399             0.0192697           -0.391692           -0.310171           0.0242874           0.310769            -0.390938           0.499038            0                   0.0310032           
SPHEROCYLINDER(1)  6.65193             6.68032             10.6399             0.00997616          -0.294587           -0.40388            0.00727433          0.404003            -0.294498           0.499848            0                   0.0123466           
SPHEROCYLINDER(1)  6.64925             9.31863             0.0262271           0.0209754           -0.257922           -0.427828           0.0126301           0.428341            -0.257612           0.4994              0                   0.0244845           
SPHEROCYLINDER(1)  6.6554              9.31366             2.67987             0.00851543          -0.388773           -0.314297           0.0105294           0.314413            -0.388631           0.499817            0                   0.0135418           
SPHEROCYLINDER(1)  6.67133             9.32364             5.336               0.0185126           -0.32492            -0.379584           0.0158278           0.380035            -0.324534           0.499406            0                   0.0243564           
SPHEROCYLINDER(1)  6.65671             9.30795             7.97795             0.0128949           -0.377262           -0.327883           0.0148254           0.328137            -0.37697            0.499614            0                   0.0196486           
SPHEROCYLINDER(1)  6.66781             9.31942             10.6159             0.0226717           -0.254173           -0.429979           0.0133833           0.430577            -0.25382            0.499306            0                   0.0263271           
SPHEROCYLINDER(1)  9.30535             1.35438             0.0243431           0.0096596           -0.355722           -0.351239           0.00977918          0.351372            -0.355587           0.499811            0                   0.0137456           
SPHEROCYLINDER(1)  9.32277             1.35174             2.65836             0.0148467           -0.404821           -0.293086           0.0204806           0.293462            -0.404303           0.49936             0                   0.0252958           
SPHEROCYLINDER(1)  9.30569             1.34384             5.33319             0.0187982           -0.320025           -0.383706           0.0156596           0.384166            -0.319642           0.499401            0                   0.0244662           
SPHEROCYLINDER(1)  9.29885             1.35508             7.99202             0.0168659           -0.316251           -0.386912           0.0137726           0.387279            -0.315951           0.499526            0                   0.0217748           
SPHEROCYLINDER(1)  9.31069             1.35239             10.6387             0.0117374           -0.417935           -0.274212           0.017873            0.274464            -0.417553           0.499543            0                   0.0213825           
SPHEROCYLINDER(1)  9.3138              4.02463             0.038242            0.0112123           -0.420342           -0.270531           0.0174064           0.270763            -0.419981           0.499571            0                   0.0207051           
SPHEROCYLINDER(1)  9.3117              4.01141             2.68105             0.0160648           -0.353678           -0.353064           0.0160761           0.353429            -0.353312           0.499483            0                   0.0227271           
SPHEROCYLINDER(1)  9.32516             4.01248             5.348               0.0182745           -0.35322            -0.353414           0.01824             0.353886            -0.352749           0.499333            0                   0.0258197           
SPHEROCYLINDER(1)  9.31654             4.00154             7.97428             0.0174596           -0.338204           -0.367849           0.0160344           0.368264            -0.337824           0.499438            0                   0.0237053           
SPHEROCYLINDER(1)  9.28678             4.01585             10.6232             0.0207322           -0.320665           -0.383072           0.0173294           0.383632            -0.320197           0.499269            0                   0.0270209           
SPHEROCYLINDER(1)  9.31708             6.65396             0.0180875           0.0191808           -0.257979           -0.427877           0.0115531           0.428307            -0.25772            0.499498            0                   0.0223915           
SPHEROCYLINDER(1)  9.33413             6.66752             2.67256             0.0128726           -0.385861           -0.31772            0.0156205           0.31798             -0.385544           0.49959             0                   0.0202411           
SPHEROCYLINDER(1)  9.3097              6.65803             5.34306             0.0136969           -0.441555           -0.234183           0.0257817           0.234583            -0.440802           0.499147            0                   0.0291942           
SPHEROCYLINDER(1)  9.32536             6.6714              7.97819             0.0190894           -0.36866            -0.337232           0.020835            0.337772            -0.368071           0.499201            0                   0.0282577           
SPHEROCYLINDER(1)  9.30343             6.64356             10.6471             0.0135172           -0.406806           -0.29039            0.0189157           0.290704            -0.406366           0.499459            0                   0.023249            
SPHEROCYLINDER(1)  9.31704             9.31147             0.0213053           0.0100524           -0.39185            -0.310407           0.0126833           0.31057             -0.391645           0.499738            0                   0.0161838           
SPHEROCYLINDER(1)  9.32398             9.30007             2.69887             0.0139278           -0.352909           -0.353922           0.0138772           0.354196            -0.352636           0.499613            0                   0.0196611           
SPHEROCYLINDER(1)  9.32421             9.31436             5.31831             0.013785            -0.120421           -0.485086           0.0034207           0.485282            -0.120372           0.499798            0                   0.0142031           
SPHEROCYLINDER(1)  9.29507             9.31964             7.97135             0.0112286           -0.409879           -0.286135           0.0160722           0.286355            -0.409563           0.499615            0                   0.019606            
SPHEROCYLINDER(1)  9.29941             9.30702             10.6521             0.0124064           -0.444049           -0.229491           0.0239704           0.229826            -0.443402           0.499271            0                   0.0269907           
SPHEROCYLINDER(1)  1.36719             0.0242693           1.34403             0.00745856          -0.249893           -0.43301            0.00430374          0.433074            -0.249856           0.499926            0                   0.00861117          
SPHEROCYLINDER(1)  1.35171             0.029777            4.02412             0.0127676           -0.390871           -0.311539           0.0160054           0.311801            -0.390543           0.499581            0                   0.020474            
SPHEROCYLINDER(1)  1.3786              0.0171681           6.6689              0.00690413          -0.38645            -0.317189           0.0084097           0.317264            -0.386358           0.499882            0                   0.0108807           
SPHEROCYLINDER(1)  1.36291             0.046052            9.30891             0.0180944           -0.311474           -0.390713           0.0144093           0.391131            -0.311141           0.499465            0                   0.0231308           
SPHEROCYLINDER(1)  1.36314             2.67791             1.34514             0.00694805          -0.421801           -0.268395           0.0109157           0.268485            -0.42166            0.499833            0                   0.0129394           
SPHEROCYLINDER(1)  1.37113             2.68288             3.99542             0.00245253          -0.495521           -0.0667317          0.0181992           0.0667767           -0.495186           0.499663            0                   0.0183637           
SPHEROCYLINDER(1)  1.34487             2.69199             6.65381             0.0213136           -0.35433            -0.35213            0.0214075           0.352775            -0.353683           0.499087            0                   0.0302085           
SPHEROCYLINDER(1)  1.37613             2.67972             9.29766             0.019304            -0.333189           -0.372307           0.0172526           0.372807            -0.332742           0.499329            0                   0.0258901           
SPHEROCYLINDER(1)  1.37137             5.317               1.35995             0.0213942           -0.304098           -0.396316           0.0163922           0.396893            -0.303656           0.499273            0                   0.0269521           
SPHEROCYLINDER(1)  1.36854             5.34592             4.02015             0.0150141           -0.353626           -0.353162           0.0150203           0.353481            -0.353307           0.499549            0                   0.0212375           
SPHEROCYLINDER(1)  1.36446             5.31973             6.66184             0.0161531           -0.366158           -0.340099           0.0173712           0.340483            -0.365745           0.499437            0                   0.0237209           
SPHEROCYLINDER(1)  1.36538             5.32452             9.30145             0.0128215           -0.39591            -0.305107           0.0166227           0.305377            -0.395561           0.499559            0                   0.020993            
SPHEROCYLINDER(1)  1.3742              7.97742             1.34206             0.0275106           -0.247493           -0.433578           0.015672            0.43445             -0.246997           0.498997            0                   0.0316614           
SPHEROCYLINDER(1)  1.34501             7.97004             4.01272             0.0189231           -0.326472           -0.37823            0.0163132           0.378703            -0.326064           0.499375            0                   0.0249841           
SPHEROCYLINDER(1)  1.3518              7.99676             6.64214             0.0175938           -0.190525           -0.461942           0.00725118          0.462277            -0.190387           0.499638            0                   0.0190295           
SPHEROCYLINDER(1)  1.36269             7.99897             9.31353             0.00633138          -0.461225           -0.192954           0.015126            0.193058            -0.460977           0.499731            0                   0.0163976           
SPHEROCYLINDER(1)  1.34823             10.6447             1.33179             0.0124628           -0.349928           -0.356924           0.0122111           0.357142            -0.349715           0.499695            0                   0.017448            
SPHEROCYLINDER(1)  1.36588             10.6476             4.01689             0.0182969           -0.356357           -0.35025            0.0185905           0.350728            -0.355871           0.499319            0                   0.0260842           
SPHEROCYLINDER(1)  1.34791             10.6281             6.67704             0.0214669           -0.351928           -0.354522           0.021271            0.355171            -0.351285           0.499086            0                   0.0302206           
SPHEROCYLINDER(1)  1.35701             10.6487             9.3108              0.0151434           -0.355532           -0.351237           0.0153144           0.351564            -0.355202           0.499536            0                   0.0215373           
SPHEROCYLINDER(1)  4.00982             0.0435522           1.36555             0.0163894           -0.393622           -0.307885           0.0209237           0.308321            -0.393065           0.499293            0                   0.0265784           
SPHEROCYLINDER(1)  4.00552             0.0254726           4.01542             0.0185052           -0.324879           -0.37962            0.0158179           0.380071            -0.324493           0.499407            0                   0.0243444           
SPHEROCYLINDER(1)  4.00672             0.0157099           6.65573             0.0136189           -0.360018           -0.346701           0.0141311           0.346969            -0.35974            0.499615            0                   0.0196256           
SPHEROCYLINDER(1)  4.01023             0.0273121           9.32264             0.00573187          -0.475282           -0.155159           0.0175458           0.155265            -0.474958           0.499659            0                   0.0184584           
SPHEROCYLINDER(1)  4.01362             2.69412             1.36175             0.020919            -0.212646           -0.452044           0.00982996          0.452528            -0.212419           0.499465            0                   0.0231134           
SPHEROCYLINDER(1)  4.0044              2.65951             3.99719             0.0101134           -0.450827           -0.215993           0.0210858           0.216229            -0.450334           0.499453            0                   0.0233857           
SPHEROCYLINDER(1)  4.02282             2.67362             6.65731             0.0177901           -0.28546            -0.410117           0.0123711           0.410503            -0.285191           0.49953             0                   0.0216687           
SPHEROCYLINDER(1)  4.00706             2.69014             9.30078             0.0171825           -0.278581           -0.414846           0.0115286           0.415202            -0.278342           0.499572            0                   0.0206917           
SPHEROCYLINDER(1)  4.01323             5.33549             1.35689             0.0190108           -0.299658           -0.399805           0.0142327           0.400256            -0.29932            0.499436            0                   0.0237483           
SPHEROCYLINDER(1)  4.0101              5.32987             4.00603             0.00526733          -0.482291           -0.131788           0.0192609           0.131893            -0.481906           0.499601            0                   0.0199682           
SPHEROCYLINDER(1)  4.00447             5.32426             6.65617             0.0159978           -0.271816           -0.419357           0.0103618           0.419662            -0.271618           0.499637            0                   0.0190604           
SPHEROCYLINDER(1)  4.02373             5.33513             9.3123              0.016834            -0.398469           -0.301561           0.0222091           0.30203             -0.39785            0.499223            0                   0.027868            
SPHEROCYLINDER(1)  4.00381             7.9941              1.36166             0.0180145           -0.303383           -0.397031           0.0137513           0.39744             -0.303072           0.499486            0                   0.0226632           
SPHEROCYLINDER(1)  4.01512             7.9777              4.01666             0.0201543           -0.316407           -0.386627           0.0164714           0.387152            -0.315977           0.499322            0                   0.0260289           
SPHEROCYLINDER(1)  3.99496             7.97555             6.67428             0.00927078          -0.191104           -0.461945           0.0038345           0.462038            -0.191066           0.499899            0                   0.0100325           
SPHEROCYLINDER(1)  4.02243             7.98019             9.31667             0.0161575           -0.349322           -0.35737            0.0157775           0.357735            -0.348965           0.49949             0                   0.0225831           
SPHEROCYLINDER(1)  4.00536             10.6418             1.33886             0.0119176           -0.420386           -0.270432           0.0185079           0.270695            -0.419978           0.499515            0                   0.0220129           
SPHEROCYLINDER(1)  4.01474             10.6157             4.01537             0.0150721           -0.394807           -0.306431           0.0193955           0.306802            -0.39433            0.499396            0                   0.0245633           
SPHEROCYLINDER(1)  4.00609             10.6354             6.66998             0.00928273          -0.334764           -0.371277           0.00836721          0.371393            -0.33466            0.499844            0                   0.0124972           
SPHEROCYLINDER(1)  4.0119              10.6535             9.31245             0.015856            -0.365584           -0.340729           0.0169943           0.341098            -0.365189           0.499459            0                   0.0232426           
SPHEROCYLINDER(1)  6.67623             0.0217781           1.34793             0.0172349           -0.178247           -0.466831           0.0065762           0.467149            -0.178126           0.49966             0                   0.0184469           
SPHEROCYLINDER(1)  6.64712             0.045368            4.0079              0.023078            -0.361238           -0.344927           0.0241154           0.345698            -0.360432           0.498885            0                   0.0333788           
SPHEROCYLINDER(1)  6.6573              0.0113193           6.65356             0.0142512           -0.370354           -0.335611           0.0157124           0.335914            -0.37002            0.49955             0                   0.0212127           
SPHEROCYLINDER(1)  6.65011             0.0431358           9.30589             0.0128425           -0.365067           -0.34141            0.0137227           0.341652            -0.364809           0.499647            0                   0.0187948           
SPHEROCYLINDER(1)  6.67179             2.68085             1.35614             0.0119321           -0.382194           -0.322158           0.014146            0.322378            -0.381932           0.499657            0                   0.0185063           
SPHEROCYLINDER(1)  6.67269             2.67993             4.00208             0.0250235           -0.242088           -0.436769           0.0138471           0.437485            -0.241692           0.499181            0                   0.0285992           
SPHEROCYLINDER(1)  6.64705             2.68746             6.66913             0.0179005           -0.30524            -0.395611           0.0137973           0.396016            -0.304928           0.499489            0                   0.0226007           
SPHEROCYLINDER(1)  6.65374             2.68649             9.30433             0.0141271           -0.335107           -0.370815           0.0127575           0.371084            -0.334865           0.499638            0                   0.0190349           
SPHEROCYLINDER(1)  6.6503              5.33361             1.3812              0.0254811           -0.317077           -0.385763           0.0208986           0.386603            -0.316388           0.498913            0                   0.0329551           
SPHEROCYLINDER(1)  6.67506             5.35309             4.03228             0.0158474           -0.275747           -0.416788           0.0104771           0.417089            -0.275548           0.499639            0                   0.0189976           
SPHEROCYLINDER(1)  6.6669              5.33944             6.65917             0.0233083           -0.101254           -0.489085           0.00481997          0.48964             -0.101139           0.499433            0                   0.0238014           
SPHEROCYLINDER(1)  6.65743             5.34531             9.32608             0.0172853           -0.339826           -0.36636            0.0160155           0.366768            -0.339448           0.499444            0                   0.0235643           
SPHEROCYLINDER(1)  6.65966             7.98442             1.3398              0.012768            -0.410686           -0.284911           0.018386            0.285197            -0.410274           0.499499            0                   0.0223846           
SPHEROCYLINDER(1)  6.67454             7.98257             4.01801             0.0248511           -0.289619           -0.406821           0.0176587           0.40758             -0.28908            0.49907             0                   0.0304862           
SPHEROCYLINDER(1)  6.65753             7.9772              6.66576             0.0126403           -0.289996           -0.407115           0.0089996           0.407311            -0.289856           0.499759            0                   0.0155168           
SPHEROCYLINDER(1)  6.65628             7.99289             9.3033              0.0163048           -0.276237           -0.416446           0.010807            0.416765            -0.276026           0.499617            0                   0.0195611           
SPHEROCYLINDER(1)  6.65676             10.6307             1.37888             0.00640636          -0.404184           -0.294269           0.00879717          0.294339            -0.404088           0.499882            0                   0.0108826           
SPHEROCYLINDER(1)  6.648               10.6294             4.01491             0.0163493           -0.375678           -0.329543           0.0186153           0.329948            -0.375217           0.499386            0                   0.0247756           
SPHEROCYLINDER(1)  6.66134             10.6556             6.64996             0.0154458           -0.150227           -0.476648           0.00486556          0.476898            -0.150148           0.499738            0                   0.016194            
SPHEROCYLINDER(1)  6.66707             10.6307             9.3097              0.0135981           -0.391485           -0.310733           0.0171155           0.31103             -0.391111           0.499522            0                   0.0218597           
SPHEROCYLINDER(1)  9.30443             0.0360214           1.35674             0.0235089           -0.272389           -0.41863            0.0152725           0.41929             -0.271961           0.499213            0                   0.0280342           
SPHEROCYLINDER(1)  9.32495             0.0298673           3.99727             0.011349            -0.365683           -0.340803           0.0121707           0.340992            -0.365481           0.499723            0                   0.0166411           
SPHEROCYLINDER(1)  9.32206             0.051748            6.6755              0.0229412           -0.160549           -0.472967           0.00777827          0.473523            -0.16036            0.499413            0                   0.024224            
SPHEROCYLINDER(1)  9.29657             0.0361033           9.32533             0.0157752           -0.36036            -0.346254           0.0164009           0.346613            -0.359987           0.499482            0                   0.0227563           
SPHEROCYLINDER(1)  9.32249             2.68399             1.35386             0.0106789           -0.400728           -0.298836           0.0143109           0.299027            -0.400472           0.499681            0                   0.0178561           
SPHEROCYLINDER(1)  9.31499             2.69261             3.99942             0.0249546           -0.178958           -0.466209           0.00956531          0.466877            -0.178702           0.499285            0                   0.026725            
SPHEROCYLINDER(1)  9.31722             2.6833              6.63598             0.0145113           -0.285451           -0.410252           0.0100906           0.410509            -0.285273           0.499688            0                   0.0176748           
SPHEROCYLINDER(1)  9.30846             2.70082             9.31312             0.00944368          -0.4281             -0.25815            0.0156503           0.258323            -0.427814           0.499666            0                   0.0182789           
SPHEROCYLINDER(1)  9.30696             5.34978             1.36673             0.0216535           -0.305338           -0.395347           0.0166986           0.39594             -0.304881           0.499252            0                   0.0273444           
SPHEROCYLINDER(1)  9.31546             5.34325             4.00871             0.00787433          -0.430756           -0.253746           0.0133609           0.253868            -0.430549           0.499759            0                   0.0155087           
SPHEROCYLINDER(1)  9.31377             5.32842             6.6666              0.0139532           -0.344409           -0.362199           0.013258            0.362468            -0.344153           0.499629            0                   0.0192475           
SPHEROCYLINDER(1)  9.31794             5.33596             9.31013             0.0138793           -0.416902           -0.275681           0.0209626           0.276031            -0.416374           0.499368            0                   0.0251409           
SPHEROCYLINDER(1)  9.31818             7.97996             1.36529             0.0141364           -0.414249           -0.279639           0.0209146           0.279996            -0.413721           0.499362            0                   0.025244            
SPHEROCYLINDER(1)  9.29884             7.99672             4.01825             0.0128839           -0.379223           -0.325613           0.0149934           0.325868            -0.378927           0.499609            0                   0.0197686           
SPHEROCYLINDER(1)  9.31664             7.97838             6.65278             0.0134259           -0.375756           -0.329587           0.0152939           0.32986             -0.375444           0.499586            0                   0.0203509           
SPHEROCYLINDER(1)  9.32747             7.98396             9.31452             0.00888969          -0.472005           -0.164718           0.0254367           0.164958            -0.471319           0.499273            0                   0.0269454           
SPHEROCYLINDER(1)  9.29979             10.6477             1.34902             0.0118667           -0.426631           -0.26047            0.0194166           0.260741            -0.426189           0.499482            0                   0.0227557           
SPHEROCYLINDER(1)  9.31829             10.6524             4.01085             0.0150361           -0.391708           -0.310385           0.0189534           0.310749            -0.391249           0.499414            0                   0.0241933           
SPHEROCYLINDER(1)  9.30996             10.642              6.64856             0.00956462          -0.397868           -0.30267            0.0125667           0.302822            -0.39767            0.499751            0                   0.0157925           
SPHEROCYLINDER(1)  9.31312             10.6523             9.31604             0.0116454           -0.290464           -0.406811           0.00831144          0.406978            -0.290345           0.499795            0                   0.0143072           
SPHEROCYLINDER(1)  0.0359746           1.35883             1.34984             0.0153099           -0.304257           -0.396476           0.0117401           0.396772            -0.30403            0.499628            0                   0.0192931           
SPHEROCYLINDER(1)  0.0234867           1.35071             4.0146              0.0129507           -0.335774           -0.370254           0.0117375           0.37048             -0.335569           0.499694            0                   0.0174782           
SPHEROCYLINDER(1)  0.0327709           1.35848             6.65647             0.0173478           -0.324317           -0.380154           0.0147844           0.38055             -0.32398            0.49948             0                   0.0227931           
SPHEROCYLINDER(1)  0.0191882           1.36379             9.30116             0.0168557           -0.288177           -0.408252           0.011888            0.4086              -0.287932           0.499574            0                   0.0206262           
SPHEROCYLINDER(1)  0.0175734           4.00903             1.36885             0.0116608           -0.373572           -0.332127           0.0131078           0.332331            -0.373342           0.499692            0                   0.0175439           
SPHEROCYLINDER(1)  0.0373874           4.01502             4.01144             0.0149165           -0.336851           -0.3692             0.0135984           0.369502            -0.336576           0.499592            0                   0.0201846           
SPHEROCYLINDER(1)  0.0243802           4.02252             6.6546              0.0136372           -0.425533           -0.262175           0.0221045           0.262529            -0.424959           0.499325            0                   0.0259727           
SPHEROCYLINDER(1)  0.037685            4.01278             9.31219             0.0106034           -0.392871           -0.309095           0.0134693           0.309277            -0.39264            0.499706            0                   0.0171422           
SPHEROCYLINDER(1)  0.0316967           6.65721             1.35398             0.00991802          -0.288574           -0.408199           0.0070094           0.40832             -0.288489           0.499852            0                   0.0121449           
SPHEROCYLINDER(1)  0.0266971           6.64671             4.00015             0.00747584          -0.468552           -0.174365           0.0200705           0.174526            -0.468122           0.499541            0                   0.0214176           
SPHEROCYLINDER(1)  0.0332733           6.67727             6.65339             0.0240124           -0.295185           -0.402852           0.0175636           0.403567            -0.294662           0.499114            0                   0.0297502           
SPHEROCYLINDER(1)  0.0401103           6.64281             9.31156             0.0182565           -0.334797           -0.370915           0.0164588           0.371364            -0.334392           0.499395            0                   0.0245804           
SPHEROCYLINDER(1)  0.0200948           9.30919             1.36494             0.0183116           -0.382479           -0.321519           0.0217482           0.32204             -0.38186            0.499191            0                   0.0284306           
SPHEROCYLINDER(1)  0.0140746           9.30114             4.00874             0.0139797           -0.420761           -0.269749           0.0217768           0.270111            -0.420198           0.49933             0                   0.0258778           
SPHEROCYLINDER(1)  0.0241001           9.31142             6.66848             0.0178612           -0.321691           -0.382356           0.0150109           0.382773            -0.32134            0.499455            0                   0.0233313           
SPHEROCYLINDER(1)  0.0381265           9.32503             9.31396             0.0170266           -0.260401           -0.426499           0.0103874           0.426839            -0.260194           0.499602            0                   0.019945            
SPHEROCYLINDER(1)  2.6807              1.36618             1.34616             0.015236            -0.425453           -0.262217           0.0246792           0.262659            -0.424737           0.499158            0                   0.0290035           
SPHEROCYLINDER(1)  2.68395             1.35415             3.9956              0.0185152           -0.370653           -0.335073           0.0204501           0.335584            -0.370088           0.499238            0                   0.0275866           
SPHEROCYLINDER(1)  2.69743             1.34445             6.65292             0.0133677           -0.363621           -0.34293            0.0141636           0.34319             -0.363345           0.499621            0                   0.0194757           
SPHEROCYLINDER(1)  2.67728             1.34928             9.31544             0.0123628           -0.272378           -0.419115           0.00803097          0.419297            -0.27226            0.499783            0                   0.0147423           
SPHEROCYLINDER(1)  2.70229             4.00621             1.35009             0.0078676           -0.433484           -0.249057           0.0136867           0.249182            -0.433268           0.499751            0                   0.0157869           
SPHEROCYLINDER(1)  2.70284             4.00148             4.01524             0.0142898           -0.400183           -0.299415           0.0190773           0.299756            -0.399728           0.499432            0                   0.0238357           
SPHEROCYLINDER(1)  2.67728             3.99687             6.6403              0.0113352           -0.280787           -0.413558           0.00769321          0.413713            -0.280682           0.499812            0                   0.0136994           
SPHEROCYLINDER(1)  2.67333             3.99041             9.32327             0.0130806           -0.347564           -0.359205           0.0126484           0.359443            -0.347334           0.499669            0                   0.0181957           
SPHEROCYLINDER(1)  2.66825             6.66352             1.35027             0.0105562           -0.428071           -0.258155           0.0174896           0.25837             -0.427713           0.499583            0                   0.0204284           
SPHEROCYLINDER(1)  2.67507             6.6635              4.00259             0.00409015          -0.487788           -0.109753           0.0181657           0.109829            -0.48745            0.499653            0                   0.0186205           
SPHEROCYLINDER(1)  2.68123             6.65966             6.67194             0.0140172           -0.408509           -0.287965           0.0198613           0.288306            -0.408026           0.499409            0                   0.0243095           
SPHEROCYLINDER(1)  2.66225             6.65316             9.31455             0.012579            -0.353304           -0.353579           0.0125613           0.353803            -0.353081           0.499684            0                   0.0177769           
SPHEROCYLINDER(1)  2.66451             9.31093             1.35423             0.0179583           -0.318066           -0.385372           0.0148058           0.38579             -0.317721           0.499458            0                   0.0232747           
SPHEROCYLINDER(1)  2.66288             9.3159              3.99688             0.0180959           -0.312797           -0.389654           0.014511            0.390074            -0.31246            0.499462            0                   0.0231955           
SPHEROCYLINDER(1)  2.69789             9.31233             6.65746             0.0195719           -0.216463           -0.45029            0.00939968          0.450715            -0.216259           0.499528            0                   0.021712            
SPHEROCYLINDER(1)  2.67456             9.32406             9.31898             0.0188652           -0.282878           -0.411855           0.0129438           0.412287            -0.282581           0.499476            0                   0.0228787           
SPHEROCYLINDER(1)  5.33135             1.35286             1.3565              0.0178143           -0.371812           -0.333824           0.0198133           0.334299            -0.371284           0.49929             0                   0.0266443           
SPHEROCYLINDER(1)  5.34442             1.34711             4.01433             0.0123944           -0.310952           -0.39135            0.00984315          0.391547            -0.310796           0.499749            0                   0.0158274           
SPHEROCYLINDER(1)  5.33335             1.3622              6.65142             0.0155005           -0.393281           -0.308366           0.019744            0.308756            -0.392785           0.49937             0                   0.0251016           
SPHEROCYLINDER(1)  5.32841             1.34568             9.3121              0.0139952           -0.390126           -0.31242            0.0174586           0.312733            -0.389735           0.499499            0                   0.0223756           
SPHEROCYLINDER(1)  5.34308             4.00737             1.36673             0.0104417           -0.446894           -0.224001           0.0208092           0.224244            -0.44641            0.499458            0                   0.023282            
SPHEROCYLINDER(1)  5.32844             4.01335             3.9941              0.0139862           -0.403899           -0.294398           0.0191667           0.29473             -0.403444           0.499437            0                   0.0237271           
SPHEROCYLINDER(1)  5.334               3.99971             6.66127             0.0217786           -0.226185           -0.445383           0.0110469           0.445915            -0.225915           0.499403            0                   0.0244201           
SPHEROCYLINDER(1)  5.33602             4.02053             9.31206             0.00847528          -0.387581           -0.315767           0.0103991           0.315881            -0.387442           0.49982             0                   0.0134153           
SPHEROCYLINDER(1)  5.35154             6.64955             1.34343             0.00835389          -0.37294            -0.332935           0.00935473          0.33304             -0.372823           0.499843            0                   0.0125419           
SPHEROCYLINDER(1)  5.3342              6.64498             3.99656             0.00863885          -0.456662           -0.203434           0.0193748           0.203617            -0.456251           0.49955             0                   0.0212135           
SPHEROCYLINDER(1)  5.32357             6.65335             6.66739             0.012806            -0.389493           -0.313259           0.0159092           0.313521            -0.389168           0.499583            0                   0.0204229           
SPHEROCYLINDER(1)  5.33502             6.66727             9.32715             0.0119992           -0.127447           -0.483336           0.00316298          0.483485            -0.127407           0.499846            0                   0.012409            
SPHEROCYLINDER(1)  5.32159             9.2951              1.36032             0.0182747           -0.331921           -0.37349            0.0162213           0.373937            -0.331524           0.499403            0                   0.0244355           
SPHEROCYLINDER(1)  5.35216             9.31161             4.00584             0.0213471           -0.251129           -0.431831           0.0123992           0.432359            -0.250823           0.49939             0                   0.0246868           
SPHEROCYLINDER(1)  5.33267             9.2995              6.64054             0.0110863           -0.357283           -0.349608           0.011324            0.349784            -0.357104           0.499749            0                   0.0158474           
SPHEROCYLINDER(1)  5.33143             9.31006             9.30221             0.015283            -0.239047           -0.438888           0.00831909          0.439154            -0.238903           0.499697            0                   0.0174005           
SPHEROCYLINDER(1)  7.97215             1.35929             1.35188             0.0177934           -0.371323           -0.334369           0.019732            0.334842            -0.370798           0.499294            0                   0.0265699           
SPHEROCYLINDER(1)  7.98318             1.3622              3.99842             0.0126337           -0.34393            -0.362702           0.0119725           0.362922            -0.343721           0.499697            0                   0.0174055           
SPHEROCYLINDER(1)  7.98555             1.35458             6.66182             0.0117635           -0.417489           -0.27489            0.0178495           0.275141            -0.417107           0.499543            0                   0.0213772           
SPHEROCYLINDER(1)  7.98411             1.37675             9.31268             0.0140562           -0.327868           -0.377233           0.0122083           0.377495            -0.327641           0.499653            0                   0.0186177           
SPHEROCYLINDER(1)  7.98766             4.00313             1.355               0.0138357           -0.296454           -0.402398           0.010187            0.402635            -0.296279           0.499705            0                   0.0171814           
SPHEROCYLINDER(1)  7.98282             4.01347             4.01457             0.0102937           -0.442831           -0.231937           0.0196341           0.232165            -0.442395           0.499508            0                   0.0221688           
SPHEROCYLINDER(1)  7.96876             4.01218             6.65665             0.0111556           -0.298417           -0.401027           0.008298            0.401183            -0.298301           0.499807            0                   0.0139034           
SPHEROCYLINDER(1)  7.97095             4.01529             9.31222             0.018591            -0.344436           -0.361964           0.0176674           0.362441            -0.343983           0.499342            0                   0.0256469           
SPHEROCYLINDER(1)  7.97392             6.64179             1.36957             0.0148853           -0.327295           -0.377699           0.0128889           0.377992            -0.327041           0.499612            0                   0.01969             
SPHEROCYLINDER(1)  7.98255             6.67435             4.02772             0.0171404           -0.341865           -0.364464           0.0160599           0.364867            -0.341488           0.499448            0                   0.0234886           
SPHEROCYLINDER(1)  8.00479             6.65859             6.6646              0.0184247           -0.318329           -0.385133           0.0152114           0.385573            -0.317965           0.499429            0                   0.0238927           
SPHEROCYLINDER(1)  7.99979             6.66528             9.30324             0.0089963           -0.44239            -0.23283            0.0170807           0.233004            -0.44206            0.499627            0                   0.0193051           
SPHEROCYLINDER(1)  7.986               9.30106             1.36345             0.0128413           -0.341866           -0.364641           0.0120318           0.364867            -0.341654           0.49969             0                   0.0175972           
SPHEROCYLINDER(1)  7.98865             9.32313             4.00077             0.0233717           -0.351762           -0.354566           0.0231366           0.355336            -0.351001           0.498917            0                   0.0328868           
SPHEROCYLINDER(1)  8.00846             9.30699             6.65702             0.0163608           -0.409444           -0.28651            0.0233427           0.286977            -0.408778           0.499187            0                   0.0285054           
SPHEROCYLINDER(1)  7.98699             9.30557             9.29615             0.0104138           -0.330234           -0.375283           0.0091602           0.375427            -0.330107           0.499808            0                   0.0138693           
SPHEROCYLINDER(1)  10.6458             1.36137             1.36843             0.0176252           -0.33789            -0.36813            0.0161589           0.368551            -0.337504           0.499428            0                   0.0239115           
SPHEROCYLINDER(1)  10.6373             1.36323             4.0028              0.0118847           -0.41156            -0.283685           0.0172268           0.283934            -0.411199           0.499562            0                   0.0209287           
SPHEROCYLINDER(1)  10.6422             1.34825             6.66133             0.00872677          -0.417247           -0.27537            0.0132163           0.275509            -0.417038           0.499749            0                   0.0158376           
SPHEROCYLINDER(1)  10.6588             1.353               9.31512             0.0235789           -0.22292            -0.446935           0.0117442           0.447556            -0.22261            0.499306            0                   0.0263418           
SPHEROCYLINDER(1)  10.6238             4.00519             1.35595             0.015964            -0.362046           -0.344482           0.01676             0.344852            -0.361658           0.499464            0                   0.0231462           
SPHEROCYLINDER(1)  10.64               4.01681             4.01494             0.0146606           -0.348177           -0.358549           0.0142246           0.358849            -0.347887           0.499583            0                   0.0204273           
SPHEROCYLINDER(1)  10.6393             4.00341             6.65617             0.0171207           -0.378812           -0.325896           0.0198731           0.326345            -0.37829            0.499311            0                   0.0262309           
SPHEROCYLINDER(1)  10.6233             4.0136              9.31088             0.0192923           -0.232212           -0.442386           0.0101171           0.442806            -0.231992           0.499525            0                   0.0217842           
SPHEROCYLINDER(1)  10.6274             6.6621              1.33966             0.0138452           -0.367463           -0.338791           0.0150044           0.339074            -0.367157           0.499583            0                   0.0204162           
SPHEROCYLINDER(1)  10.6402             6.65793             3.9917              0.0114609           -0.424935           -0.263247           0.0184827           0.263496            -0.424533           0.499527            0                   0.0217477           
SPHEROCYLINDER(1)  10.6439             6.65033             6.65362             0.0125116           -0.341179           -0.365295           0.0116787           0.365509            -0.340979           0.499707            0                   0.0171152           
SPHEROCYLINDER(1)  10.6341             6.66567             9.30536             0.0142482           -0.417994           -0.274004           0.0217064           0.274375            -0.41743            0.499325            0                   0.0259649           
SPHEROCYLINDER(1)  10.6256             9.31133             1.36055             0.0143991           -0.284023           -0.411246           0.00993849          0.411498            -0.28385            0.499694            0                   0.0174959           
SPHEROCYLINDER(1)  10.6255             9.32519             4.00766             0.0196833           -0.313712           -0.388841           0.0158599           0.389339            -0.313311           0.499361            0                   0.0252778           
SPHEROCYLINDER(1)  10.6464             9.32264             6.66694             0.0159963           -0.221486           -0.447982           0.00790365          0.448268            -0.221345           0.499682            0                   0.0178423           
SPHEROCYLINDER(1)  10.6346             9.31169             9.31727             0.0206554           -0.237656           -0.439423           0.0111589           0.439908            -0.237394           0.499449            0                   0.023477            
