365
0         13.2587   
0         13.2587   
0         13.2587   
SPHEROCYLINDER(1)  0.0263245           0.00518198          0.0316946           0.00935504          -0.144102           -0.478693           0.00281562          0.478785            -0.144074           0.499905            0                   0.00976957          
SPHEROCYLINDER(1)  0.0248666           0.011223            2.66808             0.00236678          -0.487571           -0.110765           0.0104159           0.11079             -0.48746            0.499886            0                   0.0106814           
SPHEROCYLINDER(1)  0.0156784           0.015247            5.32136             0.00938791          -0.432312           -0.251034           0.0161559           0.251209            -0.43201            0.499651            0                   0.0186854           
SPHEROCYLINDER(1)  0.0155296           0.00245466          7.95909             0.0040103           -0.250274           -0.432836           0.00231873          0.432855            -0.250263           0.499979            0                   0.00463239          
SPHEROCYLINDER(1)  0.012345            0.0120107           10.6243             0.0171491           -0.304828           -0.395962           0.0131897           0.396333            -0.304542           0.499532            0                   0.0216346           
SPHEROCYLINDER(1)  0.0273784           2.67276             0.028092            0.00657825          -0.394589           -0.307012           0.0084528           0.307082            -0.394498           0.499885            0                   0.0107109           
SPHEROCYLINDER(1)  0.0169929           2.66616             2.65504             0.0107153           -0.232571           -0.442488           0.00563029          0.442618            -0.232503           0.499853            0                   0.0121045           
SPHEROCYLINDER(1)  0.0253147           2.65528             5.33017             0.0106675           -0.2015             -0.457476           0.00469732          0.4576              -0.201445           0.499864            0                   0.0116559           
SPHEROCYLINDER(1)  0.0210969           2.66293             7.98228             0.00666224          -0.412064           -0.283123           0.00969372          0.283201            -0.41195            0.499862            0                   0.0117624           
SPHEROCYLINDER(1)  0.00908462          2.68864             10.613              0.0164925           -0.189912           -0.462235           0.00677175          0.462529            -0.189791           0.499682            0                   0.0178286           
SPHEROCYLINDER(1)  0.0225266           5.33853             0.0245837           0.0180404           -0.0490817          -0.497258           0.0017795           0.497585            -0.0490494          0.499671            0                   0.0181279           
SPHEROCYLINDER(1)  0.0132125           5.32068             2.6701              0.00696611          -0.438144           -0.240793           0.0126701           0.240894            -0.437961           0.499791            0                   0.0144589           
SPHEROCYLINDER(1)  0.0247221           5.31125             5.32623             0.0168835           -0.361788           -0.344709           0.0176987           0.345123            -0.361355           0.499401            0                   0.0244601           
SPHEROCYLINDER(1)  0.0017391           5.32132             7.97702             0.0100462           -0.25512            -0.429899           0.00596024          0.430016            -0.25505            0.499864            0                   0.0116812           
SPHEROCYLINDER(1)  0.0360043           5.32857             10.6149             0.0162645           -0.258962           -0.427404           0.00984742          0.427713            -0.258774           0.499638            0                   0.0190133           
SPHEROCYLINDER(1)  0.0216556           7.96611             0.0275908           0.00727896          -0.415929           -0.277398           0.0109103           0.277494            -0.415786           0.499828            0                   0.0131155           
SPHEROCYLINDER(1)  0.0302547           7.97329             2.67682             0.0137952           -0.253311           -0.430864           0.00810624          0.431084            -0.253181           0.499744            0                   0.0160006           
SPHEROCYLINDER(1)  0.0232045           7.99051             5.3205              0.0184085           -0.208356           -0.454146           0.00843862          0.454519            -0.208185           0.49959             0                   0.0202505           
SPHEROCYLINDER(1)  0.0271892           7.98363             7.97216             0.00564011          -0.215702           -0.451044           0.00269705          0.451079            -0.215685           0.499961            0                   0.00625179          
SPHEROCYLINDER(1)  0.02021             7.97047             10.6307             0.0148737           -0.369005           -0.337067           0.0162671           0.337395            -0.368646           0.499514            0                   0.0220419           
SPHEROCYLINDER(1)  0.0223528           10.6145             0.0214257           0.00171204          -0.497849           -0.0462951          0.0183984           0.0463268           -0.497509           0.499658            0                   0.0184778           
SPHEROCYLINDER(1)  0.0304319           10.6245             2.6618              0.00830756          -0.336321           -0.36989            0.00755171          0.369984            -0.336237           0.499874            0                   0.0112269           
SPHEROCYLINDER(1)  0.0132352           10.6222             5.32612             0.00960666          -0.157837           -0.474336           0.003196            0.474434            -0.157805           0.499897            0                   0.0101243           
SPHEROCYLINDER(1)  0.0218394           10.6261             7.98099             0.00993805          -0.315579           -0.3877             0.00808668          0.387827            -0.315475           0.499836            0                   0.0128125           
SPHEROCYLINDER(1)  0.0337203           10.6203             10.6184             0.00946785          -0.354932           -0.352042           0.00954215          0.352169            -0.354804           0.499819            0                   0.0134422           
SPHEROCYLINDER(1)  2.67359             0.00699198          0.0276838           0.0179495           -0.222438           -0.447436           0.00891619          0.447796            -0.222259           0.499598            0                   0.020042            
SPHEROCYLINDER(1)  2.66329             0.0118915           2.67584             0.0127576           -0.334336           -0.37156            0.0114727           0.371779            -0.334139           0.499706            0                   0.0171574           
SPHEROCYLINDER(1)  2.67573             0.032021            5.31798             0.00768965          -0.238563           -0.43935            0.00417476          0.439418            -0.238526           0.499923            0                   0.00874981          
SPHEROCYLINDER(1)  2.67554             0.0162643           7.97481             0.00877144          -0.331159           -0.374508           0.00775403          0.374611            -0.331069           0.499863            0                   0.0117074           
SPHEROCYLINDER(1)  2.68103             0.0282399           10.6339             0.0121667           -0.300979           -0.399079           0.00917165          0.399264            -0.300839           0.499768            0                   0.0152364           
SPHEROCYLINDER(1)  2.67369             2.68105             0.00407009          0.0107661           -0.161663           -0.473021           0.00367855          0.473144            -0.161621           0.499871            0                   0.0113772           
SPHEROCYLINDER(1)  2.67321             2.66063             2.68183             0.00837787          -0.385003           -0.318908           0.0101107           0.319018            -0.38487            0.499828            0                   0.0131307           
SPHEROCYLINDER(1)  2.65862             2.68839             5.31558             0.012757            -0.263989           -0.424437           0.00793093          0.424629            -0.26387            0.499774            0                   0.0150213           
SPHEROCYLINDER(1)  2.66964             2.68399             7.9632              0.0121676           -0.414584           -0.279234           0.0180484           0.279499            -0.414191           0.499526            0                   0.0217668           
SPHEROCYLINDER(1)  2.67248             2.67634             10.6308             0.0046915           -0.393656           -0.308242           0.00599083          0.308277            -0.393611           0.499942            0                   0.00760922          
SPHEROCYLINDER(1)  2.68763             5.33274             0.0174332           0.0065604           -0.400249           -0.299596           0.00876236          0.299668            -0.400153           0.49988             0                   0.0109461           
SPHEROCYLINDER(1)  2.6797              5.32448             2.67577             0.00591944          -0.415577           -0.277958           0.00884819          0.278021            -0.415483           0.499887            0                   0.0106457           
SPHEROCYLINDER(1)  2.66223             5.31078             5.31739             0.0117104           -0.3761             -0.32926            0.0133679           0.329468            -0.375862           0.499684            0                   0.0177717           
SPHEROCYLINDER(1)  2.68652             5.31802             7.983               0.00376642          -0.422421           -0.267482           0.00594753          0.267508            -0.422379           0.49995             0                   0.00703981          
SPHEROCYLINDER(1)  2.67453             5.33213             10.6156             0.015011            -0.283305           -0.411719           0.0103222           0.411993            -0.283117           0.499668            0                   0.0182175           
SPHEROCYLINDER(1)  2.68561             7.98292             0.0152687           0.0124337           -0.299822           -0.39994            0.00931661          0.400134            -0.299677           0.499759            0                   0.0155369           
SPHEROCYLINDER(1)  2.68245             7.98696             2.6766              0.00946671          -0.377608           -0.327601           0.0109072           0.327738            -0.37745            0.499791            0                   0.0144425           
SPHEROCYLINDER(1)  2.68886             7.97487             5.3082              0.00465872          -0.23989            -0.43867            0.00254751          0.438695            -0.239876           0.499972            0                   0.00530975          
SPHEROCYLINDER(1)  2.66614             7.9742              7.97707             0.014842            -0.336597           -0.369435           0.0135119           0.369733            -0.336326           0.499597            0                   0.0200713           
SPHEROCYLINDER(1)  2.68359             7.98187             10.6235             0.00147139          -0.431598           -0.25243            0.0025157           0.252434            -0.431591           0.499992            0                   0.0029144           
SPHEROCYLINDER(1)  2.66266             10.6361             0.0233687           0.0103015           -0.405052           -0.292963           0.0142341           0.293144            -0.404801           0.499691            0                   0.0175707           
SPHEROCYLINDER(1)  2.67571             10.6202             2.67557             0.0104103           -0.373649           -0.332081           0.0117076           0.332244            -0.373466           0.499754            0                   0.0156666           
SPHEROCYLINDER(1)  2.68374             10.6314             5.31876             0.000156889         -0.499915           -0.00923155         0.00849475          0.00923289          -0.499843           0.499928            0                   0.0084962           
SPHEROCYLINDER(1)  2.66078             10.635              7.98239             0.0119536           -0.313736           -0.389136           0.00963293          0.389319            -0.313588           0.499764            0                   0.015352            
SPHEROCYLINDER(1)  2.67812             10.6405             10.6269             0.00813611          -0.443345           -0.231039           0.0156028           0.231183            -0.44307            0.49969             0                   0.0175967           
SPHEROCYLINDER(1)  5.33048             0.0195071           0.0191178           0.0113334           -0.0977722          -0.490216           0.00225982          0.490347            -0.0977461          0.499866            0                   0.0115565           
SPHEROCYLINDER(1)  5.32235             0.00542483          2.68181             0.00997431          -0.410527           -0.285251           0.014346            0.285426            -0.410276           0.499695            0                   0.0174727           
SPHEROCYLINDER(1)  5.32882             0.0219044           5.31938             0.0147081           -0.352873           -0.353927           0.0146516           0.354233            -0.352568           0.499569            0                   0.0207605           
SPHEROCYLINDER(1)  5.32832             0.0208286           7.99055             0.0130543           -0.365107           -0.34136            0.0139523           0.341609            -0.36484            0.499635            0                   0.0191071           
SPHEROCYLINDER(1)  5.32824             0.0226525           10.6343             0.0147499           -0.239752           -0.438522           0.00805962          0.43877             -0.239616           0.499717            0                   0.0168083           
SPHEROCYLINDER(1)  5.32723             2.67169             0.0166843           0.00936748          -0.30967            -0.39245            0.00738948          0.392561            -0.309582           0.499858            0                   0.0119312           
SPHEROCYLINDER(1)  5.33173             2.67652             2.68149             0.006379            -0.458405           -0.199561           0.0146455           0.199663            -0.458171           0.499745            0                   0.0159744           
SPHEROCYLINDER(1)  5.32801             2.67988             5.32934             0.0163181           -0.267886           -0.421866           0.0103543           0.422181            -0.267686           0.499626            0                   0.0193259           
SPHEROCYLINDER(1)  5.32865             2.67029             7.96697             0.00202015          -0.495331           -0.0681385          0.014679            0.0681684           -0.495114           0.49978             0                   0.0148173           
SPHEROCYLINDER(1)  5.32916             2.68915             10.6133             0.014759            -0.370022           -0.335955           0.0162399           0.336279            -0.369665           0.499518            0                   0.0219445           
SPHEROCYLINDER(1)  5.31895             5.33843             0.0142258           0.0112464           -0.279341           -0.414538           0.00757575          0.414691            -0.279238           0.499816            0                   0.01356             
SPHEROCYLINDER(1)  5.33318             5.31412             2.66869             0.0102899           -0.342669           -0.363967           0.00968393          0.364112            -0.342532           0.4998              0                   0.0141301           
SPHEROCYLINDER(1)  5.32148             5.33624             5.31873             0.00964036          -0.291632           -0.406027           0.0069223           0.406142            -0.291549           0.499859            0                   0.0118682           
SPHEROCYLINDER(1)  5.3218              5.3157              7.97949             0.00979059          -0.388833           -0.314186           0.0121109           0.314338            -0.388645           0.499757            0                   0.0155733           
SPHEROCYLINDER(1)  5.31478             5.32879             10.6157             0.00617292          -0.40484            -0.29337            0.00851653          0.293435            -0.404751           0.499889            0                   0.0105184           
SPHEROCYLINDER(1)  5.32976             7.96678             0.0108081           0.00542599          -0.450305           -0.217247           0.0112434           0.217315            -0.450164           0.499844            0                   0.0124842           
SPHEROCYLINDER(1)  5.32554             7.96983             2.67239             0.0103936           -0.180186           -0.466289           0.00401536          0.466405            -0.180141           0.499876            0                   0.0111423           
SPHEROCYLINDER(1)  5.31848             7.96567             5.31412             0.0128869           -0.33829            -0.367959           0.0118405           0.368184            -0.338083           0.499694            0                   0.0175006           
SPHEROCYLINDER(1)  5.32288             7.97018             7.96276             0.00908852          -0.304375           -0.396577           0.00697368          0.396681            -0.304296           0.499869            0                   0.0114557           
SPHEROCYLINDER(1)  5.3141              7.97156             10.6346             0.0132395           -0.21474            -0.451344           0.00629636          0.451538            -0.214647           0.499785            0                   0.0146604           
SPHEROCYLINDER(1)  5.32865             10.6199             0.00984503          0.00830336          -0.292508           -0.405426           0.00598947          0.405511            -0.292446           0.499895            0                   0.0102381           
SPHEROCYLINDER(1)  5.31805             10.6242             2.6874              0.013302            -0.267268           -0.422364           0.00841318          0.422573            -0.267135           0.499752            0                   0.0157392           
SPHEROCYLINDER(1)  5.31754             10.621              5.33471             0.0116297           -0.146852           -0.477807           0.00357329          0.477948            -0.146808           0.499852            0                   0.0121663           
SPHEROCYLINDER(1)  5.33493             10.6252             7.98042             0.00771789          -0.344732           -0.362078           0.0073465           0.36216             -0.344654           0.499886            0                   0.0106554           
SPHEROCYLINDER(1)  5.31521             10.6207             10.6233             0.00922449          -0.413039           -0.281627           0.0135216           0.281778            -0.412818           0.499732            0                   0.0163684           
SPHEROCYLINDER(1)  7.97762             0.0102314           0.00500919          0.0101314           -0.371832           -0.334124           0.0112696           0.334277            -0.371661           0.49977             0                   0.0151542           
SPHEROCYLINDER(1)  7.98107             0.026459            2.67626             0.00861739          -0.43149            -0.252471           0.0147191           0.252618            -0.431239           0.499709            0                   0.0170562           
SPHEROCYLINDER(1)  7.97774             0.0323841           5.32836             0.013805            -0.100763           -0.489547           0.00284033          0.489742            -0.100723           0.499801            0                   0.0140942           
SPHEROCYLINDER(1)  7.96593             0.0129853           7.99126             0.0138953           -0.29215            -0.405531           0.0100045           0.405769            -0.291979           0.499707            0                   0.0171222           
SPHEROCYLINDER(1)  7.98313             0.0137697           10.6301             0.00884186          -0.353291           -0.353706           0.00882873          0.353816            -0.35318            0.499844            0                   0.012495            
SPHEROCYLINDER(1)  7.98652             2.65764             0.0310766           0.00668321          -0.320247           -0.383923           0.00557391          0.383982            -0.320199           0.499924            0                   0.00870251          
SPHEROCYLINDER(1)  7.97002             2.66762             2.68434             0.00526797          -0.443748           -0.230347           0.0101457           0.230407            -0.443632           0.499869            0                   0.0114319           
SPHEROCYLINDER(1)  7.97508             2.67325             5.32695             0.0085032           -0.39132            -0.311121           0.0106911           0.311237            -0.391174           0.499813            0                   0.0136603           
SPHEROCYLINDER(1)  7.96728             2.6849              7.97881             0.00783519          -0.302286           -0.398198           0.0059468           0.398276            -0.302227           0.499903            0                   0.00983639          
SPHEROCYLINDER(1)  7.96009             2.67247             10.6404             0.0124569           -0.163346           -0.472401           0.00430582          0.472565            -0.163289           0.499826            0                   0.0131801           
SPHEROCYLINDER(1)  7.98296             5.32914             0.0127665           0.00668878          -0.433597           -0.248896           0.0116482           0.248986            -0.43344            0.49982             0                   0.013432            
SPHEROCYLINDER(1)  7.97674             5.32999             2.66881             0.0148603           -0.186658           -0.463614           0.00597991          0.463852            -0.186562           0.499743            0                   0.0160183           
SPHEROCYLINDER(1)  7.96725             5.31987             5.33115             0.0120846           -0.163667           -0.4723             0.00418635          0.472454            -0.163614           0.499836            0                   0.0127892           
SPHEROCYLINDER(1)  7.96391             5.31792             7.97785             0.00722491          -0.392926           -0.309123           0.00918109          0.309207            -0.392819           0.499863            0                   0.011683            
SPHEROCYLINDER(1)  7.96806             5.33315             10.6337             0.0124929           -0.117654           -0.4858             0.00302461          0.48596             -0.117615           0.499835            0                   0.0128539           
SPHEROCYLINDER(1)  7.97815             7.98284             0.0220878           0.0130537           -0.347505           -0.359263           0.0126182           0.3595              -0.347276           0.49967             0                   0.0181554           
SPHEROCYLINDER(1)  7.98217             7.98173             2.66415             0.016581            -0.27213            -0.41913            0.0107572           0.419458            -0.271917           0.499609            0                   0.0197647           
SPHEROCYLINDER(1)  7.99051             7.97094             5.31576             0.00551365          -0.424902           -0.263491           0.0088893           0.263549            -0.424809           0.499891            0                   0.0104604           
SPHEROCYLINDER(1)  7.97158             7.96833             7.98721             0.00922377          -0.269823           -0.420845           0.00591236          0.420946            -0.269758           0.49988             0                   0.010956            
SPHEROCYLINDER(1)  7.97764             7.96294             10.6331             0.00928062          -0.430368           -0.254356           0.0156923           0.254526            -0.430082           0.499668            0                   0.0182312           
SPHEROCYLINDER(1)  7.97433             10.6349             0.0245129           0.00551851          -0.4268             -0.260406           0.00904271          0.260464            -0.426704           0.499888            0                   0.0105936           
SPHEROCYLINDER(1)  7.97291             10.6298             2.68819             0.0122419           -0.378162           -0.32687            0.0141529           0.327099            -0.377897           0.49965             0                   0.0187128           
SPHEROCYLINDER(1)  7.96875             10.6235             5.31444             0.0108593           -0.372783           -0.333038           0.0121488           0.333215            -0.372585           0.499734            0                   0.0162948           
SPHEROCYLINDER(1)  7.97362             10.6242             7.98042             0.000871067         -0.49042            -0.0974041          0.00438556          0.097408            -0.4904             0.49998             0                   0.00447123          
SPHEROCYLINDER(1)  7.97302             10.6246             10.6376             0.010611            -0.351494           -0.355443           0.0104885           0.355601            -0.351337           0.499777            0                   0.0149198           
SPHEROCYLINDER(1)  10.6323             0.0176422           0.031732            0.00372647          -0.47975            -0.140804           0.0126925           0.140853            -0.479582           0.499825            0                   0.0132282           
SPHEROCYLINDER(1)  10.6219             0.0117878           2.66214             0.0114431           -0.416109           -0.276989           0.0171759           0.277225            -0.415754           0.499574            0                   0.0206387           
SPHEROCYLINDER(1)  10.6321             0.0255284           5.32573             0.00637336          -0.303939           -0.396964           0.00487919          0.397015            -0.3039             0.499936            0                   0.0080266           
SPHEROCYLINDER(1)  10.6308             0.0235639           7.98149             0.00986039          -0.396051           -0.305035           0.0127958           0.305195            -0.395844           0.499739            0                   0.0161543           
SPHEROCYLINDER(1)  10.6209             0.028394            10.611              0.00858746          -0.376657           -0.328718           0.00983645          0.328831            -0.376528           0.499829            0                   0.0130576           
SPHEROCYLINDER(1)  10.6345             2.66878             0.0033191           0.00741177          -0.33895            -0.367502           0.00683455          0.367577            -0.338881           0.499898            0                   0.0100819           
SPHEROCYLINDER(1)  10.627              2.66842             2.6757              0.00972095          -0.382315           -0.322089           0.0115334           0.322235            -0.382141           0.499772            0                   0.0150836           
SPHEROCYLINDER(1)  10.6321             2.67402             5.33682             0.00961875          -0.427196           -0.259637           0.0158154           0.259815            -0.426903           0.499657            0                   0.0185108           
SPHEROCYLINDER(1)  10.6258             2.67196             7.9756              0.00955542          -0.364795           -0.341809           0.010194            0.341942            -0.364653           0.499805            0                   0.0139723           
SPHEROCYLINDER(1)  10.6389             2.67219             10.6129             0.00762706          -0.458613           -0.199037           0.0175611           0.199183            -0.458277           0.499633            0                   0.0191459           
SPHEROCYLINDER(1)  10.6247             5.32137             0.0130192           0.0124885           -0.0958965          -0.490559           0.00244052          0.490718            -0.0958654          0.499838            0                   0.0127248           
SPHEROCYLINDER(1)  10.6176             5.34092             2.67944             0.00674191          -0.404125           -0.294342           0.00925407          0.294419            -0.404019           0.499869            0                   0.0114495           
SPHEROCYLINDER(1)  10.6384             5.3185              5.33066             0.00646951          -0.465143           -0.183303           0.0164066           0.183417            -0.464854           0.499689            0                   0.0176361           
SPHEROCYLINDER(1)  10.6258             5.31359             7.98118             0.00900212          -0.222326           -0.447761           0.00446891          0.447852            -0.222281           0.499899            0                   0.0100503           
SPHEROCYLINDER(1)  10.6238             5.31852             10.6181             0.0156915           -0.216655           -0.450349           0.00754434          0.450622            -0.216524           0.499697            0                   0.0174109           
SPHEROCYLINDER(1)  10.6123             7.97478             0.0141717           0.0100961           -0.315047           -0.388128           0.00819231          0.388259            -0.314941           0.499831            0                   0.0130017           
SPHEROCYLINDER(1)  10.6367             7.98097             2.67694             0.0123163           -0.112166           -0.487101           0.00283519          0.487256            -0.11213            0.49984             0                   0.0126384           
SPHEROCYLINDER(1)  10.627              7.9821              5.34058             0.00703527          -0.40955            -0.28674            0.0100454           0.286826            -0.409426           0.49985             0                   0.012264            
SPHEROCYLINDER(1)  10.6231             7.97132             7.96687             0.0114009           -0.309061           -0.392876           0.00896486          0.393041            -0.308931           0.49979             0                   0.0145034           
SPHEROCYLINDER(1)  10.6309             7.97511             10.6348             0.00955039          -0.408348           -0.288375           0.0135162           0.288534            -0.408125           0.499726            0                   0.0165499           
SPHEROCYLINDER(1)  10.6207             10.6205             0.0371552           0.00536477          -0.419008           -0.272769           0.00823937          0.272822            -0.418927           0.499903            0                   0.00983199          
SPHEROCYLINDER(1)  10.6223             10.6232             2.66411             0.00797157          -0.377143           -0.328176           0.0091583           0.328273            -0.377032           0.499853            0                   0.0121417           
SPHEROCYLINDER(1)  10.6318             10.6307             5.32961             0.0137477           -0.281391           -0.413074           0.0093599           0.413303            -0.281235           0.499723            0                   0.0166315           
SPHEROCYLINDER(1)  10.6353             10.6311             7.97235             0.00883845          -0.303311           -0.397397           0.00674424          0.397495            -0.303236           0.499876            0                   0.0111177           
SPHEROCYLINDER(1)  10.6262             10.6194             10.616              0.0156762           -0.161108           -0.473073           0.00533572          0.473333            -0.16102            0.499726            0                   0.0165594           
SPHEROCYLINDER(1)  1.3484              1.33784             0.0194638           0.0102051           -0.277998           -0.415467           0.0068264           0.415592            -0.277914           0.499849            0                   0.0122778           
SPHEROCYLINDER(1)  1.35173             1.34601             2.67269             0.0103901           -0.341225           -0.365318           0.00970099          0.365466            -0.341087           0.499798            0                   0.0142149           
SPHEROCYLINDER(1)  1.33847             1.35927             5.31745             0.0177208           -0.279365           -0.414296           0.0119385           0.414675            -0.27911            0.499543            0                   0.0213671           
SPHEROCYLINDER(1)  1.33368             1.34756             7.97278             0.0161474           -0.325324           -0.379347           0.0138353           0.37969             -0.325029           0.499548            0                   0.0212639           
SPHEROCYLINDER(1)  1.34086             1.3344              10.6291             0.0017037           -0.497091           -0.0538279          0.0157255           0.0538548           -0.496842           0.49975             0                   0.0158176           
SPHEROCYLINDER(1)  1.34086             3.98286             0.0237932           0.00994142          -0.266675           -0.42283            0.00626823          0.422947            -0.266602           0.499862            0                   0.0117526           
SPHEROCYLINDER(1)  1.35187             4.00824             2.67694             0.0036205           -0.466348           -0.180294           0.00936288          0.180331            -0.466254           0.499899            0                   0.0100385           
SPHEROCYLINDER(1)  1.34787             3.99318             5.32519             0.0120194           -0.277443           -0.41579            0.00801678          0.415963            -0.277327           0.499791            0                   0.0144476           
SPHEROCYLINDER(1)  1.34769             4.01583             7.96911             0.00980098          -0.314414           -0.388649           0.0079264           0.388772            -0.314314           0.499841            0                   0.012605            
SPHEROCYLINDER(1)  1.35283             3.99328             10.6201             0.0137496           -0.0835701          -0.492775           0.00233089          0.492967            -0.0835376          0.499805            0                   0.0139457           
SPHEROCYLINDER(1)  1.35028             6.65205             0.0226403           0.0108111           -0.341526           -0.365025           0.0101107           0.365185            -0.341376           0.499781            0                   0.0148023           
SPHEROCYLINDER(1)  1.33706             6.66509             2.67521             0.0104798           -0.276202           -0.416657           0.00694488          0.416789            -0.276114           0.499842            0                   0.0125721           
SPHEROCYLINDER(1)  1.34535             6.65347             5.32277             0.00948009          -0.204179           -0.456313           0.00424098          0.456411            -0.204134           0.499892            0                   0.0103855           
SPHEROCYLINDER(1)  1.34884             6.65104             7.96221             0.0141299           -0.320278           -0.383696           0.0117865           0.383956            -0.320061           0.499661            0                   0.0184004           
SPHEROCYLINDER(1)  1.34651             6.66091             10.6255             0.0104307           -0.239047           -0.439031           0.00567779          0.439154            -0.238979           0.499859            0                   0.0118759           
SPHEROCYLINDER(1)  1.32807             9.28233             0.0135024           0.0131683           -0.327677           -0.377431           0.0114254           0.377661            -0.327478           0.499696            0                   0.017434            
SPHEROCYLINDER(1)  1.33922             9.30468             2.65792             0.00833205          -0.299661           -0.400167           0.00623801          0.400254            -0.299596           0.499892            0                   0.0104084           
SPHEROCYLINDER(1)  1.32747             9.29371             5.33297             0.0112592           -0.376434           -0.328893           0.0128792           0.329086            -0.376214           0.499707            0                   0.0171069           
SPHEROCYLINDER(1)  1.34369             9.28742             7.98063             0.0159716           -0.236927           -0.440012           0.00859435          0.440301            -0.236772           0.499671            0                   0.0181371           
SPHEROCYLINDER(1)  1.34171             9.2968              10.6411             0.011418            -0.323605           -0.380985           0.00969396          0.381156            -0.323459           0.499776            0                   0.0149781           
SPHEROCYLINDER(1)  4.00496             1.33097             0.0184418           0.00928935          -0.269932           -0.420773           0.00595781          0.420876            -0.269867           0.499878            0                   0.0110357           
SPHEROCYLINDER(1)  3.99503             1.35856             2.6732              0.00822599          -0.282608           -0.412389           0.00563611          0.412471            -0.282552           0.499901            0                   0.00997159          
SPHEROCYLINDER(1)  3.98041             1.33816             5.30977             0.0127248           -0.407963           -0.288798           0.0179579           0.289079            -0.407567           0.499515            0                   0.0220093           
SPHEROCYLINDER(1)  4.00017             1.35674             7.96903             0.0158526           -0.11187            -0.487067           0.00363912          0.487324            -0.111811           0.499735            0                   0.016265            
SPHEROCYLINDER(1)  4.01298             1.35605             10.6233             0.0122831           -0.318647           -0.385115           0.0101579           0.385311            -0.318485           0.499746            0                   0.0159392           
SPHEROCYLINDER(1)  3.99862             3.99626             0.0230588           0.0113375           -0.340439           -0.366023           0.01054             0.366199            -0.340276           0.49976             0                   0.01548             
SPHEROCYLINDER(1)  3.99657             3.99505             2.67226             0.00716586          -0.407014           -0.290324           0.010043            0.290412            -0.40689            0.499848            0                   0.0123374           
SPHEROCYLINDER(1)  3.99058             3.99871             5.3109              0.0098756           -0.355709           -0.351246           0.00999711          0.351385            -0.355568           0.499802            0                   0.0140524           
SPHEROCYLINDER(1)  3.98317             4.00441             7.98283             0.00696578          -0.387134           -0.316352           0.00852228          0.316428            -0.387041           0.499879            0                   0.0110069           
SPHEROCYLINDER(1)  3.98751             3.99286             10.6377             0.0137195           -0.31735            -0.386136           0.0112685           0.386379            -0.31715            0.499685            0                   0.017754            
SPHEROCYLINDER(1)  4.00153             6.63795             0.0242698           0.0139823           -0.329136           -0.37613            0.0122269           0.37639             -0.328909           0.499655            0                   0.0185742           
SPHEROCYLINDER(1)  3.99611             6.66143             2.67112             0.011648            -0.297167           -0.401941           0.00860814          0.402109            -0.297042           0.49979             0                   0.0144837           
SPHEROCYLINDER(1)  4.01008             6.64299             5.33347             0.00211375          -0.393017           -0.309085           0.00268768          0.309092            -0.393008           0.499988            0                   0.00341929          
SPHEROCYLINDER(1)  3.9899              6.65615             7.98596             0.00315179          -0.487594           -0.110644           0.013884            0.110689            -0.487396           0.499797            0                   0.0142372           
SPHEROCYLINDER(1)  4.00013             6.63682             10.6304             0.00451382          -0.362479           -0.344366           0.00475083          0.344396            -0.362448           0.499957            0                   0.00655325          
SPHEROCYLINDER(1)  4.00703             9.30583             0.0096724           0.00199601          -0.493704           -0.0790723          0.0124585           0.0790975           -0.493547           0.499841            0                   0.0126174           
SPHEROCYLINDER(1)  3.98593             9.30256             2.67668             0.0116531           -0.379783           -0.325007           0.0136083           0.325216            -0.379539           0.499679            0                   0.0179159           
SPHEROCYLINDER(1)  4.00817             9.29897             5.31783             0.00828718          -0.414538           -0.279445           0.0122881           0.279568            -0.414356           0.49978             0                   0.0148214           
SPHEROCYLINDER(1)  4.00295             9.31015             7.98731             0.0162644           -0.198111           -0.458789           0.00701876          0.459077            -0.197987           0.499686            0                   0.0177142           
SPHEROCYLINDER(1)  3.99202             9.2949              10.635              0.00814563          -0.427016           -0.259983           0.0133724           0.260111            -0.426806           0.499755            0                   0.015658            
SPHEROCYLINDER(1)  6.65605             1.33475             0.00780568          0.0108275           -0.244892           -0.435787           0.00608265          0.435922            -0.244816           0.499846            0                   0.0124191           
SPHEROCYLINDER(1)  6.6545              1.34515             2.66366             0.00277155          -0.494326           -0.0750595          0.0182404           0.0751107           -0.49399            0.499659            0                   0.0184498           
SPHEROCYLINDER(1)  6.64527             1.34203             5.33522             0.0103619           -0.432301           -0.251015           0.0178301           0.251229            -0.431933           0.499575            0                   0.0206224           
SPHEROCYLINDER(1)  6.6535              1.36226             7.97403             0.00998546          -0.260794           -0.426482           0.00610443          0.426599            -0.260722           0.499863            0                   0.0117036           
SPHEROCYLINDER(1)  6.6466              1.34451             10.6257             0.0106545           -0.400858           -0.298663           0.0142911           0.298853            -0.400603           0.499682            0                   0.0178256           
SPHEROCYLINDER(1)  6.64791             3.98967             0.00672834          0.00648777          -0.307665           -0.394082           0.00506439          0.394135            -0.307623           0.499932            0                   0.00823038          
SPHEROCYLINDER(1)  6.6523              4.00247             2.67888             0.0137703           -0.264941           -0.423812           0.0086038           0.424036            -0.264801           0.499736            0                   0.0162372           
SPHEROCYLINDER(1)  6.65302             3.99545             5.32102             0.00335913          -0.473491           -0.160607           0.00990099          0.160642            -0.473388           0.499891            0                   0.0104553           
SPHEROCYLINDER(1)  6.65284             3.9951              7.98348             0.00229707          -0.479829           -0.140565           0.0078402           0.140583            -0.479765           0.499933            0                   0.00816978          
SPHEROCYLINDER(1)  6.64407             4.0023              10.6344             0.0164531           -0.345647           -0.360912           0.0157409           0.361287            -0.345288           0.499481            0                   0.0227702           
SPHEROCYLINDER(1)  6.65501             6.64779             0.0329527           0.00352267          -0.454222           -0.208974           0.00765575          0.209003            -0.454157           0.499929            0                   0.00842732          
SPHEROCYLINDER(1)  6.65608             6.65065             2.66899             0.0147303           -0.286268           -0.409675           0.0102864           0.40994             -0.286083           0.499677            0                   0.0179664           
SPHEROCYLINDER(1)  6.6453              6.64584             5.31723             0.0096912           -0.29507            -0.403534           0.00708431          0.40365             -0.294985           0.499856            0                   0.0120044           
SPHEROCYLINDER(1)  6.66363             6.64421             7.96819             0.0108415           -0.400996           -0.298471           0.014556            0.298668            -0.400731           0.49967             0                   0.0181498           
SPHEROCYLINDER(1)  6.63964             6.66099             10.6241             0.00989467          -0.278486           -0.415148           0.00663558          0.415266            -0.278407           0.499858            0                   0.0119137           
SPHEROCYLINDER(1)  6.63891             9.30356             0.0173851           0.0134489           -0.238132           -0.439445           0.00728446          0.439651            -0.238021           0.499766            0                   0.015295            
SPHEROCYLINDER(1)  6.64671             9.30474             2.66397             0.00174409          -0.483504           -0.12736            0.00662058          0.127372            -0.483459           0.499953            0                   0.00684645          
SPHEROCYLINDER(1)  6.65924             9.30385             5.32789             0.0144093           -0.252764           -0.431165           0.0084425           0.431405            -0.252623           0.499721            0                   0.0167004           
SPHEROCYLINDER(1)  6.64907             9.30218             7.97153             0.00614904          -0.392785           -0.309326           0.00780657          0.309387            -0.392707           0.499901            0                   0.00993746          
SPHEROCYLINDER(1)  6.64815             9.30001             10.6094             0.013398            -0.288071           -0.408455           0.00944412          0.408675            -0.287916           0.499731            0                   0.016392            
SPHEROCYLINDER(1)  9.29181             1.35313             0.00559263          0.00449226          -0.342525           -0.36422            0.00422435          0.364248            -0.342499           0.499962            0                   0.00616648          
SPHEROCYLINDER(1)  9.30285             1.34411             2.65691             0.0134829           -0.317704           -0.385853           0.0110947           0.386089            -0.31751            0.499695            0                   0.0174608           
SPHEROCYLINDER(1)  9.29176             1.33708             5.31668             0.0134239           -0.246377           -0.434877           0.00760158          0.435085            -0.246259           0.499762            0                   0.0154267           
SPHEROCYLINDER(1)  9.29508             1.34379             7.97468             0.0141605           -0.294347           -0.40393            0.0103126           0.404178            -0.294167           0.499693            0                   0.0175177           
SPHEROCYLINDER(1)  9.29595             1.34148             10.6253             0.00871515          -0.399939           -0.299955           0.0116153           0.300082            -0.39977            0.499789            0                   0.0145213           
SPHEROCYLINDER(1)  9.31317             4.00476             0.0354672           0.0111525           -0.309657           -0.392413           0.00879702          0.392572            -0.309532           0.499798            0                   0.0142044           
SPHEROCYLINDER(1)  9.30028             4.00109             2.67657             0.00846147          -0.4169             -0.275904           0.0127796           0.276033            -0.416704           0.499765            0                   0.0153269           
SPHEROCYLINDER(1)  9.31464             4.00879             5.3344              0.00991767          -0.330601           -0.374973           0.008741            0.375104            -0.330485           0.499825            0                   0.0132199           
SPHEROCYLINDER(1)  9.30309             3.99946             7.9653              0.00826573          -0.4172             -0.275456           0.0125135           0.275579            -0.417012           0.499775            0                   0.014997            
SPHEROCYLINDER(1)  9.28625             3.99633             10.6143             0.0130837           -0.396218           -0.304696           0.016998            0.304977            -0.395854           0.49954             0                   0.0214502           
SPHEROCYLINDER(1)  9.29841             6.64806             0.0149145           0.0100543           -0.350759           -0.356184           0.00989721          0.356326            -0.350619           0.499801            0                   0.0141083           
SPHEROCYLINDER(1)  9.31851             6.6571              2.67016             0.0114345           -0.261583           -0.425962           0.00701942          0.426115            -0.261489           0.49982             0                   0.0134172           
SPHEROCYLINDER(1)  9.29317             6.64478             5.33717             0.0125728           -0.398067           -0.302299           0.0165415           0.30256             -0.397723           0.499568            0                   0.0207773           
SPHEROCYLINDER(1)  9.30938             6.65177             7.97676             0.015095            -0.301954           -0.398241           0.0114371           0.398527            -0.301737           0.499641            0                   0.0189385           
SPHEROCYLINDER(1)  9.29826             6.63324             10.6352             0.0040044           -0.469775           -0.17116            0.0109877           0.171207            -0.469646           0.499863            0                   0.0116946           
SPHEROCYLINDER(1)  9.29838             9.29683             0.0179814           0.00304793          -0.47501            -0.156066           0.00927504          0.156096            -0.474919           0.499905            0                   0.009763            
SPHEROCYLINDER(1)  9.30921             9.29623             2.68836             0.0106303           -0.184698           -0.464514           0.00422567          0.464636            -0.18465            0.499869            0                   0.0114394           
SPHEROCYLINDER(1)  9.31872             9.30066             5.30807             0.00942573          -0.168689           -0.47059            0.00337809          0.470685            -0.168655           0.4999              0                   0.0100128           
SPHEROCYLINDER(1)  9.28689             9.3126              7.96963             0.00634051          -0.44487            -0.228145           0.0123589           0.228233            -0.444699           0.499807            0                   0.0138904           
SPHEROCYLINDER(1)  9.28227             9.30635             10.634              0.00410886          -0.482796           -0.129967           0.0152558           0.130032            -0.482555           0.49975             0                   0.0157995           
SPHEROCYLINDER(1)  1.34965             0.0171009           1.34115             0.00349117          -0.335167           -0.371013           0.00315372          0.37103             -0.335152           0.499978            0                   0.0047047           
SPHEROCYLINDER(1)  1.3449              0.0251158           4.00937             0.0126373           -0.233609           -0.44189            0.0066781           0.442071            -0.233514           0.499796            0                   0.0142933           
SPHEROCYLINDER(1)  1.36344             0.00953197          6.65021             0.00467654          -0.425415           -0.26268            0.00757256          0.262721            -0.425347           0.499921            0                   0.00890021          
SPHEROCYLINDER(1)  1.35117             0.0301843           9.29227             0.0121697           -0.313262           -0.389511           0.00978262          0.389701            -0.313109           0.499756            0                   0.0156141           
SPHEROCYLINDER(1)  1.35626             2.66644             1.34136             0.00674879          -0.295217           -0.403487           0.00493715          0.403543            -0.295175           0.49993             0                   0.00836191          
SPHEROCYLINDER(1)  1.35142             2.66784             3.98044             0.0013505           -0.49768            -0.0480893          0.0139709           0.0481082           -0.497484           0.499803            0                   0.0140361           
SPHEROCYLINDER(1)  1.34339             2.67874             6.64139             0.0148132           -0.357733           -0.349009           0.0151698           0.349323            -0.357412           0.49955             0                   0.0212026           
SPHEROCYLINDER(1)  1.35659             2.67482             9.29145             0.0154268           -0.259498           -0.42711            0.00936671          0.427388            -0.259329           0.499674            0                   0.0180477           
SPHEROCYLINDER(1)  1.35499             5.31463             1.34893             0.0166468           -0.333841           -0.371851           0.0149302           0.372224            -0.333507           0.4995              0                   0.0223612           
SPHEROCYLINDER(1)  1.35599             5.3364              4.00538             0.0145031           -0.177025           -0.467388           0.00549046          0.467613            -0.17694            0.499759            0                   0.0155075           
SPHEROCYLINDER(1)  1.34656             5.30712             6.6589              0.0129185           -0.353302           -0.353569           0.0129002           0.353805            -0.353066           0.499667            0                   0.0182566           
SPHEROCYLINDER(1)  1.3457              5.32206             9.30095             0.0128801           -0.29502            -0.403481           0.00941296          0.403687            -0.29487            0.499745            0                   0.0159531           
SPHEROCYLINDER(1)  1.35863             7.96284             1.32859             0.0184837           -0.257341           -0.428292           0.0110957           0.428691            -0.257102           0.499535            0                   0.0215583           
SPHEROCYLINDER(1)  1.34079             7.96755             3.99547             0.00972363          -0.400701           -0.298905           0.0130283           0.299063            -0.400489           0.499736            0                   0.0162568           
SPHEROCYLINDER(1)  1.34309             7.98914             6.63636             0.00981047          -0.11941            -0.485433           0.00241275          0.485532            -0.119386           0.499898            0                   0.0101028           
SPHEROCYLINDER(1)  1.35643             7.99078             9.30958             0.0025819           -0.451374           -0.215069           0.00541833          0.215085            -0.451341           0.499964            0                   0.00600204          
SPHEROCYLINDER(1)  1.33582             10.6287             1.33179             0.011329            -0.305592           -0.395582           0.00874818          0.395744            -0.305467           0.499795            0                   0.0143135           
SPHEROCYLINDER(1)  1.351               10.6355             3.99917             0.0181888           -0.239618           -0.438466           0.00993153          0.438843            -0.239412           0.49957             0                   0.0207236           
SPHEROCYLINDER(1)  1.33787             10.6155             6.66065             0.013452            -0.357237           -0.349573           0.0137368           0.349831            -0.356972           0.49963             0                   0.0192264           
SPHEROCYLINDER(1)  1.34119             10.6291             9.3017              0.00864363          -0.37352            -0.332278           0.00971318          0.33239             -0.373393           0.499831            0                   0.0130022           
SPHEROCYLINDER(1)  4.00521             0.0253873           1.34872             0.00882475          -0.39838            -0.302019           0.0116354           0.302148            -0.39821            0.499787            0                   0.0146034           
SPHEROCYLINDER(1)  3.98753             0.0189707           4.00537             0.0175507           -0.291355           -0.405961           0.0125842           0.40634             -0.291083           0.499533            0                   0.0215961           
SPHEROCYLINDER(1)  4.00339             0.0114705           6.65185             0.00827911          -0.35663            -0.350352           0.00842511          0.35045             -0.35653            0.49986             0                   0.0118121           
SPHEROCYLINDER(1)  4.00384             0.0206518           9.30278             0.00283558          -0.488911           -0.104678           0.013239            0.104717            -0.488732           0.499817            0                   0.0135393           
SPHEROCYLINDER(1)  3.99446             2.67963             1.3439              0.0125999           -0.266979           -0.422568           0.00795709          0.422755            -0.26686            0.499778            0                   0.0149021           
SPHEROCYLINDER(1)  3.9926              2.65835             3.99191             0.00611759          -0.457033           -0.20269            0.0137879           0.202783            -0.456825           0.499772            0                   0.0150841           
SPHEROCYLINDER(1)  4.00407             2.66898             6.64826             0.0175873           -0.148369           -0.477155           0.00546496          0.477479            -0.148269           0.499661            0                   0.0184168           
SPHEROCYLINDER(1)  3.99082             2.6722              9.29612             0.0168272           -0.221445           -0.447972           0.0083123           0.448288            -0.221289           0.499648            0                   0.0187683           
SPHEROCYLINDER(1)  3.99477             5.32487             1.34375             0.00952586          -0.294071           -0.404267           0.00692735          0.404379            -0.293989           0.499861            0                   0.0117784           
SPHEROCYLINDER(1)  3.99803             5.31112             4.00598             0.00272573          -0.488691           -0.105705           0.0125972           0.105741            -0.488529           0.499834            0                   0.0128887           
SPHEROCYLINDER(1)  3.99106             5.32287             6.64023             0.010824            -0.297605           -0.401639           0.00801747          0.401785            -0.297497           0.499819            0                   0.01347             
SPHEROCYLINDER(1)  4.00533             5.32453             9.30234             0.00869991          -0.434822           -0.246686           0.0153254           0.246839            -0.434552           0.499689            0                   0.0176226           
SPHEROCYLINDER(1)  3.99154             7.98736             1.34918             0.016509            -0.24755            -0.434104           0.00940758          0.434418            -0.247372           0.499639            0                   0.0190013           
SPHEROCYLINDER(1)  4.00783             7.96757             4.00927             0.0180214           -0.234563           -0.441198           0.00957307          0.441566            -0.234367           0.499583            0                   0.0204062           
SPHEROCYLINDER(1)  3.98008             7.96889             6.65511             0.00876872          -0.0411248          -0.498229           0.000723676         0.498306            -0.0411184          0.499923            0                   0.00879853          
SPHEROCYLINDER(1)  4.0042              7.97402             9.30141             0.0101253           -0.371577           -0.334407           0.0112456           0.33456             -0.371407           0.499771            0                   0.0151323           
SPHEROCYLINDER(1)  3.98947             10.6355             1.32849             0.00658387          -0.468977           -0.173254           0.0178089           0.173379            -0.468639           0.499639            0                   0.0189869           
SPHEROCYLINDER(1)  4.00228             10.6122             3.99902             0.0145038           -0.280793           -0.413455           0.009844            0.413709            -0.28062            0.499693            0                   0.0175289           
SPHEROCYLINDER(1)  3.98929             10.6215             6.65876             0.00689071          -0.136659           -0.480912           0.00195791          0.480962            -0.136645           0.499949            0                   0.00716347          
SPHEROCYLINDER(1)  4.00254             10.6353             9.30463             0.0088782           -0.439561           -0.238133           0.0163765           0.238299            -0.439256           0.499653            0                   0.0186283           
SPHEROCYLINDER(1)  6.65796             0.018914            1.34128             0.0155604           -0.164326           -0.471969           0.00541473          0.472226            -0.164236           0.499728            0                   0.0164756           
SPHEROCYLINDER(1)  6.64182             0.0274265           4.00572             0.0140319           -0.388475           -0.314468           0.0173169           0.314781            -0.388089           0.499503            0                   0.0222883           
SPHEROCYLINDER(1)  6.65257             0.0106622           6.64875             0.0116808           -0.256969           -0.428754           0.00699815          0.428913            -0.256874           0.499815            0                   0.0136167           
SPHEROCYLINDER(1)  6.63928             0.0276244           9.30121             0.0089605           -0.369501           -0.336732           0.00982901          0.336852            -0.36937            0.499823            0                   0.0133004           
SPHEROCYLINDER(1)  6.65204             2.66963             1.34712             0.0113071           -0.302046           -0.398297           0.00857123          0.398458            -0.301924           0.499799            0                   0.0141886           
SPHEROCYLINDER(1)  6.65874             2.66309             3.98957             0.0171826           -0.250538           -0.432361           0.00994887          0.432702            -0.25034            0.499606            0                   0.0198551           
SPHEROCYLINDER(1)  6.64694             2.67804             6.65288             0.0137021           -0.174369           -0.46841            0.0050985           0.46861             -0.174294           0.499786            0                   0.0146199           
SPHEROCYLINDER(1)  6.64591             2.67731             9.29776             0.00647255          -0.347937           -0.359023           0.00627166          0.359082            -0.347881           0.499919            0                   0.00901264          
SPHEROCYLINDER(1)  6.64171             5.31591             1.36243             0.0167952           -0.356622           -0.350056           0.0170906           0.350458            -0.356212           0.499426            0                   0.0239617           
SPHEROCYLINDER(1)  6.65834             5.33977             4.01309             0.0115557           -0.316977           -0.386512           0.00947254          0.386685            -0.316836           0.499777            0                   0.014942            
SPHEROCYLINDER(1)  6.65446             5.32254             6.64427             0.01546             -0.114973           -0.486356           0.00365285          0.486602            -0.114915           0.499748            0                   0.0158857           
SPHEROCYLINDER(1)  6.64598             5.33057             9.30875             0.0100247           -0.414267           -0.279789           0.0148335           0.279969            -0.414002           0.499679            0                   0.0179033           
SPHEROCYLINDER(1)  6.65038             7.96459             1.33825             0.00740114          -0.429072           -0.256598           0.0123707           0.256704            -0.428894           0.499792            0                   0.0144157           
SPHEROCYLINDER(1)  6.65929             7.96941             4.00759             0.0151819           -0.263785           -0.424485           0.00942834          0.424756            -0.263616           0.499681            0                   0.0178713           
SPHEROCYLINDER(1)  6.65641             7.97035             6.66233             0.01085             -0.239002           -0.439045           0.00590458          0.439179            -0.238929           0.499847            0                   0.0123526           
SPHEROCYLINDER(1)  6.65475             7.9782              9.29661             0.0112392           -0.347378           -0.359447           0.0108565           0.359623            -0.347208           0.499756            0                   0.0156263           
SPHEROCYLINDER(1)  6.64585             10.6167             1.36458             0.00597501          -0.357997           -0.349003           0.00612809          0.349054            -0.357944           0.499927            0                   0.00855887          
SPHEROCYLINDER(1)  6.6379              10.6178             4.00759             0.0082264           -0.41457            -0.279399           0.012201            0.279521            -0.41439            0.499783            0                   0.0147152           
SPHEROCYLINDER(1)  6.66077             10.6464             6.64845             0.00721699          -0.275178           -0.417403           0.00475718          0.417465            -0.275137           0.499925            0                   0.00864382          
SPHEROCYLINDER(1)  6.64884             10.6254             9.29104             0.00566253          -0.406796           -0.290663           0.00792347          0.290718            -0.406719           0.499905            0                   0.00973887          
SPHEROCYLINDER(1)  9.30332             0.0161613           1.35428             0.0173476           -0.216268           -0.450474           0.00832223          0.450808            -0.216108           0.49963             0                   0.0192405           
SPHEROCYLINDER(1)  9.30694             0.026613            3.98702             0.00742053          -0.379459           -0.325508           0.00864819          0.325593            -0.379361           0.49987             0                   0.0113954           
SPHEROCYLINDER(1)  9.31166             0.0340161           6.66183             0.015697            -0.200532           -0.457756           0.00687245          0.458025            -0.200414           0.499706            0                   0.0171356           
SPHEROCYLINDER(1)  9.28808             0.0222272           9.30925             0.00949239          -0.415459           -0.278036           0.0141759           0.278198            -0.415217           0.499709            0                   0.0170605           
SPHEROCYLINDER(1)  9.3103              2.67006             1.3427              0.00347372          -0.471769           -0.165597           0.00989407          0.165634            -0.471665           0.49989             0                   0.0104861           
SPHEROCYLINDER(1)  9.29851             2.67407             3.99928             0.0154244           -0.195888           -0.459772           0.00656793          0.46003             -0.195777           0.499719            0                   0.0167645           
SPHEROCYLINDER(1)  9.3133              2.67605             6.63552             0.0085335           -0.376187           -0.329258           0.00974652          0.329368            -0.376061           0.499832            0                   0.0129544           
SPHEROCYLINDER(1)  9.3023              2.68228             9.30232             0.00829678          -0.343419           -0.363311           0.00784048          0.363405            -0.343329           0.49987             0                   0.0114153           
SPHEROCYLINDER(1)  9.30018             5.33237             1.35983             0.0122181           -0.396626           -0.304201           0.0159175           0.304446            -0.396307           0.499597            0                   0.0200661           
SPHEROCYLINDER(1)  9.30498             5.32353             4.0044              0.00730567          -0.429739           -0.255483           0.0122836           0.255587            -0.429563           0.499796            0                   0.0142919           
SPHEROCYLINDER(1)  9.30312             5.31606             6.64699             0.0103961           -0.364099           -0.342526           0.0110458           0.342684            -0.363931           0.49977             0                   0.0151687           
SPHEROCYLINDER(1)  9.30829             5.31761             9.30775             0.00452132          -0.482246           -0.131977           0.0165113           0.132054            -0.481964           0.499707            0                   0.0171192           
SPHEROCYLINDER(1)  9.30792             7.97713             1.35567             0.0130444           -0.334208           -0.371665           0.0117226           0.371894            -0.334003           0.499692            0                   0.0175378           
SPHEROCYLINDER(1)  9.28408             7.98088             3.99902             0.00533918          -0.471001           -0.167718           0.0149864           0.167803            -0.470763           0.499747            0                   0.015909            
SPHEROCYLINDER(1)  9.30476             7.96163             6.63936             0.0121066           -0.236927           -0.440135           0.00651457          0.440302            -0.236837           0.499811            0                   0.0137481           
SPHEROCYLINDER(1)  9.30844             7.97686             9.29646             0.0073565           -0.453326           -0.210811           0.0158097           0.21094             -0.45305            0.499696            0                   0.0174374           
SPHEROCYLINDER(1)  9.29844             10.6323             1.34651             0.00952815          -0.379156           -0.325806           0.0110836           0.325946            -0.378994           0.499786            0                   0.0146162           
SPHEROCYLINDER(1)  9.30805             10.6341             3.99685             0.014823            -0.34129            -0.365104           0.0138448           0.365405            -0.341009           0.499588            0                   0.020283            
SPHEROCYLINDER(1)  9.30201             10.6305             6.64815             0.00898112          -0.163724           -0.472349           0.00311244          0.472435            -0.163694           0.49991             0                   0.00950514          
SPHEROCYLINDER(1)  9.30384             10.6337             9.30201             0.00637642          -0.369431           -0.336868           0.00699153          0.336928            -0.369365           0.49991             0                   0.00946257          
SPHEROCYLINDER(1)  0.0289915           1.35084             1.33902             0.0108899           -0.347492           -0.359348           0.0105257           0.359513            -0.347332           0.499771            0                   0.0151453           
SPHEROCYLINDER(1)  0.0174682           1.34666             4.01184             0.00751339          -0.418172           -0.274              0.0114624           0.274103            -0.418015           0.499812            0                   0.0137054           
SPHEROCYLINDER(1)  0.0249566           1.35147             6.64561             0.0128625           -0.271931           -0.41939            0.00833607          0.419587            -0.271803           0.499765            0                   0.0153275           
SPHEROCYLINDER(1)  0.0122791           1.34869             9.29053             0.0126224           -0.289593           -0.407402           0.00896807          0.407597            -0.289455           0.49976             0                   0.0154839           
SPHEROCYLINDER(1)  0.0127643           3.99374             1.35706             0.0110155           -0.297985           -0.401352           0.00817537          0.401504            -0.297873           0.499812            0                   0.0137178           
SPHEROCYLINDER(1)  0.0237293           3.99954             3.99544             0.0122146           -0.290347           -0.406878           0.00871241          0.407061            -0.290216           0.499775            0                   0.0150034           
SPHEROCYLINDER(1)  0.017455            4.01189             6.64373             0.00838077          -0.435811           -0.244947           0.0149024           0.24509             -0.435556           0.499708            0                   0.0170973           
SPHEROCYLINDER(1)  0.029594            4.00064             9.30778             0.00583773          -0.406836           -0.290604           0.008171            0.290662            -0.406754           0.499899            0                   0.0100421           
SPHEROCYLINDER(1)  0.0277569           6.63919             1.34851             0.00420573          -0.196385           -0.459799           0.00179623          0.459819            -0.196376           0.499979            0                   0.00457325          
SPHEROCYLINDER(1)  0.024317            6.6421              3.99589             0.00674603          -0.459449           -0.197132           0.0157135           0.197248            -0.45918            0.499707            0                   0.0171004           
SPHEROCYLINDER(1)  0.0134593           6.65814             6.65202             0.016581            -0.25813            -0.427895           0.00999509          0.428216            -0.257936           0.499625            0                   0.0193606           
SPHEROCYLINDER(1)  0.0340547           6.63322             9.29836             0.0160703           -0.31652            -0.386725           0.0131416           0.387059            -0.316247           0.499569            0                   0.0207595           
SPHEROCYLINDER(1)  0.0147436           9.29927             1.3601              0.0155683           -0.331317           -0.374148           0.0137742           0.374472            -0.33103            0.499568            0                   0.020787            
SPHEROCYLINDER(1)  0.00979043          9.29896             3.99278             0.00799812          -0.422763           -0.266847           0.0126657           0.266967            -0.422573           0.499776            0                   0.0149796           
SPHEROCYLINDER(1)  0.0235018           9.29852             6.65117             0.0139792           -0.315761           -0.387427           0.011386            0.387679            -0.315556           0.499675            0                   0.0180294           
SPHEROCYLINDER(1)  0.0239676           9.31605             9.30254             0.00994908          -0.36003            -0.346813           0.010324            0.346956            -0.359882           0.499794            0                   0.0143377           
SPHEROCYLINDER(1)  2.67116             1.35493             1.33838             0.00882237          -0.437391           -0.242097           0.0159286           0.242258            -0.437101           0.499668            0                   0.0182086           
SPHEROCYLINDER(1)  2.67335             1.35055             3.98192             0.0112045           -0.399681           -0.300216           0.0149063           0.300425            -0.399403           0.499652            0                   0.0186477           
SPHEROCYLINDER(1)  2.68528             1.33609             6.64819             0.00938262          -0.331225           -0.374435           0.00829726          0.374553            -0.331121           0.499843            0                   0.0125251           
SPHEROCYLINDER(1)  2.66213             1.33463             9.31237             0.00351212          -0.169743           -0.470292           0.0012676           0.470306            -0.169738           0.499986            0                   0.00373387          
SPHEROCYLINDER(1)  2.68591             3.98964             1.34619             0.00288201          -0.485446           -0.119722           0.0116825           0.119757            -0.485306           0.499855            0                   0.0120327           
SPHEROCYLINDER(1)  2.6833              3.99291             3.99966             0.0134925           -0.391053           -0.31128            0.0169343           0.311573            -0.390686           0.499531            0                   0.0216522           
SPHEROCYLINDER(1)  2.67447             3.99355             6.63317             0.00670979          -0.364308           -0.342396           0.00713781          0.342462            -0.364238           0.499904            0                   0.00979641          
SPHEROCYLINDER(1)  2.66788             3.98783             9.31557             0.00955538          -0.392304           -0.309849           0.0120924           0.309996            -0.392117           0.499762            0                   0.0154121           
SPHEROCYLINDER(1)  2.66063             6.65127             1.33602             0.00869793          -0.367741           -0.338661           0.00944169          0.338773            -0.367619           0.499835            0                   0.0128374           
SPHEROCYLINDER(1)  2.67075             6.6522              4.00103             0.00299316          -0.476281           -0.152144           0.00936813          0.152174            -0.476188           0.499903            0                   0.00983467          
SPHEROCYLINDER(1)  2.67601             6.65644             6.65768             0.00958461          -0.382672           -0.321668           0.0113973           0.32181             -0.382503           0.499778            0                   0.0148917           
SPHEROCYLINDER(1)  2.662               6.64196             9.31081             0.0101059           -0.159571           -0.473746           0.00340317          0.473853            -0.159535           0.499886            0                   0.0106635           
SPHEROCYLINDER(1)  2.65917             9.30204             1.33899             0.00866242          -0.387699           -0.315618           0.0106367           0.315737            -0.387553           0.499812            0                   0.0137178           
SPHEROCYLINDER(1)  2.65575             9.312               3.99254             0.011524            -0.255699           -0.429518           0.00685796          0.429672            -0.255607           0.49982             0                   0.0134102           
SPHEROCYLINDER(1)  2.67872             9.30181             6.64191             0.0107541           -0.230355           -0.443645           0.00558224          0.443775            -0.230287           0.499853            0                   0.0121166           
SPHEROCYLINDER(1)  2.67384             9.3172              9.31701             0.0112401           -0.352102           -0.354821           0.0111484           0.354999            -0.351926           0.499749            0                   0.0158312           
SPHEROCYLINDER(1)  5.32551             1.34291             1.34621             0.00999269          -0.374586           -0.331037           0.0113021           0.331188            -0.374415           0.499772            0                   0.0150861           
SPHEROCYLINDER(1)  5.33038             1.3394              3.99455             0.00850479          -0.322735           -0.381799           0.00718732          0.381893            -0.322654           0.499876            0                   0.011135            
SPHEROCYLINDER(1)  5.3205              1.36121             6.64304             0.0130774           -0.327292           -0.377768           0.0113232           0.377995            -0.327096           0.499701            0                   0.0172984           
SPHEROCYLINDER(1)  5.32516             1.33075             9.30353             0.0121663           -0.353828           -0.353069           0.0121852           0.353279            -0.353618           0.499703            0                   0.0172191           
SPHEROCYLINDER(1)  5.3285              3.99296             1.3537              0.00371783          -0.486084           -0.117082           0.0154274           0.117141            -0.485839           0.499748            0                   0.0158691           
SPHEROCYLINDER(1)  5.32121             3.99686             3.98987             0.00734869          -0.396325           -0.30475            0.00955415          0.304838            -0.39621            0.499855            0                   0.0120534           
SPHEROCYLINDER(1)  5.32008             3.99667             6.65828             0.0120284           -0.246391           -0.43491            0.00681185          0.435076            -0.246297           0.499809            0                   0.0138233           
SPHEROCYLINDER(1)  5.33201             4.00383             9.29921             0.00736733          -0.39544            -0.305898           0.00952113          0.305986            -0.395325           0.499855            0                   0.0120387           
SPHEROCYLINDER(1)  5.33451             6.64682             1.33304             0.00818709          -0.311494           -0.39103            0.00652039          0.391116            -0.311426           0.49989             0                   0.0104663           
SPHEROCYLINDER(1)  5.32755             6.63355             3.99051             0.00829346          -0.454595           -0.208026           0.0181092           0.208191            -0.454234           0.499603            0                   0.0199179           
SPHEROCYLINDER(1)  5.31915             6.63388             6.65223             0.00585419          -0.384896           -0.319094           0.00706021          0.319148            -0.384831           0.499916            0                   0.00917159          
SPHEROCYLINDER(1)  5.31828             6.65418             9.31828             0.00782754          -0.15204            -0.476259           0.00249852          0.476323            -0.15202            0.499932            0                   0.00821662          
SPHEROCYLINDER(1)  5.3211              9.28302             1.34619             0.0106535           -0.356022           -0.350905           0.0108039           0.351067            -0.355858           0.49977             0                   0.015173            
SPHEROCYLINDER(1)  5.33447             9.30636             3.98875             0.0173667           -0.0808024          -0.493122           0.00284393          0.493428            -0.0807524          0.49969             0                   0.017598            
SPHEROCYLINDER(1)  5.31912             9.29072             6.63824             0.0110871           -0.173587           -0.468769           0.00410446          0.4689              -0.173538           0.49986             0                   0.0118225           
SPHEROCYLINDER(1)  5.31564             9.29708             9.29921             0.00816765          -0.274488           -0.417839           0.00536449          0.417919            -0.274436           0.499905            0                   0.00977181          
SPHEROCYLINDER(1)  7.96904             1.3491              1.33998             0.00887809          -0.379682           -0.325212           0.0103612           0.325334            -0.37954            0.499814            0                   0.0136446           
SPHEROCYLINDER(1)  7.96466             1.34584             3.99198             0.00824877          -0.386651           -0.316912           0.0100606           0.317019            -0.38652            0.499831            0                   0.0130099           
SPHEROCYLINDER(1)  7.97204             1.35118             6.64303             0.00335746          -0.483671           -0.126695           0.012813            0.126739            -0.483501           0.499825            0                   0.0132456           
SPHEROCYLINDER(1)  7.97375             1.35917             9.31178             0.0126536           -0.341363           -0.365118           0.0118232           0.365338            -0.341158           0.4997              0                   0.0173177           
SPHEROCYLINDER(1)  7.98524             3.99121             1.3467              0.0135276           -0.235064           -0.441091           0.00720569          0.441299            -0.234954           0.499765            0                   0.015327            
SPHEROCYLINDER(1)  7.97881             3.99549             4.00895             0.00705566          -0.418582           -0.273385           0.0107994           0.273476            -0.418443           0.499834            0                   0.0129              
SPHEROCYLINDER(1)  7.96127             4.00244             6.64443             0.0107408           -0.165209           -0.471795           0.00376015          0.471917            -0.165166           0.49987             0                   0.01138             
SPHEROCYLINDER(1)  7.96571             4.00082             9.30511             0.0152621           -0.255757           -0.429366           0.00908534          0.429637            -0.255596           0.499684            0                   0.0177616           
SPHEROCYLINDER(1)  7.96574             6.641               1.35349             0.0125368           -0.356689           -0.350165           0.0127622           0.35039             -0.356461           0.49968             0                   0.0178898           
SPHEROCYLINDER(1)  7.9635              6.65843             4.0083              0.0123997           -0.299475           -0.400202           0.00927438          0.400394            -0.299331           0.49976             0                   0.0154844           
SPHEROCYLINDER(1)  7.98856             6.64499             6.65208             0.00888283          -0.296957           -0.402166           0.00655744          0.402264            -0.296885           0.499878            0                   0.011041            
SPHEROCYLINDER(1)  7.98908             6.65245             9.30293             0.00853555          -0.34118            -0.365409           0.00796741          0.365508            -0.341087           0.499864            0                   0.0116763           
SPHEROCYLINDER(1)  7.97263             9.2945              1.34488             0.0125057           -0.24988            -0.432901           0.00721556          0.433082            -0.249776           0.499792            0                   0.014438            
SPHEROCYLINDER(1)  7.97648             9.30774             3.98666             0.0173757           -0.346421           -0.360125           0.0166951           0.360544            -0.346019           0.499419            0                   0.0240965           
SPHEROCYLINDER(1)  7.99102             9.30455             6.6467              0.00868574          -0.440099           -0.237144           0.0161085           0.237303            -0.439804           0.499665            0                   0.018301            
SPHEROCYLINDER(1)  7.98062             9.28744             9.29059             0.0051454           -0.431692           -0.252221           0.00880487          0.252273            -0.431603           0.499896            0                   0.0101981           
SPHEROCYLINDER(1)  10.6422             1.34628             1.35642             0.0128112           -0.368098           -0.338142           0.0139361           0.338384            -0.367834           0.499642            0                   0.0189299           
SPHEROCYLINDER(1)  10.6302             1.34369             3.99129             0.00541548          -0.451457           -0.214842           0.0113762           0.21491             -0.451314           0.499841            0                   0.0125994           
SPHEROCYLINDER(1)  10.6228             1.33753             6.65327             0.00870872          -0.384394           -0.319633           0.0104693           0.319752            -0.384251           0.499815            0                   0.0136179           
SPHEROCYLINDER(1)  10.6434             1.34652             9.30572             0.0153505           -0.190735           -0.461936           0.0063348           0.462191            -0.19063            0.499724            0                   0.0166063           
SPHEROCYLINDER(1)  10.6143             3.99469             1.34311             0.00952542          -0.383705           -0.320436           0.0114011           0.320578            -0.383536           0.499779            0                   0.0148566           
SPHEROCYLINDER(1)  10.6223             4.00702             4.00875             0.0139041           -0.290478           -0.40673            0.00992417          0.406968            -0.290308           0.499708            0                   0.0170825           
SPHEROCYLINDER(1)  10.6268             3.99282             6.64941             0.0108705           -0.412978           -0.281658           0.0159269           0.281867            -0.412671           0.499628            0                   0.019283            
SPHEROCYLINDER(1)  10.6205             4.01228             9.30197             0.0139515           -0.245344           -0.435444           0.00785669          0.435668            -0.245218           0.499744            0                   0.0160116           
SPHEROCYLINDER(1)  10.6262             6.65463             1.33879             0.0058463           -0.397892           -0.302734           0.00768253          0.30279             -0.397818           0.499907            0                   0.00965404          
SPHEROCYLINDER(1)  10.6259             6.6462              3.9823              0.00264579          -0.479887           -0.140361           0.00904417          0.140386            -0.479802           0.499911            0                   0.00942323          
SPHEROCYLINDER(1)  10.6336             6.64364             6.64298             0.0107743           -0.173129           -0.468946           0.00397667          0.46907             -0.173083           0.499868            0                   0.0114847           
SPHEROCYLINDER(1)  10.6225             6.65267             9.30234             0.0132513           -0.397612           -0.302868           0.01738             0.303158            -0.397232           0.499522            0                   0.0218554           
SPHEROCYLINDER(1)  10.6178             9.29209             1.35217             0.0112724           -0.170232           -0.469994           0.00408169          0.470129            -0.170183           0.499856            0                   0.0119886           
SPHEROCYLINDER(1)  10.6244             9.31203             4.00555             0.0137691           -0.312337           -0.3902             0.0110147           0.390443            -0.312143           0.499689            0                   0.0176327           
SPHEROCYLINDER(1)  10.6269             9.30294             6.65188             0.0141601           -0.19269            -0.461162           0.0059138           0.461379            -0.192599           0.499764            0                   0.0153454           
SPHEROCYLINDER(1)  10.6165             9.2942              9.30434             0.0170684           -0.203641           -0.456332           0.00761155          0.456651            -0.203499           0.499651            0                   0.0186886           
