365
0         13.2587   
0         13.2587   
0         13.2587   
SPHEROCYLINDER(1)  0.0812121           0.0802661           0.0978725           0.042075            -0.283104           -0.409978           0.0289024           0.412131            -0.281625           0.497388            0                   0.0510457           
SPHEROCYLINDER(1)  0.0942688           0.0693829           2.72882             0.0329282           -0.325377           -0.378213           0.0282213           0.379644            -0.324151           0.498116            0                   0.0433671           
SPHEROCYLINDER(1)  0.0594884           0.102768            5.38336             0.0337564           -0.413397           -0.27922            0.0496165           0.281253            -0.410408           0.496386            0                   0.0600108           
SPHEROCYLINDER(1)  0.0853041           0.0565554           8.00582             0.02977             -0.367543           -0.337677           0.0322778           0.338987            -0.366123           0.498068            0                   0.0439103           
SPHEROCYLINDER(1)  0.0840303           0.0524802           10.6529             0.0439298           -0.36561            -0.338229           0.0470906           0.34107             -0.362565           0.495835            0                   0.0643999           
SPHEROCYLINDER(1)  0.078941            2.7289              0.0636497           0.0395505           -0.333876           -0.370084           0.035479            0.372192            -0.331986           0.497169            0                   0.053132            
SPHEROCYLINDER(1)  0.0629404           2.70882             2.72794             0.0391478           -0.291518           -0.404332           0.0280936           0.406223            -0.290161           0.497673            0                   0.0481851           
SPHEROCYLINDER(1)  0.105082            2.71599             5.3861              0.037105            -0.327946           -0.375599           0.0322404           0.377428            -0.326357           0.497578            0                   0.0491551           
SPHEROCYLINDER(1)  0.0817487           2.73296             8.02746             0.0434044           -0.360957           -0.343259           0.0452817           0.345992            -0.358105           0.49605             0                   0.0627246           
SPHEROCYLINDER(1)  0.0811578           2.74515             10.6765             0.0392495           -0.255299           -0.428115           0.023308            0.42991             -0.254232           0.497912            0                   0.0456485           
SPHEROCYLINDER(1)  0.0773939           5.40419             0.10014             0.0343193           -0.402542           -0.294588           0.0465809           0.29658             -0.399838           0.496641            0                   0.0578584           
SPHEROCYLINDER(1)  0.0584221           5.40341             2.73053             0.0353397           -0.388855           -0.312318           0.0437212           0.314311            -0.38639            0.49683             0                   0.0562177           
SPHEROCYLINDER(1)  0.0852778           5.39237             5.39128             0.0418113           -0.387722           -0.312927           0.0513486           0.315708            -0.384307           0.495596            0                   0.0662183           
SPHEROCYLINDER(1)  0.0486174           5.36167             8.03229             0.0328661           -0.329442           -0.374684           0.0287871           0.376123            -0.328182           0.498087            0                   0.0436907           
SPHEROCYLINDER(1)  0.0817398           5.39165             10.6903             0.040193            -0.372566           -0.331028           0.0449067           0.333459            -0.369849           0.496355            0                   0.0602668           
SPHEROCYLINDER(1)  0.0620448           8.03012             0.105846            0.0337434           -0.378595           -0.32485            0.0391156           0.326598            -0.376569           0.497324            0                   0.0516589           
SPHEROCYLINDER(1)  0.0882672           8.05101             2.75585             0.0309501           -0.252473           -0.430464           0.0181059           0.431576            -0.251823           0.498713            0                   0.0358571           
SPHEROCYLINDER(1)  0.0443869           8.0643              5.38542             0.0474575           -0.267248           -0.419912           0.0300126           0.422586            -0.265557           0.496837            0                   0.0561513           
SPHEROCYLINDER(1)  0.0697908           8.03232             8.01829             0.0356851           -0.308331           -0.391993           0.0279533           0.393614            -0.307061           0.497941            0                   0.0453301           
SPHEROCYLINDER(1)  0.0555084           8.0355              10.7059             0.0484822           -0.358795           -0.344841           0.0499527           0.348233            -0.355301           0.49513             0                   0.0696118           
SPHEROCYLINDER(1)  0.0884906           10.6903             0.0475577           0.0277129           -0.434445           -0.245946           0.048645            0.247502            -0.431713           0.496856            0                   0.0559852           
SPHEROCYLINDER(1)  0.0806117           10.6955             2.7186              0.0439785           -0.32095            -0.380864           0.0368156           0.383394            -0.318831           0.4967              0                   0.0573541           
SPHEROCYLINDER(1)  0.0765283           10.6967             5.377               0.0414965           -0.283375           -0.40985            0.0285453           0.411945            -0.281933           0.497457            0                   0.0503666           
SPHEROCYLINDER(1)  0.0875249           10.6793             8.01881             0.0282765           -0.362875           -0.342815           0.0298298           0.343979            -0.361647           0.498308            0                   0.041102            
SPHEROCYLINDER(1)  0.12068             10.685              10.6439             0.0342601           -0.368726           -0.335958           0.0374077           0.3377              -0.366823           0.49742             0                   0.0507256           
SPHEROCYLINDER(1)  2.72311             0.0816383           0.0989491           0.0539325           -0.193253           -0.457979           0.0226017           0.461143            -0.191927           0.496569            0                   0.058477            
SPHEROCYLINDER(1)  2.72412             0.0513398           2.7473              0.0332767           -0.368136           -0.336702           0.0362069           0.338343            -0.366351           0.497576            0                   0.049176            
SPHEROCYLINDER(1)  2.71052             0.0847561           5.38465             0.026328            -0.432454           -0.249581           0.0453674           0.250966            -0.430067           0.497241            0                   0.0524535           
SPHEROCYLINDER(1)  2.72461             0.0810751           8.05765             0.0416471           -0.254034           -0.42864            0.0245666           0.430658            -0.252843           0.497657            0                   0.0483529           
SPHEROCYLINDER(1)  2.75634             0.0928052           10.6795             0.0483521           -0.322215           -0.379262           0.0407493           0.382332            -0.319628           0.495985            0                   0.0632332           
SPHEROCYLINDER(1)  2.74557             2.71684             0.0457037           0.0330805           -0.309152           -0.391575           0.0260247           0.392969            -0.308055           0.498225            0                   0.0420904           
SPHEROCYLINDER(1)  2.70823             2.71123             2.74347             0.0384423           -0.316129           -0.385467           0.0313716           0.387379            -0.314569           0.497532            0                   0.0496184           
SPHEROCYLINDER(1)  2.72533             2.77915             5.3792              0.0415039           -0.32261            -0.379737           0.0350514           0.381999            -0.3207             0.49704             0                   0.0543247           
SPHEROCYLINDER(1)  2.70161             2.75017             8.0344              0.0400071           -0.397335           -0.300872           0.0523728           0.303521            -0.393868           0.495637            0                   0.0659051           
SPHEROCYLINDER(1)  2.73086             2.73344             10.6975             0.0268606           -0.329986           -0.374684           0.0235957           0.375645            -0.329141           0.49872             0                   0.0357526           
SPHEROCYLINDER(1)  2.74616             5.4056              0.0691109           0.0360448           -0.356189           -0.349042           0.0365882           0.350898            -0.354304           0.497355            0                   0.0513607           
SPHEROCYLINDER(1)  2.73744             5.36362             2.72411             0.0311602           -0.35695            -0.348735           0.0317677           0.350124            -0.355533           0.498016            0                   0.0444988           
SPHEROCYLINDER(1)  2.73026             5.37722             5.37348             0.0355137           -0.367014           -0.337698           0.0383851           0.33956             -0.365001           0.497258            0                   0.0522937           
SPHEROCYLINDER(1)  2.73544             5.39539             8.04438             0.0409024           -0.319681           -0.382271           0.0340113           0.384453            -0.317867           0.497162            0                   0.0531956           
SPHEROCYLINDER(1)  2.7451              5.41674             10.6807             0.0377203           -0.329646           -0.374046           0.033075            0.375943            -0.327983           0.497477            0                   0.0501675           
SPHEROCYLINDER(1)  2.77376             8.02211             0.0881604           0.0501114           -0.343433           -0.35992            0.047359            0.363392            -0.340152           0.495223            0                   0.0689495           
SPHEROCYLINDER(1)  2.72848             8.05685             2.73898             0.02246             -0.420956           -0.268871           0.0350424           0.269807            -0.419495           0.498265            0                   0.0416224           
SPHEROCYLINDER(1)  2.75655             8.05089             5.38514             0.034943            -0.351685           -0.35369            0.0345765           0.355412            -0.349981           0.497578            0                   0.0491584           
SPHEROCYLINDER(1)  2.71825             8.05291             8.05408             0.041031            -0.288469           -0.406328           0.0289822           0.408394            -0.287009           0.49747             0                   0.0502346           
SPHEROCYLINDER(1)  2.74083             8.04194             10.6987             0.03661             -0.277871           -0.414062           0.0244729           0.415678            -0.276791           0.498057            0                   0.0440365           
SPHEROCYLINDER(1)  2.74006             10.7012             0.0836205           0.0296402           -0.420934           -0.268209           0.0462366           0.269842            -0.418387           0.496974            0                   0.0549215           
SPHEROCYLINDER(1)  2.74904             10.6997             2.71087             0.0427125           -0.286843           -0.407304           0.0299161           0.409538            -0.285279           0.497273            0                   0.0521472           
SPHEROCYLINDER(1)  2.73701             10.6824             5.37138             0.0308677           -0.328904           -0.375326           0.0269588           0.376593            -0.327797           0.498318            0                   0.0409829           
SPHEROCYLINDER(1)  2.73898             10.6988             8.05215             0.0447038           -0.23868            -0.437074           0.0242855           0.439354            -0.237442           0.497405            0                   0.0508745           
SPHEROCYLINDER(1)  2.77741             10.7125             10.6707             0.0286183           -0.413518           -0.279614           0.0421033           0.281075            -0.411369           0.497402            0                   0.0509087           
SPHEROCYLINDER(1)  5.39283             0.112269            0.0638188           0.0495575           -0.289188           -0.404863           0.035136            0.407885            -0.287046           0.496296            0                   0.0607494           
SPHEROCYLINDER(1)  5.36958             0.0479682           2.73867             0.0416901           -0.396713           -0.301464           0.0543452           0.304333            -0.392973           0.495286            0                   0.0684943           
SPHEROCYLINDER(1)  5.3858              0.0989483           5.36181             0.0532578           -0.32087            -0.379745           0.0445647           0.383461            -0.31776            0.495154            0                   0.0694436           
SPHEROCYLINDER(1)  5.38807             0.0776016           8.03378             0.0438336           -0.370801           -0.332543           0.0484573           0.33542             -0.367621           0.495712            0                   0.0653414           
SPHEROCYLINDER(1)  5.36001             0.0919802           10.7031             0.0393982           -0.28543            -0.408629           0.0273929           0.410524            -0.284113           0.497692            0                   0.0479853           
SPHEROCYLINDER(1)  5.37894             2.73259             0.0926931           0.0367881           -0.35202            -0.353169           0.036471            0.35508             -0.350126           0.497309            0                   0.0518025           
SPHEROCYLINDER(1)  5.38581             2.72838             2.74476             0.0399919           -0.362076           -0.342493           0.0419932           0.34482             -0.359633           0.496626            0                   0.0579894           
SPHEROCYLINDER(1)  5.37842             2.75366             5.38908             0.0404238           -0.292137           -0.40376            0.0291028           0.405778            -0.290683           0.497513            0                   0.0498102           
SPHEROCYLINDER(1)  5.39259             2.75386             8.03098             0.0229414           -0.446034           -0.224783           0.0452869           0.225951            -0.443729           0.497416            0                   0.0507662           
SPHEROCYLINDER(1)  5.39108             2.75534             10.6599             0.0467343           -0.349078           -0.354909           0.045573            0.357973            -0.34609            0.495721            0                   0.0652762           
SPHEROCYLINDER(1)  5.39232             5.40228             0.0716962           0.0434883           -0.338227           -0.365666           0.0399435           0.368243            -0.33586            0.496501            0                   0.0590484           
SPHEROCYLINDER(1)  5.38494             5.37793             2.71711             0.0386578           -0.395938           -0.302884           0.0501279           0.305341            -0.392752           0.495977            0                   0.0633027           
SPHEROCYLINDER(1)  5.42156             5.40019             5.39948             0.0295503           -0.358901           -0.346867           0.0304651           0.348124            -0.357606           0.498195            0                   0.0424422           
SPHEROCYLINDER(1)  5.37592             5.3518              8.04824             0.0439693           -0.321546           -0.380362           0.0369243           0.382895            -0.319419           0.496692            0                   0.0574169           
SPHEROCYLINDER(1)  5.38239             5.39177             10.6647             0.0376921           -0.38559            -0.316069           0.0456591           0.318309            -0.382877           0.496482            0                   0.0592068           
SPHEROCYLINDER(1)  5.38937             8.02332             0.0786118           0.0364776           -0.344158           -0.360867           0.0346122           0.362706            -0.342413           0.497465            0                   0.0502854           
SPHEROCYLINDER(1)  5.39072             8.02142             2.74095             0.0423991           -0.322893           -0.379397           0.0358613           0.381759            -0.320896           0.496907            0                   0.0555312           
SPHEROCYLINDER(1)  5.37248             8.01891             5.37462             0.0360295           -0.348514           -0.356707           0.0350238           0.358521            -0.34675            0.497469            0                   0.0502473           
SPHEROCYLINDER(1)  5.3843              8.02447             8.03921             0.0334921           -0.362139           -0.343123           0.0351811           0.344754            -0.360427           0.497635            0                   0.048574            
SPHEROCYLINDER(1)  5.35158             8.02062             10.6828             0.0341407           -0.400589           -0.297259           0.0457078           0.299213            -0.397973           0.496735            0                   0.0570508           
SPHEROCYLINDER(1)  5.40206             10.6921             0.0733086           0.0263628           -0.387907           -0.314378           0.032415            0.315481            -0.38655            0.498251            0                   0.0417819           
SPHEROCYLINDER(1)  5.38642             10.6873             2.73283             0.0505848           -0.338171           -0.364803           0.0464476           0.368293            -0.334967           0.495261            0                   0.0686746           
SPHEROCYLINDER(1)  5.36252             10.6912             5.38463             0.0389591           -0.303309           -0.395583           0.0297276           0.397497            -0.301848           0.497593            0                   0.0490056           
SPHEROCYLINDER(1)  5.40449             10.6947             8.05506             0.0257821           -0.432509           -0.249542           0.0444492           0.25087             -0.430219           0.497353            0                   0.0513853           
SPHEROCYLINDER(1)  5.39429             10.6899             10.6976             0.0338403           -0.377517           -0.326091           0.0389678           0.327843            -0.375501           0.497329            0                   0.0516106           
SPHEROCYLINDER(1)  8.03575             0.0669528           0.0820149           0.0264566           -0.421972           -0.266907           0.041623            0.268215            -0.419914           0.497562            0                   0.0493196           
SPHEROCYLINDER(1)  8.05167             0.0892843           2.72548             0.033403            -0.427218           -0.257621           0.054933            0.259778            -0.423672           0.495849            0                   0.0642915           
SPHEROCYLINDER(1)  8.0283              0.0876144           5.38792             0.0442296           -0.312955           -0.387431           0.0354967           0.389948            -0.310935           0.496773            0                   0.0567122           
SPHEROCYLINDER(1)  8.02209             0.0734452           8.062               0.0341287           -0.385741           -0.31629            0.0413825           0.318126            -0.383515           0.497114            0                   0.0536403           
SPHEROCYLINDER(1)  8.04915             0.0753114           10.6772             0.0358933           -0.351287           -0.353991           0.0354374           0.355806            -0.349495           0.497449            0                   0.0504395           
SPHEROCYLINDER(1)  8.03268             2.742               0.0977138           0.0404315           -0.283139           -0.410119           0.0277786           0.412107            -0.281773           0.497588            0                   0.0490546           
SPHEROCYLINDER(1)  8.03524             2.73091             2.74693             0.0316666           -0.357665           -0.347955           0.0324164           0.349393            -0.356193           0.497942            0                   0.0453166           
SPHEROCYLINDER(1)  8.05182             2.75426             5.38958             0.0365213           -0.377301           -0.326053           0.0419989           0.328092            -0.374956           0.496893            0                   0.0556571           
SPHEROCYLINDER(1)  8.02495             2.74262             8.02666             0.0296522           -0.399897           -0.298669           0.039508            0.300137            -0.397941           0.497554            0                   0.0493977           
SPHEROCYLINDER(1)  8.04138             2.72309             10.6688             0.0483164           -0.23981            -0.43607            0.0264093           0.438738            -0.238351           0.496959            0                   0.0550629           
SPHEROCYLINDER(1)  8.03755             5.40795             0.0675117           0.0468797           -0.335281           -0.367953           0.0423746           0.370927            -0.332592           0.495991            0                   0.0631927           
SPHEROCYLINDER(1)  8.04418             5.39302             2.7338              0.0404304           -0.362055           -0.342464           0.0424484           0.344842            -0.359558           0.496552            0                   0.0586215           
SPHEROCYLINDER(1)  8.01939             5.3907              5.3796              0.0446718           -0.292602           -0.402975           0.032239            0.405443            -0.290821           0.496956            0                   0.0550901           
SPHEROCYLINDER(1)  8.0219              5.37271             8.01798             0.0539512           -0.261236           -0.422901           0.0330591           0.426328            -0.259136           0.49598             0                   0.0632743           
SPHEROCYLINDER(1)  8.02167             5.3723              10.6846             0.0404861           -0.207675           -0.453025           0.018486            0.454831            -0.206851           0.498015            0                   0.0445068           
SPHEROCYLINDER(1)  8.02437             8.04227             0.0836887           0.0346475           -0.372158           -0.332112           0.0386157           0.333914            -0.370149           0.497301            0                   0.0518808           
SPHEROCYLINDER(1)  8.04448             8.0638              2.69393             0.0433746           -0.233713           -0.439883           0.022934            0.442016            -0.232585           0.497587            0                   0.0490645           
SPHEROCYLINDER(1)  8.05924             8.04909             5.39024             0.0417034           -0.306583           -0.392769           0.0323703           0.394977            -0.304869           0.497205            0                   0.0527921           
SPHEROCYLINDER(1)  8.02299             8.01215             8.04819             0.0328785           -0.37089            -0.333706           0.036366            0.335321            -0.369103           0.497591            0                   0.0490253           
SPHEROCYLINDER(1)  8.00326             8.03901             10.6848             0.0441004           -0.339402           -0.364501           0.0407665           0.367159            -0.336945           0.49638             0                   0.0600562           
SPHEROCYLINDER(1)  8.03598             10.7015             0.0968541           0.0300621           -0.38446            -0.318255           0.0361548           0.319672            -0.382757           0.497784            0                   0.0470202           
SPHEROCYLINDER(1)  8.01275             10.7082             2.75625             0.0448188           -0.366011           -0.337679           0.048157            0.34064             -0.36283            0.495653            0                   0.0657862           
SPHEROCYLINDER(1)  8.04669             10.7041             5.38217             0.0312583           -0.411792           -0.281869           0.045388            0.283597            -0.409283           0.496954            0                   0.0551103           
SPHEROCYLINDER(1)  8.03997             10.6866             8.05763             0.0285491           -0.334951           -0.370126           0.0257594           0.371225            -0.333959           0.498519            0                   0.0384526           
SPHEROCYLINDER(1)  8.00351             10.6889             10.7034             0.0370777           -0.373233           -0.33064            0.0415933           0.332712            -0.370908           0.496886            0                   0.0557204           
SPHEROCYLINDER(1)  10.704              0.0526621           0.0982116           0.0239327           -0.44911            -0.218466           0.0489068           0.219773            -0.446439           0.497027            0                   0.0544486           
SPHEROCYLINDER(1)  10.6911             0.0612233           2.72169             0.0399636           -0.376044           -0.327099           0.0456043           0.329531            -0.373268           0.49631             0                   0.060637            
SPHEROCYLINDER(1)  10.6953             0.0836098           5.39316             0.0407801           -0.2669             -0.420834           0.0257429           0.422805            -0.265656           0.497669            0                   0.0482256           
SPHEROCYLINDER(1)  10.6897             0.101277            8.0206              0.0374185           -0.333223           -0.370894           0.0334482           0.372776            -0.33154            0.497475            0                   0.0501889           
SPHEROCYLINDER(1)  10.6756             0.0930767           10.6871             0.0394016           -0.359541           -0.345221           0.0407713           0.347463            -0.357222           0.496775            0                   0.0566991           
SPHEROCYLINDER(1)  10.6736             2.7206              0.0511978           0.0409743           -0.33879            -0.365435           0.0377502           0.367725            -0.33668            0.496886            0                   0.0557132           
SPHEROCYLINDER(1)  10.713              2.72472             2.7377              0.049347            -0.325074           -0.376685           0.042225            0.379904            -0.32232            0.495764            0                   0.0649467           
SPHEROCYLINDER(1)  10.72               2.7177              5.40059             0.0360653           -0.365233           -0.339565           0.0385746           0.341475            -0.36319            0.497203            0                   0.0528082           
SPHEROCYLINDER(1)  10.6809             2.72835             8.03428             0.0479532           -0.325192           -0.376763           0.0410582           0.379802            -0.32259            0.495999            0                   0.0631291           
SPHEROCYLINDER(1)  10.7098             2.74235             10.6912             0.0336344           -0.411557           -0.281939           0.0487517           0.283938            -0.408659           0.49648             0                   0.0592284           
SPHEROCYLINDER(1)  10.6901             5.37177             0.0533102           0.0370874           -0.365001           -0.339704           0.0396138           0.341722            -0.362845           0.497047            0                   0.0542654           
SPHEROCYLINDER(1)  10.6902             5.41178             2.73497             0.0291272           -0.403114           -0.294365           0.0396939           0.295803            -0.401155           0.49757             0                   0.0492341           
SPHEROCYLINDER(1)  10.7018             5.39643             5.38159             0.0448454           -0.259649           -0.424937           0.0272506           0.427297            -0.258215           0.497239            0                   0.0524757           
SPHEROCYLINDER(1)  10.6837             5.39334             8.03294             0.026463            -0.411957           -0.282119           0.0384731           0.283357            -0.410157           0.497815            0                   0.0466955           
SPHEROCYLINDER(1)  10.7156             5.34699             10.679              0.0423762           -0.363878           -0.34029            0.0449663           0.342918            -0.361089           0.496168            0                   0.0617876           
SPHEROCYLINDER(1)  10.661              8.02408             0.0761043           0.0239277           -0.437266           -0.2413             0.0431483           0.242484            -0.435132           0.49756             0                   0.0493387           
SPHEROCYLINDER(1)  10.7098             8.04874             2.72839             0.0502127           -0.247709           -0.431415           0.0286377           0.434327            -0.246048           0.496647            0                   0.0578051           
SPHEROCYLINDER(1)  10.6827             8.04811             5.38887             0.0312574           -0.354306           -0.351412           0.0313909           0.352799            -0.352912           0.498034            0                   0.0442991           
SPHEROCYLINDER(1)  10.6654             8.05666             8.02826             0.0335926           -0.355692           -0.349793           0.0340027           0.351402            -0.354063           0.49771             0                   0.0477979           
SPHEROCYLINDER(1)  10.6908             8.01356             10.7123             0.0477427           -0.32824            -0.374138           0.0415489           0.377172            -0.3256             0.495978            0                   0.0632904           
SPHEROCYLINDER(1)  10.7042             10.6724             0.0929866           0.0306107           -0.334813           -0.370085           0.027599            0.371349            -0.333674           0.498298            0                   0.0412155           
SPHEROCYLINDER(1)  10.6842             10.6817             2.71555             0.0413214           -0.342029           -0.362365           0.0387513           0.364713            -0.339827           0.496781            0                   0.0566491           
SPHEROCYLINDER(1)  10.7027             10.6947             5.37502             0.0466761           -0.329251           -0.373383           0.0408414           0.376289            -0.326709           0.496138            0                   0.0620215           
SPHEROCYLINDER(1)  10.7231             10.6948             8.0164              0.022493            -0.415142           -0.277761           0.0335084           0.27867             -0.413788           0.498369            0                   0.0403578           
SPHEROCYLINDER(1)  10.6757             10.6565             10.6614             0.0388357           -0.359137           -0.345706           0.0400923           0.347881            -0.356892           0.496875            0                   0.0558176           
SPHEROCYLINDER(1)  1.39721             1.4072              0.0546226           0.035531            -0.367834           -0.336802           0.0385906           0.338671            -0.365804           0.497241            0                   0.0524565           
SPHEROCYLINDER(1)  1.42104             1.39404             2.72228             0.0418024           -0.333545           -0.370136           0.0374319           0.372489            -0.331438           0.496841            0                   0.0561122           
SPHEROCYLINDER(1)  1.40323             1.41493             5.37807             0.0383442           -0.343156           -0.361626           0.036183            0.363653            -0.341243           0.497213            0                   0.0527208           
SPHEROCYLINDER(1)  1.40955             1.41663             8.03449             0.0380336           -0.32458            -0.37842            0.0324588           0.380326            -0.322953           0.497494            0                   0.0500013           
SPHEROCYLINDER(1)  1.40099             1.40321             10.7227             0.0344046           -0.374163           -0.329876           0.038813            0.331665            -0.372145           0.497303            0                   0.0518664           
SPHEROCYLINDER(1)  1.37758             4.04493             0.0744462           0.0362798           -0.345759           -0.359353           0.0347308           0.36118             -0.34401            0.497471            0                   0.050224            
SPHEROCYLINDER(1)  1.41585             4.07883             2.74475             0.0227373           -0.443305           -0.230139           0.0435855           0.231259            -0.441157           0.497577            0                   0.0491598           
SPHEROCYLINDER(1)  1.41667             4.05719             5.37055             0.0363444           -0.342165           -0.36277            0.0341092           0.364586            -0.34046            0.497509            0                   0.0498433           
SPHEROCYLINDER(1)  1.42082             4.06889             8.02864             0.0282079           -0.391955           -0.309153           0.0356151           0.310437            -0.390334           0.497932            0                   0.0454326           
SPHEROCYLINDER(1)  1.4232              4.04176             10.6981             0.0525096           -0.259              -0.424455           0.0317986           0.42769             -0.25704            0.496217            0                   0.0613874           
SPHEROCYLINDER(1)  1.40762             6.71088             0.0687685           0.029407            -0.419834           -0.269954           0.0454649           0.271551            -0.417365           0.49706             0                   0.0541464           
SPHEROCYLINDER(1)  1.41403             6.72176             2.72407             0.043584            -0.31216            -0.388145           0.0348329           0.390584            -0.310211           0.496877            0                   0.0557933           
SPHEROCYLINDER(1)  1.42412             6.72026             5.37682             0.0364634           -0.291231           -0.40479            0.0261283           0.406429            -0.290057           0.497984            0                   0.0448583           
SPHEROCYLINDER(1)  1.42047             6.71701             8.03663             0.0393589           -0.391793           -0.308138           0.0496409           0.310642            -0.388636           0.49597             0                   0.0633509           
SPHEROCYLINDER(1)  1.36564             6.719               10.6739             0.0444826           -0.347225           -0.35701            0.0429313           0.359771            -0.34456            0.496163            0                   0.0618207           
SPHEROCYLINDER(1)  1.37519             9.34556             0.0809573           0.0430274           -0.307507           -0.391903           0.0335598           0.394258            -0.30567            0.497013            0                   0.0545676           
SPHEROCYLINDER(1)  1.3813              9.36689             2.72457             0.0396823           -0.28617            -0.408084           0.0276967           0.410008            -0.284826           0.497653            0                   0.048392            
SPHEROCYLINDER(1)  1.38077             9.34467             5.39232             0.0477247           -0.358878           -0.344861           0.0491957           0.348147            -0.35549            0.49528             0                   0.0685409           
SPHEROCYLINDER(1)  1.41098             9.35174             8.02466             0.0496374           -0.230689           -0.440816           0.0258132           0.443602            -0.22924            0.49686             0                   0.0559481           
SPHEROCYLINDER(1)  1.4181              9.36381             10.6994             0.0440759           -0.347278           -0.357008           0.0425516           0.359719            -0.344662           0.496232            0                   0.0612644           
SPHEROCYLINDER(1)  4.05004             1.38212             0.0825903           0.0340557           -0.366686           -0.338204           0.036738            0.339914            -0.364841           0.497484            0                   0.0500946           
SPHEROCYLINDER(1)  4.05436             1.41501             2.72706             0.0354194           -0.292773           -0.403769           0.0255844           0.405319            -0.291653           0.498087            0                   0.0436932           
SPHEROCYLINDER(1)  4.04127             1.3993              5.34174             0.0320494           -0.427429           -0.257444           0.0528035           0.259431            -0.424155           0.49617             0                   0.0617687           
SPHEROCYLINDER(1)  4.05114             1.40731             8.02957             0.0416444           -0.31276            -0.387875           0.0333877           0.390104            -0.310972           0.497143            0                   0.0533759           
SPHEROCYLINDER(1)  4.06541             1.40145             10.6657             0.0301              -0.378047           -0.325844           0.0347742           0.327231            -0.376444           0.49788             0                   0.0459918           
SPHEROCYLINDER(1)  4.06882             4.08163             0.0858643           0.0374764           -0.358799           -0.346206           0.0386139           0.348229            -0.356715           0.497096            0                   0.05381             
SPHEROCYLINDER(1)  4.07557             4.05429             2.71957             0.0468755           -0.341842           -0.361866           0.0439147           0.364889            -0.339009           0.495857            0                   0.0642325           
SPHEROCYLINDER(1)  4.05176             4.04778             5.38354             0.0364471           -0.378253           -0.324956           0.0421606           0.326993            -0.375896           0.496884            0                   0.0557307           
SPHEROCYLINDER(1)  4.05437             4.0905              8.04043             0.0443041           -0.291559           -0.403771           0.0318007           0.406194            -0.289819           0.497017            0                   0.0545357           
SPHEROCYLINDER(1)  4.0725              4.05489             10.7294             0.0368983           -0.381671           -0.320883           0.043601            0.322998            -0.379172           0.496727            0                   0.0571186           
SPHEROCYLINDER(1)  4.08672             6.67865             0.0862873           0.0304498           -0.375365           -0.328898           0.0346037           0.330305            -0.373766           0.497871            0                   0.0460934           
SPHEROCYLINDER(1)  4.06429             6.70372             2.73346             0.0445821           -0.344003           -0.360104           0.0422661           0.362853            -0.341396           0.496212            0                   0.0614328           
SPHEROCYLINDER(1)  4.05495             6.71481             5.4094              0.0312793           -0.406986           -0.288762           0.0438292           0.290452            -0.404619           0.497092            0                   0.053846            
SPHEROCYLINDER(1)  4.06742             6.71505             8.02642             0.0254684           -0.445678           -0.225216           0.0500802           0.226651            -0.442856           0.496833            0                   0.0561842           
SPHEROCYLINDER(1)  4.04799             6.69032             10.7135             0.0423774           -0.315201           -0.385814           0.0344145           0.388134            -0.313317           0.497011            0                   0.0545912           
SPHEROCYLINDER(1)  4.08604             9.35729             0.08035             0.0331912           -0.42369            -0.26341            0.0529685           0.265493            -0.420366           0.496077            0                   0.0625086           
SPHEROCYLINDER(1)  4.06855             9.33502             2.73967             0.0519161           -0.322525           -0.378526           0.0438251           0.38207             -0.319534           0.495363            0                   0.0679406           
SPHEROCYLINDER(1)  4.07899             9.37379             5.36665             0.0306663           -0.416004           -0.275682           0.0459918           0.277382            -0.413454           0.496935            0                   0.0552781           
SPHEROCYLINDER(1)  4.05227             9.38208             8.06097             0.0484303           -0.321805           -0.3796             0.0407265           0.382677            -0.319217           0.49598             0                   0.0632783           
SPHEROCYLINDER(1)  4.05798             9.35629             10.6885             0.0397554           -0.397084           -0.301237           0.0519543           0.303849            -0.393671           0.495702            0                   0.0654197           
SPHEROCYLINDER(1)  6.73241             1.37872             0.0499202           0.0446808           -0.319721           -0.381815           0.0371609           0.38442             -0.317554           0.496611            0                   0.0581146           
SPHEROCYLINDER(1)  6.73269             1.40717             2.71281             0.029656            -0.431205           -0.251362           0.0505236           0.253106            -0.428235           0.496556            0                   0.0585842           
SPHEROCYLINDER(1)  6.67588             1.40056             5.39327             0.0298755           -0.398244           -0.300847           0.0393539           0.302327            -0.396295           0.497553            0                   0.0494093           
SPHEROCYLINDER(1)  6.68243             1.41908             8.03139             0.0444378           -0.263994           -0.422294           0.0276274           0.424626            -0.262544           0.497254            0                   0.0523258           
SPHEROCYLINDER(1)  6.70128             1.40655             10.6916             0.0430894           -0.323431           -0.378861           0.0365496           0.381303            -0.32136            0.496797            0                   0.0565028           
SPHEROCYLINDER(1)  6.70489             4.05909             0.0823894           0.0217392           -0.388819           -0.313604           0.0268886           0.314357            -0.387888           0.498803            0                   0.0345773           
SPHEROCYLINDER(1)  6.72939             4.09061             2.72372             0.044489            -0.342735           -0.361322           0.041884            0.364051            -0.340166           0.496252            0                   0.0611027           
SPHEROCYLINDER(1)  6.70097             4.07543             5.35752             0.0308175           -0.339492           -0.365781           0.0285016           0.367077            -0.338293           0.498235            0                   0.0419769           
SPHEROCYLINDER(1)  6.74049             4.05165             8.04524             0.0265344           -0.396339           -0.303663           0.034501            0.30482             -0.394834           0.498102            0                   0.0435247           
SPHEROCYLINDER(1)  6.70092             4.05357             10.7057             0.0540013           -0.289145           -0.404325           0.0382781           0.407915            -0.286601           0.495599            0                   0.0661918           
SPHEROCYLINDER(1)  6.72519             6.7001              0.0791652           0.0371556           -0.333395           -0.370766           0.033244            0.372623            -0.331733           0.497508            0                   0.0498568           
SPHEROCYLINDER(1)  6.72014             6.70791             2.72357             0.0455713           -0.351452           -0.352711           0.0450343           0.355643            -0.348554           0.495878            0                   0.064069            
SPHEROCYLINDER(1)  6.71062             6.69802             5.36246             0.0522502           -0.189416           -0.459773           0.0213883           0.462733            -0.188205           0.496802            0                   0.0564583           
SPHEROCYLINDER(1)  6.71925             6.70865             8.0324              0.0375263           -0.389098           -0.31176            0.0464998           0.31401             -0.38631            0.496417            0                   0.0597533           
SPHEROCYLINDER(1)  6.70994             6.74677             10.6872             0.0205641           -0.392789           -0.308697           0.026108            0.309382            -0.39192            0.498894            0                   0.0332342           
SPHEROCYLINDER(1)  6.71629             9.36947             0.0574507           0.0494483           -0.329223           -0.373051           0.0432604           0.376314            -0.326368           0.495665            0                   0.0657009           
SPHEROCYLINDER(1)  6.69353             9.37738             2.72026             0.0332483           -0.352619           -0.352923           0.0330732           0.354486            -0.351064           0.497796            0                   0.0468965           
SPHEROCYLINDER(1)  6.73261             9.39039             5.38921             0.0460512           -0.312385           -0.387679           0.0368482           0.390404            -0.310204           0.496509            0                   0.0589788           
SPHEROCYLINDER(1)  6.71962             9.37533             8.04016             0.0381665           -0.315747           -0.385807           0.031084            0.387691            -0.314213           0.497571            0                   0.0492229           
SPHEROCYLINDER(1)  6.74221             9.36298             10.6826             0.0317883           -0.34922            -0.35642            0.031023            0.357835            -0.347839           0.498023            0                   0.0444176           
SPHEROCYLINDER(1)  9.37338             1.39614             0.0787843           0.0302452           -0.398291           -0.300748           0.0398539           0.302265            -0.396292           0.497491            0                   0.050031            
SPHEROCYLINDER(1)  9.35219             1.38652             2.71805             0.0301814           -0.397767           -0.301447           0.039627            0.302954            -0.395788           0.497513            0                   0.0498118           
SPHEROCYLINDER(1)  9.32791             1.40814             5.36823             0.040903            -0.356258           -0.348435           0.0415361           0.350828            -0.353828           0.49659             0                   0.058295            
SPHEROCYLINDER(1)  9.35433             1.3999              8.03148             0.0359795           -0.390766           -0.309851           0.0450723           0.311933            -0.388158           0.496663            0                   0.0576718           
SPHEROCYLINDER(1)  9.34179             1.3773              10.6897             0.0332046           -0.400793           -0.29709            0.0445179           0.29894             -0.398313           0.496906            0                   0.0555373           
SPHEROCYLINDER(1)  9.34993             4.08763             0.101718            0.0359152           -0.373791           -0.330137           0.0404257           0.332085            -0.371599           0.497067            0                   0.0540753           
SPHEROCYLINDER(1)  9.36327             4.06301             2.74787             0.0419925           -0.279811           -0.412241           0.0283559           0.414374            -0.27837            0.497426            0                   0.0506698           
SPHEROCYLINDER(1)  9.40511             4.06655             5.39676             0.0493769           -0.328392           -0.373792           0.043006            0.37704             -0.325564           0.495694            0                   0.0654798           
SPHEROCYLINDER(1)  9.35384             4.04159             8.02557             0.0292645           -0.363504           -0.342064           0.0309855           0.343314            -0.362181           0.49818             0                   0.0426206           
SPHEROCYLINDER(1)  9.3317              4.0745              10.6705             0.0523623           -0.316551           -0.383475           0.0428266           0.387034            -0.313641           0.495403            0                   0.0676456           
SPHEROCYLINDER(1)  9.34558             6.69676             0.0753674           0.0399467           -0.361585           -0.343017           0.0418265           0.345335            -0.359158           0.496644            0                   0.0578377           
SPHEROCYLINDER(1)  9.39732             6.69527             2.71655             0.0357425           -0.371868           -0.33232            0.0397666           0.334237            -0.369735           0.497133            0                   0.0534688           
SPHEROCYLINDER(1)  9.38244             6.69672             5.37951             0.0284231           -0.44915            -0.217846           0.0581096           0.219692            -0.445375           0.495798            0                   0.0646885           
SPHEROCYLINDER(1)  9.36972             6.73452             8.05382             0.0480215           -0.379578           -0.321892           0.0560075           0.325455            -0.375423           0.494527            0                   0.0737761           
SPHEROCYLINDER(1)  9.35745             6.67902             10.6923             0.0340056           -0.425604           -0.260202           0.0551529           0.262414            -0.422015           0.495784            0                   0.0647937           
SPHEROCYLINDER(1)  9.35875             9.36795             0.079031            0.042298            -0.305671           -0.393416           0.0326758           0.395684            -0.303919           0.497135            0                   0.0534493           
SPHEROCYLINDER(1)  9.36607             9.34229             2.75503             0.0366118           -0.375273           -0.328374           0.0415831           0.330409            -0.372962           0.496921            0                   0.0554038           
SPHEROCYLINDER(1)  9.36492             9.36434             5.35047             0.0521204           -0.2465             -0.431881           0.029534            0.435014            -0.244725           0.496398            0                   0.0599065           
SPHEROCYLINDER(1)  9.33683             9.36352             8.02821             0.0316136           -0.339011           -0.366158           0.0291613           0.36752             -0.337755           0.498147            0                   0.0430093           
SPHEROCYLINDER(1)  9.3447              9.37317             10.7207             0.0388401           -0.388269           -0.312631           0.0478691           0.315035            -0.385307           0.496185            0                   0.0616441           
SPHEROCYLINDER(1)  1.42275             0.0952355           1.38962             0.0277527           -0.342129           -0.363562           0.0260408           0.36462             -0.341137           0.49855             0                   0.038057            
SPHEROCYLINDER(1)  1.38749             0.0896063           4.0704              0.0297127           -0.395451           -0.304525           0.0384021           0.305971            -0.393582           0.497637            0                   0.0485547           
SPHEROCYLINDER(1)  1.44161             0.0809396           6.72637             0.0301058           -0.367917           -0.33724            0.0327144           0.338581            -0.36646            0.498019            0                   0.0444589           
SPHEROCYLINDER(1)  1.43255             0.0783122           9.37294             0.0357397           -0.372153           -0.332001           0.039832            0.333919            -0.370016           0.497128            0                   0.0535156           
SPHEROCYLINDER(1)  1.41062             2.73617             1.39705             0.0304448           -0.363288           -0.342192           0.0321946           0.343543            -0.361858           0.498033            0                   0.04431             
SPHEROCYLINDER(1)  1.44491             2.72252             4.0512              0.0379678           -0.381961           -0.320413           0.0449466           0.322654            -0.379307           0.496526            0                   0.0588366           
SPHEROCYLINDER(1)  1.39303             2.73981             6.68832             0.0405634           -0.400367           -0.29675            0.0542229           0.29951             -0.396679           0.495393            0                   0.0677164           
SPHEROCYLINDER(1)  1.43001             2.72671             9.33714             0.0441542           -0.372842           -0.330211           0.0494147           0.33315             -0.369552           0.495589            0                   0.0662677           
SPHEROCYLINDER(1)  1.42212             5.36459             1.39948             0.0513237           -0.314883           -0.384987           0.0416098           0.388393            -0.312121           0.495615            0                   0.066072            
SPHEROCYLINDER(1)  1.40809             5.41229             4.05822             0.0349834           -0.32083            -0.381896           0.0292669           0.383495            -0.319492           0.497915            0                   0.0456113           
SPHEROCYLINDER(1)  1.40511             5.37021             6.71135             0.0476274           -0.308383           -0.390681           0.0373183           0.393573            -0.306117           0.496325            0                   0.0605064           
SPHEROCYLINDER(1)  1.42381             5.36879             9.34019             0.046449            -0.339337           -0.364271           0.042922            0.36722             -0.336611           0.495984            0                   0.063244            
SPHEROCYLINDER(1)  1.42057             8.0309              1.38223             0.0466042           -0.290192           -0.404496           0.0332149           0.407172            -0.288285           0.496714            0                   0.0572292           
SPHEROCYLINDER(1)  1.40366             8.00842             4.06198             0.0402518           -0.333713           -0.370156           0.0360763           0.372338            -0.331758           0.49707             0                   0.0540528           
SPHEROCYLINDER(1)  1.41271             8.03841             6.69418             0.0342916           -0.344735           -0.36053            0.0326418           0.362157            -0.343186           0.497754            0                   0.0473434           
SPHEROCYLINDER(1)  1.39463             8.04433             9.36551             0.0221297           -0.401033           -0.297797           0.0297194           0.298618            -0.39993            0.498625            0                   0.0370536           
SPHEROCYLINDER(1)  1.38286             10.6814             1.38913             0.0344086           -0.30599            -0.393937           0.0266255           0.395436            -0.30483            0.498104            0                   0.0435071           
SPHEROCYLINDER(1)  1.40134             10.6916             4.0376              0.0379953           -0.344891           -0.36001            0.0361986           0.362009            -0.342986           0.497238            0                   0.0524783           
SPHEROCYLINDER(1)  1.39971             10.6698             6.71315             0.042404            -0.363145           -0.341069           0.0448037           0.343694            -0.36037            0.49618             0                   0.0616885           
SPHEROCYLINDER(1)  1.38922             10.7133             9.34811             0.0390492           -0.397667           -0.30056            0.0512348           0.303086            -0.394353           0.495833            0                   0.0644193           
SPHEROCYLINDER(1)  4.07359             0.110584            1.40063             0.0441931           -0.337395           -0.366349           0.0404073           0.369005            -0.334966           0.496401            0                   0.0598814           
SPHEROCYLINDER(1)  4.04102             0.0803993           4.07436             0.050999            -0.280108           -0.411021           0.034491            0.414173            -0.277977           0.496195            0                   0.0615673           
SPHEROCYLINDER(1)  4.06962             0.0731964           6.708               0.0364916           -0.406355           -0.28904            0.0508986           0.291334            -0.403155           0.496062            0                   0.0626283           
SPHEROCYLINDER(1)  4.06169             0.0679418           9.35212             0.0382139           -0.337733           -0.36671            0.0350047           0.368696            -0.335914           0.497307            0                   0.0518231           
SPHEROCYLINDER(1)  4.05541             2.75656             1.40732             0.0369712           -0.368979           -0.335392           0.0404286           0.337424            -0.366757           0.49699             0                   0.0547845           
SPHEROCYLINDER(1)  4.04214             2.69891             4.03479             0.0348365           -0.39359            -0.306388           0.0444649           0.308362            -0.39107            0.496799            0                   0.0564864           
SPHEROCYLINDER(1)  4.07202             2.73756             6.70501             0.0401945           -0.356459           -0.348313           0.0408633           0.350624            -0.354109           0.496704            0                   0.0573185           
SPHEROCYLINDER(1)  4.05474             2.73684             9.3547              0.0445101           -0.341369           -0.36261            0.0415906           0.365332            -0.338826           0.496275            0                   0.0609173           
SPHEROCYLINDER(1)  4.06617             5.39165             1.40534             0.0431281           -0.303114           -0.3953             0.0328753           0.397646            -0.301326           0.49705             0                   0.0542293           
SPHEROCYLINDER(1)  4.06109             5.39611             4.0515              0.0180569           -0.460863           -0.193078           0.0429133           0.193921            -0.458861           0.497828            0                   0.0465575           
SPHEROCYLINDER(1)  4.0471              5.37279             6.68691             0.0458274           -0.270766           -0.417834           0.0295202           0.42034             -0.269152           0.49702             0                   0.0545123           
SPHEROCYLINDER(1)  4.09358             5.36069             9.3614              0.0373366           -0.389823           -0.310877           0.046484            0.313111            -0.387041           0.496432            0                   0.059622            
SPHEROCYLINDER(1)  4.06531             8.05246             1.42649             0.0382351           -0.384558           -0.317259           0.0460127           0.319555            -0.381795           0.496408            0                   0.0598256           
SPHEROCYLINDER(1)  4.07171             8.02481             4.0569              0.0480071           -0.334135           -0.368848           0.0431254           0.371959            -0.331341           0.495818            0                   0.0645328           
SPHEROCYLINDER(1)  4.06586             8.01158             6.71645             0.0413187           -0.286547           -0.407656           0.0288954           0.409745            -0.285086           0.497451            0                   0.05042             
SPHEROCYLINDER(1)  4.05579             8.05772             9.35692             0.0289431           -0.414584           -0.277996           0.0429316           0.279499            -0.412356           0.497312            0                   0.0517767           
SPHEROCYLINDER(1)  4.05883             10.6923             1.41553             0.0337088           -0.372099           -0.332274           0.0375561           0.33398             -0.370199           0.497447            0                   0.0504653           
SPHEROCYLINDER(1)  4.07175             10.6543             4.05656             0.0397498           -0.34672            -0.358057           0.0382562           0.360257            -0.344603           0.496947            0                   0.0551687           
SPHEROCYLINDER(1)  4.06132             10.6819             6.71622             0.0358242           -0.345689           -0.359466           0.0342813           0.361247            -0.343985           0.497535            0                   0.0495841           
SPHEROCYLINDER(1)  4.04417             10.7312             9.35179             0.028648            -0.437806           -0.239802           0.0519333           0.241507            -0.434715           0.49647             0                   0.0593109           
SPHEROCYLINDER(1)  6.74486             0.0603127           1.41208             0.0416323           -0.229879           -0.442066           0.0215539           0.444022            -0.228866           0.497797            0                   0.0468809           
SPHEROCYLINDER(1)  6.68019             0.0985757           4.06075             0.0554682           -0.361976           -0.340435           0.0582103           0.344925            -0.357265           0.493492            0                   0.0804062           
SPHEROCYLINDER(1)  6.72877             0.0637478           6.72736             0.0412516           -0.349154           -0.355513           0.0402438           0.357898            -0.346827           0.496668            0                   0.0576303           
SPHEROCYLINDER(1)  6.68518             0.0737495           9.35975             0.0417542           -0.317233           -0.384213           0.0342735           0.386475            -0.315377           0.497073            0                   0.0540193           
SPHEROCYLINDER(1)  6.7189              2.74849             1.42445             0.0395866           -0.348807           -0.356043           0.0385445           0.358237            -0.346671           0.496938            0                   0.0552519           
SPHEROCYLINDER(1)  6.73563             2.71326             4.06704             0.0449122           -0.243115           -0.434601           0.0249907           0.436915            -0.241827           0.497351            0                   0.0513969           
SPHEROCYLINDER(1)  6.70824             2.73706             6.70173             0.0441327           -0.313416           -0.387069           0.0355049           0.389577            -0.311398           0.496781            0                   0.0566418           
SPHEROCYLINDER(1)  6.7075              2.72923             9.3448              0.0390544           -0.345165           -0.359633           0.0372641           0.361747            -0.343147           0.497078            0                   0.0539802           
SPHEROCYLINDER(1)  6.71294             5.36216             1.44218             0.0486963           -0.334323           -0.368587           0.0437889           0.37179             -0.331443           0.495693            0                   0.0654889           
SPHEROCYLINDER(1)  6.73588             5.39812             4.09436             0.0337581           -0.387849           -0.313741           0.0414925           0.315552            -0.385623           0.497131            0                   0.0534905           
SPHEROCYLINDER(1)  6.73613             5.40501             6.7118              0.0514738           -0.253015           -0.428175           0.0301991           0.431258            -0.251206           0.496426            0                   0.0596786           
SPHEROCYLINDER(1)  6.71384             5.40126             9.37198             0.0497675           -0.336575           -0.366389           0.0453019           0.369753            -0.333512           0.49545             0                   0.0672984           
SPHEROCYLINDER(1)  6.72479             8.02357             1.38259             0.0430063           -0.353543           -0.350939           0.0430038           0.353564            -0.350918           0.496287            0                   0.0608184           
SPHEROCYLINDER(1)  6.71572             8.02385             4.0461              0.0522664           -0.346889           -0.356281           0.0503496           0.360095            -0.343215           0.494705            0                   0.0725731           
SPHEROCYLINDER(1)  6.72131             8.03335             6.71688             0.0379417           -0.256784           -0.427344           0.0227092           0.429025            -0.255778           0.498041            0                   0.0442185           
SPHEROCYLINDER(1)  6.71056             8.06655             9.34808             0.0490059           -0.31637            -0.384068           0.0400432           0.387182            -0.313826           0.495979            0                   0.0632853           
SPHEROCYLINDER(1)  6.69698             10.6528             1.43607             0.0111111           -0.485809           -0.117753           0.0456379           0.118276            -0.483661           0.497789            0                   0.046971            
SPHEROCYLINDER(1)  6.70691             10.676              4.07788             0.0346467           -0.385298           -0.316773           0.0418917           0.318662            -0.383014           0.497036            0                   0.0543628           
SPHEROCYLINDER(1)  6.7065              10.7034             6.72412             0.0427438           -0.278763           -0.412873           0.0287063           0.41508             -0.277281           0.497342            0                   0.0514887           
SPHEROCYLINDER(1)  6.732               10.6948             9.37158             0.0330444           -0.36921            -0.335547           0.0361844           0.337171            -0.367433           0.497593            0                   0.0490025           
SPHEROCYLINDER(1)  9.35728             0.0881822           1.40152             0.0461931           -0.262828           -0.422833           0.0285432           0.425349            -0.261273           0.497043            0                   0.0543002           
SPHEROCYLINDER(1)  9.35733             0.075101            4.01583             0.0279417           -0.321047           -0.382293           0.0234028           0.383313            -0.320193           0.49867             0                   0.0364477           
SPHEROCYLINDER(1)  9.37335             0.101814            6.72066             0.0398892           -0.345122           -0.359582           0.0380517           0.361788            -0.343018           0.496952            0                   0.0551279           
SPHEROCYLINDER(1)  9.32158             0.0702726           9.37131             0.032174            -0.360701           -0.34476            0.0335161           0.346258            -0.359141           0.497837            0                   0.0464596           
SPHEROCYLINDER(1)  9.36396             2.72274             1.42639             0.0362344           -0.363252           -0.341665           0.0383088           0.343581            -0.361226           0.497212            0                   0.0527304           
SPHEROCYLINDER(1)  9.36349             2.74236             4.06273             0.0475057           -0.287653           -0.406201           0.0334136           0.408969            -0.285706           0.496615            0                   0.0580798           
SPHEROCYLINDER(1)  9.37347             2.72521             6.67464             0.0439686           -0.312442           -0.387875           0.0351923           0.390359            -0.310454           0.496818            0                   0.0563182           
SPHEROCYLINDER(1)  9.37343             2.7525              9.34855             0.0278524           -0.429415           -0.254612           0.0466958           0.256131            -0.426868           0.497035            0                   0.0543715           
SPHEROCYLINDER(1)  9.37477             5.43521             1.40368             0.0343704           -0.402615           -0.294482           0.0466742           0.296481            -0.3999             0.496629            0                   0.0579638           
SPHEROCYLINDER(1)  9.36719             5.3982              4.03969             0.0387429           -0.345848           -0.35901            0.0371071           0.361094            -0.343852           0.497114            0                   0.0536465           
SPHEROCYLINDER(1)  9.37668             5.37797             6.70845             0.0355907           -0.374343           -0.329546           0.0401951           0.331462            -0.372179           0.497109            0                   0.0536874           
SPHEROCYLINDER(1)  9.3523              5.39208             9.35568             0.0355696           -0.389686           -0.311255           0.0442446           0.313281            -0.387166           0.496767            0                   0.0567696           
SPHEROCYLINDER(1)  9.37456             8.03256             1.4198              0.0351689           -0.328303           -0.375474           0.0306166           0.377117            -0.326872           0.497821            0                   0.0466286           
SPHEROCYLINDER(1)  9.36437             8.04222             4.04645             0.0378383           -0.353061           -0.352017           0.0377331           0.354045            -0.351039           0.497136            0                   0.0534371           
SPHEROCYLINDER(1)  9.37163             8.04432             6.70581             0.0385486           -0.331687           -0.372153           0.0341742           0.374144            -0.329922           0.497339            0                   0.0515158           
SPHEROCYLINDER(1)  9.36436             8.06132             9.36027             0.022627            -0.439884           -0.236622           0.0418731           0.237701            -0.437887           0.49773             0                   0.0475955           
SPHEROCYLINDER(1)  9.34437             10.6981             1.40243             0.0250875           -0.428526           -0.25639            0.0417317           0.257614            -0.42649            0.497623            0                   0.0486921           
SPHEROCYLINDER(1)  9.34943             10.71               4.0426              0.0316317           -0.391284           -0.309671           0.0397613           0.311283            -0.389258           0.497412            0                   0.0508087           
SPHEROCYLINDER(1)  9.36676             10.6699             6.68441             0.0405709           -0.344031           -0.36055            0.0384693           0.362826            -0.341874           0.496864            0                   0.0559096           
SPHEROCYLINDER(1)  9.36101             10.7005             9.36652             0.0307638           -0.356138           -0.349598           0.0312187           0.350949            -0.354767           0.498075            0                   0.0438294           
SPHEROCYLINDER(1)  0.0848876           1.41666             1.38498             0.0378544           -0.274448           -0.416228           0.0248574           0.417946            -0.27332            0.497945            0                   0.0452863           
SPHEROCYLINDER(1)  0.0626702           1.39775             4.08716             0.0407583           -0.31747            -0.384124           0.0334978           0.386281            -0.315698           0.497209            0                   0.0527574           
SPHEROCYLINDER(1)  0.0821509           1.40472             6.72041             0.0388961           -0.312123           -0.388673           0.0310802           0.390614            -0.310572           0.497515            0                   0.0497884           
SPHEROCYLINDER(1)  0.0777761           1.43431             9.33417             0.0397928           -0.393817           -0.305491           0.0508682           0.308072            -0.390518           0.495811            0                   0.0645836           
SPHEROCYLINDER(1)  0.0624578           4.06693             1.40928             0.0281861           -0.355959           -0.349998           0.0285737           0.351131            -0.354811           0.498386            0                   0.0401362           
SPHEROCYLINDER(1)  0.091284            4.04478             4.04891             0.0444739           -0.310551           -0.389333           0.0352454           0.391865            -0.308545           0.496769            0                   0.0567465           
SPHEROCYLINDER(1)  0.0714703           4.08885             6.71517             0.027622            -0.415312           -0.277043           0.0412036           0.278417            -0.413263           0.497533            0                   0.0496056           
SPHEROCYLINDER(1)  0.0964833           4.0531              9.36732             0.0270515           -0.434978           -0.245076           0.0477231           0.246564            -0.432352           0.496982            0                   0.0548569           
SPHEROCYLINDER(1)  0.0895199           6.70784             1.39721             0.0311449           -0.260446           -0.425673           0.0190051           0.426811            -0.259752           0.498667            0                   0.0364856           
SPHEROCYLINDER(1)  0.0917552           6.68652             4.07281             0.033669            -0.411808           -0.281567           0.0488946           0.283573            -0.408896           0.496463            0                   0.0593657           
SPHEROCYLINDER(1)  0.085714            6.74439             6.70324             0.0282475           -0.393594           -0.30706            0.0360557           0.308357            -0.391939           0.497898            0                   0.0458032           
SPHEROCYLINDER(1)  0.104015            6.67039             9.35956             0.0397431           -0.314639           -0.386552           0.0321798           0.38859             -0.312989           0.497378            0                   0.0511376           
SPHEROCYLINDER(1)  0.0634697           9.34891             1.39321             0.0392253           -0.383676           -0.318204           0.0469407           0.320613            -0.380794           0.496244            0                   0.0611723           
SPHEROCYLINDER(1)  0.0772826           9.34775             4.05687             0.0429947           -0.362473           -0.341709           0.0452506           0.344403            -0.359637           0.496089            0                   0.0624193           
SPHEROCYLINDER(1)  0.0801644           9.36202             6.72131             0.05439             -0.266407           -0.419606           0.0342456           0.423116            -0.264197           0.495852            0                   0.0642731           
SPHEROCYLINDER(1)  0.0805455           9.40108             9.35485             0.0440192           -0.277372           -0.413675           0.0293495           0.41601             -0.275815           0.497193            0                   0.0529063           
SPHEROCYLINDER(1)  2.73756             1.40943             1.39727             0.0348346           -0.433664           -0.246419           0.0607005           0.248869            -0.429394           0.495078            0                   0.0699857           
SPHEROCYLINDER(1)  2.75169             1.39381             4.0686              0.0448452           -0.335232           -0.36825            0.0405249           0.370971            -0.332774           0.496333            0                   0.060443            
SPHEROCYLINDER(1)  2.74352             1.38765             6.71367             0.0395321           -0.325383           -0.377576           0.0338823           0.379639            -0.323614           0.497282            0                   0.0520654           
SPHEROCYLINDER(1)  2.71197             1.39431             9.34958             0.0380649           -0.355917           -0.349105           0.0385791           0.351174            -0.35382            0.497054            0                   0.0541967           
SPHEROCYLINDER(1)  2.75931             4.04253             1.40855             0.0321802           -0.347752           -0.357817           0.0311492           0.359261            -0.346354           0.49799             0                   0.0447866           
SPHEROCYLINDER(1)  2.74531             4.05335             4.0731              0.0242216           -0.446508           -0.223706           0.0480645           0.225013            -0.443913           0.497095            0                   0.0538227           
SPHEROCYLINDER(1)  2.71979             4.06409             6.68123             0.0393309           -0.308881           -0.39121            0.0308981           0.393182            -0.307332           0.497492            0                   0.0500162           
SPHEROCYLINDER(1)  2.72443             4.03575             9.37425             0.0377151           -0.343242           -0.361611           0.0356061           0.363573            -0.34139            0.497303            0                   0.0518674           
SPHEROCYLINDER(1)  2.7393              6.73038             1.38878             0.030601            -0.342544           -0.362943           0.0287789           0.36423             -0.341333           0.498232            0                   0.0420077           
SPHEROCYLINDER(1)  2.70305             6.72675             4.05306             0.0200298           -0.453508           -0.209594           0.0431427           0.210549            -0.451451           0.497732            0                   0.0475656           
SPHEROCYLINDER(1)  2.73673             6.70023             6.71198             0.0326727           -0.405681           -0.29044            0.0453505           0.292272            -0.403138           0.496866            0                   0.0558943           
SPHEROCYLINDER(1)  2.72238             6.71857             9.37481             0.035868            -0.365312           -0.339501           0.0383814           0.34139             -0.36329            0.497233            0                   0.0525323           
SPHEROCYLINDER(1)  2.70249             9.35278             1.39304             0.0487777           -0.283714           -0.408812           0.0336131           0.411712            -0.281715           0.496478            0                   0.0592377           
SPHEROCYLINDER(1)  2.70339             9.387               4.07329             0.0397956           -0.332385           -0.371398           0.0354125           0.373524            -0.330493           0.497154            0                   0.0532704           
SPHEROCYLINDER(1)  2.74156             9.35407             6.68435             0.0472161           -0.295516           -0.400551           0.0345952           0.403324            -0.293484           0.496562            0                   0.0585336           
SPHEROCYLINDER(1)  2.72372             9.38225             9.38251             0.0391676           -0.364893           -0.339587           0.0418092           0.341838            -0.362489           0.496707            0                   0.0572897           
SPHEROCYLINDER(1)  5.38512             1.40781             1.41643             0.043611            -0.381582           -0.320146           0.0515042           0.323103            -0.37809            0.495424            0                   0.0674878           
SPHEROCYLINDER(1)  5.38771             1.38654             4.06122             0.0436144           -0.322668           -0.379451           0.0368452           0.381949            -0.320558           0.49673             0                   0.0570945           
SPHEROCYLINDER(1)  5.4011              1.40582             6.70268             0.0435945           -0.376079           -0.326595           0.0497584           0.329492            -0.372773           0.495604            0                   0.0661543           
SPHEROCYLINDER(1)  5.37846             1.40674             9.36033             0.0419862           -0.362792           -0.341495           0.0442713           0.344066            -0.360081           0.496263            0                   0.0610146           
SPHEROCYLINDER(1)  5.38369             4.03197             1.42733             0.042783            -0.355843           -0.348634           0.0433426           0.351249            -0.353193           0.496277            0                   0.0609013           
SPHEROCYLINDER(1)  5.38924             4.05781             4.03559             0.0466879           -0.338743           -0.364793           0.0430032           0.367768            -0.336002           0.495955            0                   0.0634747           
SPHEROCYLINDER(1)  5.37581             4.05302             6.69305             0.0387129           -0.328346           -0.375087           0.0337097           0.377079            -0.326611           0.497358            0                   0.0513326           
SPHEROCYLINDER(1)  5.37995             4.0687              9.34139             0.0366169           -0.373414           -0.330486           0.0411216           0.332508            -0.371143           0.496959            0                   0.0550617           
SPHEROCYLINDER(1)  5.40415             6.705               1.40447             0.0429501           -0.238003           -0.437618           0.0232471           0.439721            -0.236865           0.497609            0                   0.0488379           
SPHEROCYLINDER(1)  5.35366             6.69696             4.05624             0.0314692           -0.402728           -0.294653           0.0427685           0.296328            -0.40045            0.497173            0                   0.0530986           
SPHEROCYLINDER(1)  5.36707             6.70666             6.72179             0.0457905           -0.316358           -0.384475           0.0374134           0.387192            -0.314138           0.496491            0                   0.0591314           
SPHEROCYLINDER(1)  5.38888             6.69603             9.37821             0.025857            -0.380606           -0.323219           0.030351            0.324251            -0.379394           0.498408            0                   0.0398719           
SPHEROCYLINDER(1)  5.37385             9.36804             1.4152              0.0563093           -0.26773            -0.418509           0.0357007           0.42228             -0.265339           0.495535            0                   0.0666729           
SPHEROCYLINDER(1)  5.40452             9.36461             4.06301             0.0520201           -0.258911           -0.424569           0.0314874           0.427744            -0.256989           0.496289            0                   0.0608075           
SPHEROCYLINDER(1)  5.37369             9.35924             6.68222             0.041031            -0.362279           -0.342155           0.0431352           0.344607            -0.359702           0.496443            0                   0.0595331           
SPHEROCYLINDER(1)  5.38552             9.36177             9.34376             0.0525942           -0.213508           -0.449053           0.0248368           0.452122            -0.212058           0.496605            0                   0.0581637           
SPHEROCYLINDER(1)  8.02258             1.40919             1.40312             0.035624            -0.370671           -0.333667           0.0393511           0.335563            -0.368577           0.497174            0                   0.0530809           
SPHEROCYLINDER(1)  8.05989             1.43459             4.06894             0.0349128           -0.382408           -0.320227           0.0414465           0.322124            -0.380156           0.497055            0                   0.0541915           
SPHEROCYLINDER(1)  8.0217              1.39914             6.70769             0.0373698           -0.404854           -0.291026           0.0515628           0.293416            -0.401557           0.495928            0                   0.0636807           
SPHEROCYLINDER(1)  8.05948             1.43755             9.35471             0.0408359           -0.33101            -0.372512           0.0360703           0.374743            -0.329039           0.497022            0                   0.0544852           
SPHEROCYLINDER(1)  8.03931             4.06949             1.4101              0.0380025           -0.332581           -0.371411           0.0338527           0.37335             -0.330853           0.497403            0                   0.0508939           
SPHEROCYLINDER(1)  8.0307              4.07172             4.06134             0.0385649           -0.385034           -0.316642           0.0465507           0.318981            -0.382209           0.496332            0                   0.0604501           
SPHEROCYLINDER(1)  8.02813             4.04797             6.72113             0.0272321           -0.417173           -0.274271           0.041218            0.27562             -0.415132           0.497554            0                   0.0494015           
SPHEROCYLINDER(1)  8.02406             4.08196             9.3615              0.0366045           -0.378478           -0.324677           0.0424015           0.326733            -0.376095           0.496852            0                   0.0560159           
SPHEROCYLINDER(1)  8.00786             6.68771             1.42474             0.0367913           -0.367844           -0.336656           0.0399619           0.33866             -0.365667           0.497041            0                   0.054319            
SPHEROCYLINDER(1)  8.04193             6.72071             4.07734             0.0342979           -0.397071           -0.301925           0.0448181           0.303867            -0.394533           0.496805            0                   0.0564359           
SPHEROCYLINDER(1)  8.06191             6.71071             6.72391             0.0462863           -0.290635           -0.404214           0.0330644           0.406856            -0.288748           0.496754            0                   0.056883            
SPHEROCYLINDER(1)  8.03636             6.69472             9.34547             0.0174666           -0.475779           -0.152738           0.0540564           0.153733            -0.472699           0.496762            0                   0.0568083           
SPHEROCYLINDER(1)  8.01414             9.36782             1.40431             0.0316063           -0.379509           -0.323996           0.0368468           0.325534            -0.377716           0.497638            0                   0.0485453           
SPHEROCYLINDER(1)  8.03028             9.3622              4.04608             0.0436774           -0.38044            -0.321493           0.0512154           0.324446            -0.376977           0.495449            0                   0.0673107           
SPHEROCYLINDER(1)  8.07417             9.35688             6.71396             0.0337433           -0.409742           -0.284558           0.0482498           0.286551            -0.406891           0.496521            0                   0.0588783           
SPHEROCYLINDER(1)  8.02397             9.3551              9.35258             0.042124            -0.238747           -0.437293           0.0228922           0.439318            -0.237647           0.497696            0                   0.0479425           
SPHEROCYLINDER(1)  10.6889             1.40831             1.42318             0.0361764           -0.407328           -0.287706           0.0508177           0.289972            -0.404146           0.496094            0                   0.0623793           
SPHEROCYLINDER(1)  10.7104             1.41088             4.06184             0.0280857           -0.434797           -0.245281           0.0494629           0.246884            -0.431974           0.496754            0                   0.0568805           
SPHEROCYLINDER(1)  10.6956             1.39431             6.7316              0.0291571           -0.366213           -0.339173           0.0313658           0.340424            -0.364867           0.498163            0                   0.0428246           
SPHEROCYLINDER(1)  10.7027             1.39679             9.32942             0.038687            -0.322829           -0.379848           0.0327104           0.381813            -0.321167           0.497427            0                   0.0506622           
SPHEROCYLINDER(1)  10.6716             4.03403             1.41954             0.0407              -0.383806           -0.317863           0.0487456           0.320458            -0.380698           0.495951            0                   0.0635029           
SPHEROCYLINDER(1)  10.6931             4.04575             4.06103             0.021485            -0.432263           -0.250373           0.0369576           0.251293            -0.430681           0.498169            0                   0.0427489           
SPHEROCYLINDER(1)  10.7196             4.07602             6.71403             0.037701            -0.358673           -0.346312           0.0388173           0.348358            -0.356566           0.497063            0                   0.0541123           
SPHEROCYLINDER(1)  10.6885             4.0698              9.36215             0.0413004           -0.340809           -0.363516           0.0384731           0.365854            -0.33863            0.496804            0                   0.0564438           
SPHEROCYLINDER(1)  10.6757             6.73649             1.39224             0.0324847           -0.38328            -0.319439           0.038777            0.321086            -0.381314           0.497435            0                   0.0505857           
SPHEROCYLINDER(1)  10.6969             6.71845             4.02813             0.0423207           -0.312484           -0.388024           0.0338809           0.390325            -0.310642           0.497052            0                   0.0542121           
SPHEROCYLINDER(1)  10.6962             6.71805             6.70867             0.0397117           -0.336166           -0.367988           0.0360682           0.370125            -0.334226           0.497114            0                   0.0536464           
SPHEROCYLINDER(1)  10.6794             6.69901             9.35731             0.0291561           -0.408088           -0.287427           0.0411843           0.288902            -0.406004           0.497447            0                   0.0504601           
SPHEROCYLINDER(1)  10.6774             9.34193             1.41094             0.0421222           -0.318243           -0.383337           0.0347603           0.385644            -0.316339           0.497008            0                   0.0546129           
SPHEROCYLINDER(1)  10.6846             9.39127             4.05488             0.0460657           -0.288522           -0.40575            0.0325475           0.408356            -0.28668            0.496808            0                   0.0564037           
SPHEROCYLINDER(1)  10.6949             9.38699             6.72024             0.0526455           -0.300947           -0.395802           0.0396794           0.399288            -0.29832            0.495635            0                   0.0659242           
SPHEROCYLINDER(1)  10.7048             9.3565              9.35841             0.0463155           -0.28565            -0.407748           0.0322393           0.41037             -0.283825           0.496805            0                   0.0564314           
