365
0         13.2587   
0         13.2587   
0         13.2587   
SPHEROCYLINDER(1)  0.0695411           0.068442            0.0848313           0.0321338           -0.262305           -0.424457           0.0198013           0.425671            -0.261556           0.498573            0                   0.0377448           
SPHEROCYLINDER(1)  0.08304             0.0681514           2.71656             0.020454            -0.3987             -0.301031           0.0270279           0.301725            -0.397783           0.49885             0                   0.033895            
SPHEROCYLINDER(1)  0.0459883           0.0794245           5.36539             0.026111            -0.403802           -0.293704           0.035758            0.294863            -0.402216           0.498036            0                   0.0442766           
SPHEROCYLINDER(1)  0.0621855           0.0431223           8.00071             0.0193889           -0.402555           -0.295928           0.0263186           0.296562            -0.401694           0.49893             0                   0.0326894           
SPHEROCYLINDER(1)  0.0609153           0.0322632           10.6432             0.0329504           -0.371695           -0.332801           0.0366221           0.334429            -0.369887           0.497567            0                   0.0492637           
SPHEROCYLINDER(1)  0.0629257           2.70902             0.0570325           0.0270934           -0.383752           -0.319375           0.0324381           0.320522            -0.382378           0.498211            0                   0.0422644           
SPHEROCYLINDER(1)  0.0487751           2.68566             2.70885             0.0317346           -0.282161           -0.411556           0.0216927           0.412777            -0.281326           0.49852             0                   0.0384403           
SPHEROCYLINDER(1)  0.0820752           2.68887             5.36255             0.0330286           -0.280635           -0.412496           0.0223988           0.413816            -0.27974            0.498405            0                   0.0399074           
SPHEROCYLINDER(1)  0.0656632           2.70516             8.00414             0.0284932           -0.370273           -0.334792           0.0313994           0.336002            -0.36894            0.498199            0                   0.0424003           
SPHEROCYLINDER(1)  0.0627921           2.7188              10.6498             0.036777            -0.235117           -0.439736           0.0195954           0.441271            -0.234299           0.49826             0                   0.0416716           
SPHEROCYLINDER(1)  0.0563912           5.4028              0.0788295           0.028476            -0.353544           -0.352415           0.0284744           0.353563            -0.352395           0.498376            0                   0.04027             
SPHEROCYLINDER(1)  0.0294458           5.36635             2.71008             0.0298983           -0.373389           -0.33119            0.0335713           0.332537            -0.371877           0.497975            0                   0.0449548           
SPHEROCYLINDER(1)  0.072694            5.35447             5.37024             0.033465            -0.400154           -0.29792            0.0446679           0.299794            -0.397654           0.496875            0                   0.0558133           
SPHEROCYLINDER(1)  0.0416488           5.35036             8.00245             0.0243077           -0.325178           -0.379036           0.020811            0.379815            -0.324511           0.498975            0                   0.0319994           
SPHEROCYLINDER(1)  0.0672223           5.38137             10.6676             0.0271399           -0.417908           -0.273161           0.0413178           0.274506            -0.41586            0.49755             0                   0.0494342           
SPHEROCYLINDER(1)  0.0561396           7.99547             0.0749007           0.0170936           -0.428148           -0.257677           0.0283399           0.258243            -0.427209           0.498903            0                   0.0330959           
SPHEROCYLINDER(1)  0.0811359           8.0195              2.73789             0.0290693           -0.215482           -0.450247           0.0138832           0.451185            -0.215034           0.498961            0                   0.0322144           
SPHEROCYLINDER(1)  0.0328599           8.03477             5.38032             0.0365409           -0.276541           -0.414958           0.0242581           0.416564            -0.275475           0.498073            0                   0.04386             
SPHEROCYLINDER(1)  0.0605722           8.00893             8.00892             0.0277633           -0.283945           -0.410615           0.0191549           0.411552            -0.283298           0.498861            0                   0.03373             
SPHEROCYLINDER(1)  0.0482124           8.01583             10.679              0.0400085           -0.352292           -0.352547           0.0397246           0.35481             -0.350045           0.496811            0                   0.0563802           
SPHEROCYLINDER(1)  0.0657566           10.6645             0.0251228           0.0137604           -0.46052            -0.194247           0.0325417           0.194733            -0.459369           0.49875             0                   0.0353314           
SPHEROCYLINDER(1)  0.0601388           10.6754             2.69018             0.0286475           -0.339519           -0.365932           0.0264986           0.367052            -0.338483           0.498475            0                   0.0390238           
SPHEROCYLINDER(1)  0.0571662           10.6817             5.35835             0.0370292           -0.247106           -0.43309            0.0210508           0.434671            -0.246208           0.498182            0                   0.0425945           
SPHEROCYLINDER(1)  0.0549263           10.6516             8.00142             0.023943            -0.364606           -0.341305           0.0255149           0.342144            -0.363712           0.498774            0                   0.0349897           
SPHEROCYLINDER(1)  0.0991585           10.6533             10.6423             0.0240154           -0.357229           -0.349013           0.0245228           0.349839            -0.356387           0.498821            0                   0.0343235           
SPHEROCYLINDER(1)  2.71177             0.0570008           0.0818531           0.0391505           -0.217821           -0.448354           0.0189481           0.45006             -0.216995           0.498105            0                   0.0434948           
SPHEROCYLINDER(1)  2.69979             0.0486901           2.72083             0.0281064           -0.323379           -0.380311           0.0238339           0.381348            -0.322499           0.49864             0                   0.0368514           
SPHEROCYLINDER(1)  2.70067             0.0565539           5.36371             0.0225948           -0.389874           -0.31223            0.02814             0.313047            -0.388857           0.498696            0                   0.0360886           
SPHEROCYLINDER(1)  2.70012             0.0585351           8.03137             0.0257838           -0.330811           -0.374031           0.0227505           0.374919            -0.330028           0.498816            0                   0.0343859           
SPHEROCYLINDER(1)  2.73333             0.0577899           10.6602             0.0415781           -0.280454           -0.411846           0.0281702           0.413939            -0.279035           0.497471            0                   0.0502225           
SPHEROCYLINDER(1)  2.72248             2.70999             0.0434547           0.0192172           -0.385788           -0.317487           0.0233088           0.318068            -0.385084           0.499087            0                   0.0302093           
SPHEROCYLINDER(1)  2.69498             2.69735             2.71397             0.0292881           -0.312848           -0.388932           0.0234921           0.390034            -0.311965           0.498588            0                   0.0375456           
SPHEROCYLINDER(1)  2.6973              2.74515             5.36297             0.0295551           -0.332714           -0.372059           0.0263467           0.373231            -0.331669           0.49843             0                   0.0395936           
SPHEROCYLINDER(1)  2.69148             2.71335             8.01046             0.0333556           -0.3854             -0.316787           0.0403569           0.318539            -0.383281           0.497251            0                   0.0523571           
SPHEROCYLINDER(1)  2.71362             2.72261             10.6705             0.017082            -0.292978           -0.404811           0.0123519           0.405171            -0.292718           0.499555            0                   0.0210799           
SPHEROCYLINDER(1)  2.72777             5.37926             0.0537007           0.0232781           -0.38371            -0.319726           0.0278627           0.320572            -0.382697           0.49868             0                   0.036307            
SPHEROCYLINDER(1)  2.71624             5.35924             2.70764             0.0231693           -0.376124           -0.328624           0.0264526           0.32944             -0.375193           0.498762            0                   0.0351647           
SPHEROCYLINDER(1)  2.71652             5.35659             5.34713             0.0297109           -0.370238           -0.334725           0.0327345           0.336041            -0.368789           0.498042            0                   0.0442073           
SPHEROCYLINDER(1)  2.70691             5.37807             8.02826             0.0253439           -0.332879           -0.372222           0.0226127           0.373084            -0.33211            0.498845            0                   0.0339654           
SPHEROCYLINDER(1)  2.71303             5.37998             10.6642             0.0342217           -0.271343           -0.418571           0.0221108           0.419968            -0.270441           0.498337            0                   0.0407432           
SPHEROCYLINDER(1)  2.74507             8.01043             0.0764918           0.0416655           -0.301578           -0.396629           0.0315071           0.398812            -0.299928           0.497264            0                   0.0522371           
SPHEROCYLINDER(1)  2.71321             8.03812             2.70978             0.0177942           -0.41759            -0.274412           0.0270219           0.274988            -0.416715           0.498952            0                   0.0323545           
SPHEROCYLINDER(1)  2.74084             8.02932             5.36248             0.0264251           -0.371757           -0.333314           0.0293807           0.33436             -0.370594           0.498436            0                   0.039516            
SPHEROCYLINDER(1)  2.70305             8.02138             8.02223             0.0309479           -0.305513           -0.394593           0.023888            0.395805            -0.304578           0.498469            0                   0.0390949           
SPHEROCYLINDER(1)  2.72283             8.01885             10.6724             0.0258843           -0.340593           -0.365139           0.0240839           0.366055            -0.339741           0.498748            0                   0.0353558           
SPHEROCYLINDER(1)  2.72182             10.6871             0.0539142           0.019656            -0.44017            -0.236355           0.0364799           0.237171            -0.438656           0.49828             0                   0.0414384           
SPHEROCYLINDER(1)  2.71988             10.6746             2.69826             0.0365994           -0.265625           -0.422024           0.0229498           0.423608            -0.264632           0.49813             0                   0.0431997           
SPHEROCYLINDER(1)  2.72661             10.6688             5.36043             0.0247704           -0.326758           -0.377645           0.0213867           0.378456            -0.326058           0.498928            0                   0.0327255           
SPHEROCYLINDER(1)  2.71356             10.6721             8.02427             0.0373018           -0.227916           -0.443467           0.0191035           0.445033            -0.227114           0.498241            0                   0.041909            
SPHEROCYLINDER(1)  2.74997             10.6936             10.6538             0.0257139           -0.394219           -0.306481           0.0329594           0.307558            -0.392838           0.498249            0                   0.0418034           
SPHEROCYLINDER(1)  5.37314             0.084475            0.0424922           0.0334044           -0.31494            -0.386907           0.0270902           0.388346            -0.313773           0.498147            0                   0.0430085           
SPHEROCYLINDER(1)  5.34663             0.0342796           2.7293              0.0299023           -0.400972           -0.297199           0.0401406           0.2987              -0.398958           0.497488            0                   0.0500542           
SPHEROCYLINDER(1)  5.36496             0.0843627           5.33798             0.0389017           -0.328501           -0.374932           0.0339022           0.376945            -0.326747           0.49733             0                   0.0516014           
SPHEROCYLINDER(1)  5.36278             0.0628528           8.02227             0.0301076           -0.395624           -0.304261           0.038958            0.305747            -0.393701           0.49757             0                   0.049236            
SPHEROCYLINDER(1)  5.35233             0.0785428           10.6886             0.0352648           -0.268269           -0.420462           0.0224214           0.421938            -0.26733            0.498251            0                   0.0417891           
SPHEROCYLINDER(1)  5.36774             2.71524             0.0658255           0.0249764           -0.352993           -0.353231           0.0248975           0.354112            -0.352114           0.498755            0                   0.0352662           
SPHEROCYLINDER(1)  5.37055             2.70308             2.71973             0.0258497           -0.394318           -0.306341           0.0331555           0.30743             -0.392922           0.498229            0                   0.0420416           
SPHEROCYLINDER(1)  5.34971             2.73159             5.36181             0.0368355           -0.285104           -0.409095           0.0255678           0.41075             -0.283956           0.497985            0                   0.0448394           
SPHEROCYLINDER(1)  5.36534             2.72469             7.99951             0.0158995           -0.459387           -0.19675            0.0370028           0.197391            -0.457895           0.498375            0                   0.0402741           
SPHEROCYLINDER(1)  5.37457             2.73712             10.6521             0.0355407           -0.356762           -0.348507           0.0361948           0.350315            -0.354922           0.49742             0                   0.0507268           
SPHEROCYLINDER(1)  5.36088             5.37838             0.0473783           0.0379501           -0.279203           -0.413044           0.0255453           0.414784            -0.278032           0.497903            0                   0.0457469           
SPHEROCYLINDER(1)  5.35892             5.36038             2.70507             0.0338982           -0.390105           -0.310916           0.0422814           0.312759            -0.387807           0.497055            0                   0.0541923           
SPHEROCYLINDER(1)  5.38656             5.38319             5.36636             0.0218431           -0.360006           -0.346293           0.022663            0.346981            -0.359291           0.499008            0                   0.0314758           
SPHEROCYLINDER(1)  5.35954             5.33174             8.03506             0.0311008           -0.29714            -0.400925           0.0229809           0.402129            -0.29625            0.498502            0                   0.0386701           
SPHEROCYLINDER(1)  5.36784             5.38112             10.6421             0.0304003           -0.353589           -0.352208           0.0304064           0.353518            -0.352279           0.498148            0                   0.0429968           
SPHEROCYLINDER(1)  5.37133             8.01276             0.0507065           0.0224509           -0.406516           -0.290242           0.0313513           0.291109            -0.405305           0.498511            0                   0.038561            
SPHEROCYLINDER(1)  5.36623             8.00085             2.73198             0.0284186           -0.300074           -0.398933           0.0213222           0.399944            -0.299316           0.498736            0                   0.0355282           
SPHEROCYLINDER(1)  5.35721             8.00223             5.36302             0.0257681           -0.366799           -0.338814           0.0278162           0.339792            -0.365742           0.49856             0                   0.0379175           
SPHEROCYLINDER(1)  5.35742             8.00532             8.0077              0.0265972           -0.328762           -0.375776           0.0232115           0.376717            -0.327942           0.498752            0                   0.0353014           
SPHEROCYLINDER(1)  5.33093             8.01203             10.6723             0.0271637           -0.406448           -0.289935           0.0379136           0.291205            -0.404675           0.49782             0                   0.0466402           
SPHEROCYLINDER(1)  5.36539             10.6656             0.0526302           0.0210084           -0.391248           -0.310618           0.0264014           0.311328            -0.390356           0.49886             0                   0.03374             
SPHEROCYLINDER(1)  5.35674             10.6645             2.72123             0.0399306           -0.352187           -0.352661           0.0396238           0.354914            -0.349951           0.496825            0                   0.0562539           
SPHEROCYLINDER(1)  5.34269             10.6689             5.3683              0.0363534           -0.248832           -0.432158           0.0208582           0.433685            -0.247957           0.49824             0                   0.0419122           
SPHEROCYLINDER(1)  5.37562             10.6797             8.0276              0.0167462           -0.454423           -0.207893           0.0364865           0.208566            -0.452956           0.498386            0                   0.040146            
SPHEROCYLINDER(1)  5.37803             10.6616             10.6686             0.0282658           -0.353918           -0.352056           0.0283242           0.353189            -0.352782           0.498396            0                   0.0400152           
SPHEROCYLINDER(1)  8.01431             0.0532408           0.0512496           0.0202648           -0.431652           -0.251527           0.0346648           0.252342            -0.430258           0.498385            0                   0.0401536           
SPHEROCYLINDER(1)  8.03314             0.0729676           2.71984             0.0255624           -0.418331           -0.272664           0.0390477           0.273859            -0.416505           0.497817            0                   0.0466707           
SPHEROCYLINDER(1)  8.0088              0.0793809           5.37245             0.0335361           -0.267647           -0.420999           0.021253            0.422333            -0.266802           0.498421            0                   0.0397034           
SPHEROCYLINDER(1)  8.0042              0.0575915           8.0279              0.0238147           -0.379407           -0.324782           0.0277456           0.325654            -0.378391           0.498661            0                   0.0365644           
SPHEROCYLINDER(1)  8.03964             0.0469333           10.6622             0.0254952           -0.342777           -0.363117           0.0240081           0.364011            -0.341935           0.498772            0                   0.0350199           
SPHEROCYLINDER(1)  8.01276             2.70793             0.0622976           0.0309835           -0.247044           -0.4336             0.017608            0.434706            -0.246416           0.498728            0                   0.0356373           
SPHEROCYLINDER(1)  8.00272             2.71924             2.72442             0.026792            -0.358216           -0.347798           0.027513            0.348828            -0.357158           0.498523            0                   0.0384028           
SPHEROCYLINDER(1)  8.03392             2.71914             5.36701             0.0311638           -0.361507           -0.344008           0.0326154           0.345417            -0.360032           0.497961            0                   0.0451104           
SPHEROCYLINDER(1)  8.00073             2.72603             8.01225             0.020578            -0.413108           -0.280924           0.0301799           0.281676            -0.412004           0.498664            0                   0.0365278           
SPHEROCYLINDER(1)  8.00421             2.70439             10.6634             0.0325243           -0.241112           -0.436815           0.0179031           0.438024            -0.240446           0.49862             0                   0.0371262           
SPHEROCYLINDER(1)  8.02391             5.38258             0.0513151           0.0352005           -0.335441           -0.369107           0.0318455           0.370782            -0.333926           0.497742            0                   0.047468            
SPHEROCYLINDER(1)  8.01662             5.37176             2.72926             0.0243615           -0.386423           -0.316361           0.0296688           0.317297            -0.385282           0.498524            0                   0.038389            
SPHEROCYLINDER(1)  7.99843             5.36568             5.36471             0.0371227           -0.222629           -0.44616            0.01846             0.447701            -0.221862           0.498278            0                   0.0414592           
SPHEROCYLINDER(1)  8.01341             5.36505             8.00119             0.0359855           -0.287812           -0.40727            0.0253318           0.408857            -0.286695           0.49806             0                   0.0440075           
SPHEROCYLINDER(1)  8.00935             5.3691              10.6745             0.0302111           -0.168529           -0.469771           0.0108158           0.470742            -0.168182           0.498969            0                   0.0320889           
SPHEROCYLINDER(1)  8.0133              8.02269             0.0580993           0.022256            -0.384442           -0.318919           0.0267635           0.319695            -0.383509           0.498787            0                   0.0348083           
SPHEROCYLINDER(1)  8.01647             8.04602             2.67891             0.0332147           -0.277661           -0.414489           0.022179            0.415818            -0.276774           0.498402            0                   0.039939            
SPHEROCYLINDER(1)  8.02875             8.026               5.3586              0.0318232           -0.33485            -0.36995            0.0286979           0.371316            -0.333618           0.49816             0                   0.0428518           
SPHEROCYLINDER(1)  8.00474             7.99368             8.02604             0.0272664           -0.358079           -0.347902           0.0279782           0.348969            -0.356984           0.498471            0                   0.0390671           
SPHEROCYLINDER(1)  7.99665             8.01544             10.6663             0.0334061           -0.328252           -0.375679           0.029074            0.377162            -0.326961           0.498035            0                   0.0442862           
SPHEROCYLINDER(1)  8.01901             10.6941             0.0753563           0.0263996           -0.329102           -0.375493           0.023081            0.37642             -0.328291           0.498769            0                   0.0350667           
SPHEROCYLINDER(1)  7.99751             10.6777             2.74287             0.0373257           -0.370695           -0.333454           0.0412368           0.335537            -0.368394           0.496897            0                   0.0556208           
SPHEROCYLINDER(1)  8.01311             10.6787             5.35936             0.0210677           -0.436468           -0.243005           0.037699            0.243917            -0.434837           0.498131            0                   0.0431863           
SPHEROCYLINDER(1)  8.0114              10.6602             8.04886             0.0157959           -0.409439           -0.286549           0.022536            0.286984            -0.408818           0.499242            0                   0.0275206           
SPHEROCYLINDER(1)  7.99473             10.6722             10.6827             0.0328633           -0.366459           -0.338567           0.0354043           0.340158            -0.364745           0.497661            0                   0.0483059           
SPHEROCYLINDER(1)  10.681              0.029243            0.0812577           0.0111004           -0.478783           -0.143678           0.0368804           0.144106            -0.477361           0.498514            0                   0.0385148           
SPHEROCYLINDER(1)  10.6659             0.0485766           2.6977              0.0378662           -0.329529           -0.374135           0.0331822           0.376046            -0.327854           0.497459            0                   0.0503478           
SPHEROCYLINDER(1)  10.6697             0.0541304           5.36515             0.0241339           -0.313995           -0.388361           0.019475            0.389111            -0.313391           0.499037            0                   0.0310116           
SPHEROCYLINDER(1)  10.6698             0.0684779           8.00202             0.0326264           -0.32788            -0.376072           0.028339            0.377485            -0.326653           0.498129            0                   0.0432155           
SPHEROCYLINDER(1)  10.6577             0.0615056           10.66               0.0351345           -0.331902           -0.372299           0.0311836           0.373953            -0.330434           0.497788            0                   0.0469771           
SPHEROCYLINDER(1)  10.6646             2.70537             0.0330722           0.0322474           -0.33949            -0.365659           0.0298237           0.367079            -0.338177           0.498067            0                   0.0439243           
SPHEROCYLINDER(1)  10.6936             2.71954             2.7103              0.0385834           -0.298801           -0.399035           0.0287575           0.400896            -0.297414           0.497679            0                   0.0481214           
SPHEROCYLINDER(1)  10.6988             2.70505             5.37069             0.0290484           -0.352758           -0.353154           0.0289181           0.354347            -0.351571           0.498317            0                   0.0409886           
SPHEROCYLINDER(1)  10.6614             2.70621             8.02481             0.0321154           -0.355533           -0.350093           0.0324781           0.351562            -0.354047           0.497909            0                   0.0456752           
SPHEROCYLINDER(1)  10.6748             2.7099              10.6644             0.028439            -0.392022           -0.309047           0.0359228           0.310352            -0.390373           0.497896            0                   0.0458172           
SPHEROCYLINDER(1)  10.6605             5.35278             0.0432325           0.0270043           -0.324866           -0.379121           0.0230813           0.380082            -0.324045           0.498736            0                   0.0355244           
SPHEROCYLINDER(1)  10.662              5.37895             2.70487             0.0277048           -0.378825           -0.325152           0.0321615           0.32633             -0.377457           0.498195            0                   0.042449            
SPHEROCYLINDER(1)  10.6888             5.36617             5.37583             0.0334622           -0.27482            -0.416358           0.0220159           0.417701            -0.273937           0.498393            0                   0.0400552           
SPHEROCYLINDER(1)  10.6595             5.37924             8.0293              0.0147263           -0.450327           -0.21677            0.0305227           0.217269            -0.449291           0.49885             0                   0.0338895           
SPHEROCYLINDER(1)  10.6935             5.33919             10.653              0.0329472           -0.348806           -0.356719           0.0320798           0.358238            -0.347328           0.497881            0                   0.0459851           
SPHEROCYLINDER(1)  10.642              8.00077             0.0424628           0.0224261           -0.378209           -0.326274           0.0259347           0.327044            -0.377319           0.498823            0                   0.0342862           
SPHEROCYLINDER(1)  10.6805             8.02214             2.72227             0.036189            -0.19173            -0.460359           0.0150256           0.461779            -0.19114            0.498462            0                   0.0391843           
SPHEROCYLINDER(1)  10.6614             8.03009             5.37404             0.0215158           -0.375801           -0.329106           0.0245162           0.329808            -0.375001           0.498935            0                   0.0326186           
SPHEROCYLINDER(1)  10.6489             8.02829             8.01662             0.0242047           -0.376743           -0.32784            0.0277398           0.328732            -0.37572            0.498643            0                   0.0368153           
SPHEROCYLINDER(1)  10.6715             7.99768             10.693              0.0322583           -0.369118           -0.335725           0.0353043           0.337271            -0.367426           0.497708            0                   0.0478225           
SPHEROCYLINDER(1)  10.6777             10.637              0.0615755           0.0180816           -0.350758           -0.355868           0.017799            0.356327            -0.350306           0.499356            0                   0.0253722           
SPHEROCYLINDER(1)  10.6618             10.6625             2.70729             0.0332976           -0.3253             -0.378247           0.0285263           0.37971             -0.324047           0.498074            0                   0.0438461           
SPHEROCYLINDER(1)  10.6822             10.6663             5.35202             0.0358423           -0.301854           -0.396988           0.0271427           0.398602            -0.300632           0.497975            0                   0.0449599           
SPHEROCYLINDER(1)  10.6859             10.676              7.99122             0.0192453           -0.396322           -0.304234           0.0250206           0.304843            -0.395531           0.499003            0                   0.031566            
SPHEROCYLINDER(1)  10.6581             10.6486             10.6497             0.0281752           -0.370667           -0.334383           0.0311222           0.335568            -0.369358           0.498234            0                   0.0419813           
SPHEROCYLINDER(1)  1.39485             1.3782              0.0305792           0.0282947           -0.327978           -0.376337           0.0245894           0.377399            -0.327055           0.498593            0                   0.0374864           
SPHEROCYLINDER(1)  1.40308             1.37576             2.7146              0.0302021           -0.380494           -0.322974           0.0354263           0.324384            -0.378841           0.497828            0                   0.0465531           
SPHEROCYLINDER(1)  1.3938              1.39323             5.36938             0.029856            -0.349259           -0.356548           0.0291436           0.357796            -0.348041           0.498256            0                   0.041722            
SPHEROCYLINDER(1)  1.38492             1.39362             8.02036             0.03247             -0.334664           -0.370062           0.0292517           0.371484            -0.333383           0.498086            0                   0.0437031           
SPHEROCYLINDER(1)  1.37463             1.38051             10.7002             0.0232655           -0.420249           -0.269906           0.0360909           0.270907            -0.418696           0.498153            0                   0.0429399           
SPHEROCYLINDER(1)  1.3754              4.03055             0.0608511           0.0316405           -0.335454           -0.369418           0.0286267           0.37077             -0.334231           0.498176            0                   0.0426686           
SPHEROCYLINDER(1)  1.39502             4.04958             2.70883             0.0173349           -0.435046           -0.245834           0.0306011           0.246444            -0.433969           0.498762            0                   0.03517             
SPHEROCYLINDER(1)  1.39119             4.02741             5.35934             0.0272626           -0.327942           -0.376445           0.0236879           0.377431            -0.327085           0.498694            0                   0.036116            
SPHEROCYLINDER(1)  1.38333             4.05391             8.00099             0.0212818           -0.371211           -0.33429            0.0235845           0.334966            -0.370461           0.49899             0                   0.031767            
SPHEROCYLINDER(1)  1.4003              4.02108             10.6647             0.0390047           -0.231398           -0.441513           0.0203632           0.443232            -0.2305             0.49806             0                   0.0440003           
SPHEROCYLINDER(1)  1.37965             6.69762             0.0437762           0.0237766           -0.405038           -0.292197           0.0328501           0.293163            -0.403703           0.498353            0                   0.0405519           
SPHEROCYLINDER(1)  1.39158             6.69509             2.7231              0.031198            -0.324574           -0.379049           0.0266243           0.380331            -0.32348            0.498315            0                   0.0410143           
SPHEROCYLINDER(1)  1.39705             6.68475             5.35067             0.0248796           -0.298977           -0.399992           0.0185606           0.400765            -0.298401           0.499036            0                   0.0310401           
SPHEROCYLINDER(1)  1.40123             6.69554             8.0065              0.0257396           -0.408371           -0.287351           0.0364342           0.288502            -0.406742           0.498006            0                   0.0446092           
SPHEROCYLINDER(1)  1.35647             6.70707             10.6557             0.0324366           -0.340883           -0.364344           0.0302284           0.365785            -0.33954            0.49803             0                   0.0443383           
SPHEROCYLINDER(1)  1.3725              9.31927             0.0529751           0.0349389           -0.327419           -0.376266           0.0302728           0.377885            -0.326016           0.497858            0                   0.0462295           
SPHEROCYLINDER(1)  1.36117             9.3578              2.70846             0.0291042           -0.335813           -0.3693             0.0263833           0.370445            -0.334775           0.498454            0                   0.0392828           
SPHEROCYLINDER(1)  1.36031             9.33085             5.3812              0.0325756           -0.3877             -0.31405            0.0400005           0.315735            -0.385631           0.497332            0                   0.0515869           
SPHEROCYLINDER(1)  1.37808             9.33292             8.01643             0.0420587           -0.213314           -0.450254           0.0198395           0.452214            -0.212389           0.497833            0                   0.0465031           
SPHEROCYLINDER(1)  1.38585             9.34015             10.6755             0.0314813           -0.370605           -0.334157           0.0347611           0.335637            -0.368971           0.497796            0                   0.0468979           
SPHEROCYLINDER(1)  4.02916             1.36911             0.0621202           0.0268735           -0.347237           -0.358754           0.0259381           0.359759            -0.346267           0.498603            0                   0.0373493           
SPHEROCYLINDER(1)  4.04208             1.40546             2.70831             0.0308755           -0.218072           -0.448878           0.0149645           0.449938            -0.217558           0.498821            0                   0.0343108           
SPHEROCYLINDER(1)  4.00897             1.36455             5.33966             0.0213795           -0.453347           -0.209808           0.0459581           0.210895            -0.451011           0.497424            0                   0.0506875           
SPHEROCYLINDER(1)  4.0419              1.38617             8.01415             0.0372763           -0.285355           -0.40888            0.0259075           0.410576            -0.284177           0.497935            0                   0.0453951           
SPHEROCYLINDER(1)  4.04294             1.37801             10.6546             0.0270096           -0.364967           -0.34069            0.0288437           0.341759            -0.363825           0.498436            0                   0.0395155           
SPHEROCYLINDER(1)  4.03931             4.05219             0.0738766           0.0296493           -0.362726           -0.342857           0.0312509           0.344137            -0.361377           0.498141            0                   0.0430778           
SPHEROCYLINDER(1)  4.04148             4.04577             2.69984             0.0377569           -0.338613           -0.365945           0.0347525           0.367887            -0.336825           0.49736             0                   0.0513159           
SPHEROCYLINDER(1)  4.02214             4.03083             5.3596              0.0236587           -0.385321           -0.317755           0.0286102           0.318634            -0.384257           0.49862             0                   0.0371251           
SPHEROCYLINDER(1)  4.02449             4.05545             8.0243              0.0330932           -0.304278           -0.395373           0.0253798           0.396755            -0.303218           0.498258            0                   0.0417049           
SPHEROCYLINDER(1)  4.06086             4.02497             10.6962             0.0322951           -0.372856           -0.331565           0.0361459           0.333134            -0.3711             0.497645            0                   0.0484716           
SPHEROCYLINDER(1)  4.05879             6.65381             0.0696454           0.0242072           -0.388947           -0.313264           0.0299661           0.314198            -0.387791           0.498514            0                   0.0385221           
SPHEROCYLINDER(1)  4.02986             6.68348             2.70554             0.0349256           -0.320664           -0.38204            0.029193            0.383633            -0.319333           0.497924            0                   0.0455196           
SPHEROCYLINDER(1)  4.04166             6.69078             5.3918              0.0228153           -0.38764            -0.314984           0.0280047           0.315809            -0.386627           0.498693            0                   0.0361221           
SPHEROCYLINDER(1)  4.03768             6.68685             8.02011             0.0211123           -0.415969           -0.276629           0.0316547           0.277434            -0.414763           0.49855             0                   0.0380493           
SPHEROCYLINDER(1)  4.02348             6.67208             10.6862             0.0294338           -0.34167            -0.363862           0.0275487           0.36505             -0.340557           0.498372            0                   0.0403147           
SPHEROCYLINDER(1)  4.06466             9.35359             0.056503            0.0206385           -0.440503           -0.235651           0.0384326           0.236553            -0.438823           0.498093            0                   0.0436235           
SPHEROCYLINDER(1)  4.03969             9.30943             2.71287             0.0400778           -0.340653           -0.363799           0.0373023           0.366               -0.338604           0.496993            0                   0.0547512           
SPHEROCYLINDER(1)  4.04894             9.34486             5.34666             0.0224072           -0.421404           -0.268173           0.0350881           0.269108            -0.41994            0.498264            0                   0.0416324           
SPHEROCYLINDER(1)  4.04035             9.36539             8.03507             0.0403026           -0.286978           -0.407455           0.028248            0.409443            -0.285584           0.497572            0                   0.0492163           
SPHEROCYLINDER(1)  4.05022             9.34219             10.6625             0.0329413           -0.36724            -0.337712           0.0356524           0.339315            -0.365506           0.497638            0                   0.0485409           
SPHEROCYLINDER(1)  6.69615             1.37521             0.0297637           0.0339742           -0.30858            -0.391949           0.0266478           0.393419            -0.307427           0.498132            0                   0.0431781           
SPHEROCYLINDER(1)  6.70459             1.39986             2.70537             0.0198129           -0.453442           -0.209756           0.0426408           0.21069             -0.451433           0.497784            0                   0.047019            
SPHEROCYLINDER(1)  6.65513             1.39107             5.36958             0.0245273           -0.408927           -0.286665           0.0348609           0.287712            -0.407439           0.49818             0                   0.0426248           
SPHEROCYLINDER(1)  6.6744              1.40538             8.0129              0.0406919           -0.251274           -0.430355           0.0236535           0.432275            -0.250158           0.49778             0                   0.0470672           
SPHEROCYLINDER(1)  6.69751             1.38284             10.6713             0.0366926           -0.289675           -0.405885           0.0260807           0.40754             -0.288498           0.497969            0                   0.0450173           
SPHEROCYLINDER(1)  6.70192             4.03989             0.0616014           0.0146547           -0.359044           -0.347668           0.0151208           0.347976            -0.358725           0.499556            0                   0.021057            
SPHEROCYLINDER(1)  6.70271             4.05556             2.72061             0.0290642           -0.322894           -0.380651           0.0245827           0.381759            -0.321957           0.498549            0                   0.0380662           
SPHEROCYLINDER(1)  6.69487             4.04192             5.35078             0.0185352           -0.36252            -0.343854           0.0195131           0.344353            -0.361995           0.499275            0                   0.0269131           
SPHEROCYLINDER(1)  6.70604             4.04542             8.03078             0.0181936           -0.423078           -0.265846           0.0288864           0.266468            -0.422091           0.498833            0                   0.0341384           
SPHEROCYLINDER(1)  6.68086             4.04791             10.6724             0.0412177           -0.304035           -0.394796           0.0315704           0.396942            -0.302391           0.497297            0                   0.0519191           
SPHEROCYLINDER(1)  6.69032             6.68793             0.06646             0.0181181           -0.431114           -0.25261            0.0308418           0.253259            -0.43001            0.498719            0                   0.0357698           
SPHEROCYLINDER(1)  6.69815             6.6812              2.71854             0.0319747           -0.346629           -0.358924           0.0307576           0.360345            -0.345261           0.498028            0                   0.0443668           
SPHEROCYLINDER(1)  6.68446             6.68844             5.33865             0.0344228           -0.215734           -0.449749           0.0164636           0.451064            -0.215105           0.498542            0                   0.0381573           
SPHEROCYLINDER(1)  6.70835             6.68947             8.01157             0.0365704           -0.364224           -0.340592           0.0388843           0.34255             -0.362143           0.497142            0                   0.0533796           
SPHEROCYLINDER(1)  6.67935             6.71097             10.6654             0.0170747           -0.404553           -0.293335           0.0235087           0.293832            -0.403869           0.499155            0                   0.0290552           
SPHEROCYLINDER(1)  6.68396             9.35217             0.0452072           0.0363287           -0.300031           -0.398324           0.0272509           0.399977            -0.298791           0.497933            0                   0.0454135           
SPHEROCYLINDER(1)  6.6802              9.35071             2.70908             0.0247315           -0.342743           -0.363202           0.0232844           0.364043            -0.341951           0.498845            0                   0.0339678           
SPHEROCYLINDER(1)  6.70695             9.35064             5.36993             0.0367101           -0.30087            -0.397655           0.0276577           0.399346            -0.299596           0.497883            0                   0.0459628           
SPHEROCYLINDER(1)  6.69623             9.35459             8.00477             0.0196392           -0.37811            -0.326569           0.0226977           0.327159            -0.377428           0.499098            0                   0.0300147           
SPHEROCYLINDER(1)  6.7069              9.34432             10.6551             0.0312684           -0.249969           -0.4319             0.0180498           0.43303             -0.249317           0.498695            0                   0.0361041           
SPHEROCYLINDER(1)  9.34497             1.37767             0.0516334           0.0262021           -0.40588            -0.290817           0.0364215           0.291995            -0.404243           0.497983            0                   0.0448673           
SPHEROCYLINDER(1)  9.34798             1.37843             2.69591             0.0257083           -0.406134           -0.290507           0.0358008           0.291642            -0.404553           0.498054            0                   0.0440751           
SPHEROCYLINDER(1)  9.31918             1.37856             5.36023             0.0333195           -0.302235           -0.396918           0.0252824           0.398314            -0.301176           0.498248            0                   0.0418257           
SPHEROCYLINDER(1)  9.3307              1.37718             8.01288             0.0265868           -0.380476           -0.323313           0.0311823           0.324404            -0.379196           0.498318            0                   0.040978            
SPHEROCYLINDER(1)  9.32612             1.37393             10.6594             0.0220428           -0.424373           -0.26348            0.0353794           0.264401            -0.422896           0.498259            0                   0.0416844           
SPHEROCYLINDER(1)  9.33286             4.06029             0.087485            0.0245292           -0.383484           -0.319904           0.0293183           0.320843            -0.382362           0.498537            0                   0.0382262           
SPHEROCYLINDER(1)  9.34383             4.05876             2.71731             0.0336445           -0.263929           -0.423331           0.02091             0.424666            -0.263099           0.498428            0                   0.0396129           
SPHEROCYLINDER(1)  9.37358             4.04201             5.38153             0.0410188           -0.312059           -0.388506           0.0327653           0.390665            -0.310334           0.497236            0                   0.0524986           
SPHEROCYLINDER(1)  9.33623             4.03038             8.01433             0.0241938           -0.34905            -0.357181           0.023589            0.358               -0.348252           0.498857            0                   0.0337903           
SPHEROCYLINDER(1)  9.30267             4.05664             10.6502             0.0444098           -0.305311           -0.393463           0.0342428           0.395961            -0.303385           0.496845            0                   0.0560785           
SPHEROCYLINDER(1)  9.34341             6.66762             0.046463            0.0331501           -0.309189           -0.39154            0.0260845           0.392941            -0.308087           0.498217            0                   0.0421821           
SPHEROCYLINDER(1)  9.36705             6.68416             2.70412             0.0309287           -0.316075           -0.386187           0.0252328           0.387423            -0.315066           0.498404            0                   0.0399159           
SPHEROCYLINDER(1)  9.36444             6.68014             5.3639              0.0194769           -0.458931           -0.197491           0.0450421           0.198449            -0.456716           0.497586            0                   0.0490729           
SPHEROCYLINDER(1)  9.35254             6.72819             8.01981             0.0419773           -0.356667           -0.347889           0.0427266           0.350412            -0.354098           0.496399            0                   0.059897            
SPHEROCYLINDER(1)  9.34126             6.65824             10.6708             0.0251519           -0.423579           -0.264478           0.0401015           0.265671            -0.421676           0.497754            0                   0.0473366           
SPHEROCYLINDER(1)  9.34409             9.34446             0.0474169           0.0323397           -0.32321            -0.380118           0.0273992           0.381491            -0.322047           0.4982              0                   0.042386            
SPHEROCYLINDER(1)  9.35827             9.32872             2.7268              0.0245846           -0.367218           -0.338447           0.0266044           0.339339            -0.366253           0.498686            0                   0.0362242           
SPHEROCYLINDER(1)  9.34171             9.34973             5.32872             0.0375403           -0.17009            -0.468679           0.0135804           0.47018             -0.169547           0.498404            0                   0.0399211           
SPHEROCYLINDER(1)  9.32737             9.34464             8.00572             0.0245314           -0.334811           -0.37054            0.0221176           0.371351            -0.33408            0.498908            0                   0.0330299           
SPHEROCYLINDER(1)  9.32582             9.34578             10.6883             0.035062            -0.383027           -0.31947            0.0417864           0.321389            -0.38074            0.497016            0                   0.0545477           
SPHEROCYLINDER(1)  1.39958             0.0710174           1.36317             0.0186677           -0.327891           -0.377013           0.0162156           0.377475            -0.32749            0.499388            0                   0.0247271           
SPHEROCYLINDER(1)  1.3735              0.0676625           4.04854             0.0206273           -0.424102           -0.26403            0.0330324           0.264834            -0.422814           0.498481            0                   0.0389438           
SPHEROCYLINDER(1)  1.42023             0.0592143           6.69951             0.0220236           -0.39066            -0.311287           0.0275704           0.312065            -0.389686           0.498753            0                   0.0352869           
SPHEROCYLINDER(1)  1.40759             0.0544787           9.35739             0.0299501           -0.366671           -0.338608           0.0323061           0.33993             -0.365245           0.498056            0                   0.0440532           
SPHEROCYLINDER(1)  1.39334             2.72457             1.38506             0.0247176           -0.350624           -0.3556             0.0243131           0.356458            -0.34978            0.498796            0                   0.0346711           
SPHEROCYLINDER(1)  1.4104              2.70026             4.03173             0.022156            -0.425756           -0.26123            0.0359808           0.262168            -0.424233           0.498211            0                   0.0422553           
SPHEROCYLINDER(1)  1.37129             2.7188              6.67441             0.0334012           -0.371173           -0.333339           0.0370069           0.335008            -0.369323           0.497509            0                   0.0498512           
SPHEROCYLINDER(1)  1.42093             2.7041              9.31661             0.0336578           -0.379839           -0.323403           0.039319            0.325149            -0.377799           0.497314            0                   0.0517574           
SPHEROCYLINDER(1)  1.40219             5.3459              1.38651             0.0431405           -0.272647           -0.416896           0.0280637           0.419122            -0.271199           0.497344            0                   0.0514652           
SPHEROCYLINDER(1)  1.39193             5.38729             4.04609             0.0292579           -0.311957           -0.38965            0.0233584           0.390747            -0.311081           0.498596            0                   0.0374385           
SPHEROCYLINDER(1)  1.39275             5.3496              6.68169             0.0421961           -0.285342           -0.408411           0.0293249           0.410585            -0.283832           0.497353            0                   0.0513854           
SPHEROCYLINDER(1)  1.39621             5.35559             9.31474             0.035366            -0.350641           -0.354683           0.0347905           0.356442            -0.348911           0.497533            0                   0.0496098           
SPHEROCYLINDER(1)  1.40432             8.01409             1.35548             0.0422502           -0.274192           -0.415973           0.027707            0.418113            -0.272788           0.497441            0                   0.0505248           
SPHEROCYLINDER(1)  1.38702             7.98521             4.03175             0.0337515           -0.33223            -0.372135           0.030009            0.373662            -0.330872           0.497956            0                   0.0451631           
SPHEROCYLINDER(1)  1.37889             8.01986             6.68462             0.0313392           -0.268143           -0.420853           0.0199124           0.422018            -0.267403           0.498619            0                   0.0371302           
SPHEROCYLINDER(1)  1.38955             8.02496             9.34551             0.0130294           -0.421462           -0.268701           0.0204128           0.269017            -0.420967           0.499413            0                   0.0242167           
SPHEROCYLINDER(1)  1.35695             10.6655             1.36005             0.0230431           -0.349441           -0.356875           0.0225162           0.357618            -0.348715           0.498961            0                   0.0322175           
SPHEROCYLINDER(1)  1.38803             10.6684             4.03023             0.029777            -0.354877           -0.350964           0.0300012           0.352225            -0.353606           0.49821             0                   0.0422698           
SPHEROCYLINDER(1)  1.38429             10.6573             6.68231             0.0361979           -0.312841           -0.388355           0.0290335           0.390039            -0.311491           0.497842            0                   0.046403            
SPHEROCYLINDER(1)  1.37208             10.6913             9.32371             0.0277672           -0.405024           -0.291864           0.0383598           0.293182            -0.403203           0.497752            0                   0.0473549           
SPHEROCYLINDER(1)  4.05911             0.084858            1.39488             0.0365686           -0.330637           -0.373285           0.0322362           0.375072            -0.329062           0.497618            0                   0.0487487           
SPHEROCYLINDER(1)  4.02641             0.0635323           4.04957             0.0371319           -0.286823           -0.407865           0.0260048           0.409552            -0.285642           0.497941            0                   0.0453324           
SPHEROCYLINDER(1)  4.03963             0.0421951           6.67553             0.0290398           -0.378312           -0.325633           0.0336043           0.326926            -0.376816           0.498024            0                   0.0444135           
SPHEROCYLINDER(1)  4.05152             0.0502436           9.34451             0.0255654           -0.391253           -0.31027            0.0321293           0.311321            -0.389932           0.498311            0                   0.0410595           
SPHEROCYLINDER(1)  4.05179             2.73385             1.38443             0.0305713           -0.324024           -0.37957            0.0260133           0.380799            -0.322979           0.498386            0                   0.040141            
SPHEROCYLINDER(1)  4.03917             2.68385             4.02934             0.0287681           -0.394695           -0.305595           0.0369922           0.306946            -0.392957           0.497799            0                   0.0468618           
SPHEROCYLINDER(1)  4.05396             2.70374             6.69865             0.0291867           -0.399386           -0.299397           0.0387504           0.300817            -0.397502           0.497641            0                   0.0485124           
SPHEROCYLINDER(1)  4.03375             2.71537             9.33096             0.0329914           -0.298655           -0.399646           0.0245708           0.401005            -0.297642           0.498305            0                   0.0411359           
SPHEROCYLINDER(1)  4.04067             5.3689              1.38937             0.0353724           -0.239542           -0.437457           0.0193061           0.438885            -0.238763           0.498373            0                   0.040298            
SPHEROCYLINDER(1)  4.04266             5.37156             4.03977             0.0100021           -0.481092           -0.135832           0.0353299           0.1362              -0.479793           0.49865             0                   0.0367185           
SPHEROCYLINDER(1)  4.02207             5.37051             6.66799             0.0370501           -0.236834           -0.43879            0.0199266           0.440352            -0.235994           0.498227            0                   0.0420687           
SPHEROCYLINDER(1)  4.05947             5.3448              9.34187             0.0250231           -0.410675           -0.284113           0.0360305           0.285213            -0.409091           0.498072            0                   0.0438674           
SPHEROCYLINDER(1)  4.04456             8.03366             1.4008              0.032787            -0.35176            -0.353822           0.0324569           0.355338            -0.350259           0.497867            0                   0.046135            
SPHEROCYLINDER(1)  4.05072             8.00444             4.03781             0.0400644           -0.348116           -0.356665           0.0388597           0.358908            -0.34594            0.496875            0                   0.0558143           
SPHEROCYLINDER(1)  4.0314              7.99368             6.69923             0.0244981           -0.319713           -0.383645           0.0203741           0.384426            -0.319063           0.498984            0                   0.0318632           
SPHEROCYLINDER(1)  4.0365              8.02442             9.34363             0.0259713           -0.395967           -0.304197           0.0336838           0.305303            -0.394532           0.498188            0                   0.0425336           
SPHEROCYLINDER(1)  4.02735             10.6808             1.38966             0.0192504           -0.426576           -0.26012            0.031483            0.260832            -0.425412           0.498636            0                   0.036902            
SPHEROCYLINDER(1)  4.03678             10.6247             4.02756             0.0262961           -0.375433           -0.329179           0.0298958           0.330227            -0.374241           0.498412            0                   0.0398151           
SPHEROCYLINDER(1)  4.04637             10.6596             6.6958              0.0180783           -0.378551           -0.326148           0.0209508           0.326649            -0.37797            0.499234            0                   0.0276724           
SPHEROCYLINDER(1)  4.0332              10.6972             9.34579             0.0210738           -0.430703           -0.253083           0.0357401           0.253959            -0.429217           0.498276            0                   0.0414905           
SPHEROCYLINDER(1)  6.71482             0.0445563           1.38927             0.0370272           -0.228253           -0.443317           0.0189983           0.44486             -0.227461           0.498265            0                   0.0416167           
SPHEROCYLINDER(1)  6.67445             0.0740661           4.04924             0.0416441           -0.356453           -0.348148           0.0423358           0.350629            -0.35393            0.496461            0                   0.0593848           
SPHEROCYLINDER(1)  6.704               0.0431966           6.68957             0.0273347           -0.355051           -0.350987           0.0275677           0.352049            -0.353979           0.498491            0                   0.0388222           
SPHEROCYLINDER(1)  6.66656             0.0664077           9.33532             0.0323354           -0.333324           -0.371281           0.0289203           0.372686            -0.332067           0.498114            0                   0.0433816           
SPHEROCYLINDER(1)  6.69386             2.72709             1.38919             0.0316995           -0.371347           -0.333312           0.0351582           0.334816            -0.369679           0.497754            0                   0.0473387           
SPHEROCYLINDER(1)  6.70787             2.6941              4.03722             0.0410053           -0.246532           -0.433059           0.0232396           0.434996            -0.245435           0.497774            0                   0.0471329           
SPHEROCYLINDER(1)  6.6792              2.72049             6.68761             0.0346773           -0.312699           -0.388609           0.027793            0.390153            -0.311461           0.498021            0                   0.0444406           
SPHEROCYLINDER(1)  6.67595             2.72479             9.32595             0.029451            -0.353706           -0.352171           0.0294764           0.353401            -0.352476           0.498261            0                   0.041668            
SPHEROCYLINDER(1)  6.68137             5.35465             1.41874             0.0390675           -0.297282           -0.400122           0.028889            0.402024            -0.295875           0.497634            0                   0.0485885           
SPHEROCYLINDER(1)  6.71143             5.38976             4.07075             0.0323207           -0.335589           -0.369236           0.0292635           0.370648            -0.33431            0.498095            0                   0.0436002           
SPHEROCYLINDER(1)  6.70759             5.38548             6.68365             0.0419171           -0.184058           -0.462996           0.0165957           0.46489             -0.183308           0.497963            0                   0.0450828           
SPHEROCYLINDER(1)  6.68331             5.3772              9.35337             0.032749            -0.375477           -0.328549           0.0372421           0.330177            -0.373626           0.497534            0                   0.0495931           
SPHEROCYLINDER(1)  6.69892             7.99703             1.36543             0.0293891           -0.381264           -0.32214            0.0346393           0.323478            -0.379687           0.497932            0                   0.0454269           
SPHEROCYLINDER(1)  6.69859             8.0134              4.04072             0.0420669           -0.335598           -0.368245           0.0380898           0.37064             -0.33343            0.496769            0                   0.0567491           
SPHEROCYLINDER(1)  6.68466             8.01662             6.70139             0.0290033           -0.269487           -0.420161           0.0185583           0.421161            -0.268848           0.498813            0                   0.0344326           
SPHEROCYLINDER(1)  6.68589             8.03361             9.3372              0.0311216           -0.362117           -0.34337            0.0326868           0.344777            -0.360639           0.497959            0                   0.0451329           
SPHEROCYLINDER(1)  6.68524             10.645              1.40039             0.00823777          -0.479047           -0.142989           0.0275528           0.143226            -0.478254           0.499172            0                   0.0287579           
SPHEROCYLINDER(1)  6.68676             10.6668             4.04645             0.0261927           -0.398329           -0.301077           0.0345229           0.302215            -0.396831           0.498119            0                   0.0433346           
SPHEROCYLINDER(1)  6.68074             10.6855             6.6908              0.0252192           -0.251434           -0.431445           0.014672            0.432181            -0.251006           0.499148            0                   0.0291767           
SPHEROCYLINDER(1)  6.69861             10.6626             9.34265             0.0292706           -0.328952           -0.375412           0.0255706           0.376551            -0.327956           0.498487            0                   0.0388667           
SPHEROCYLINDER(1)  9.337               0.0668685           1.37783             0.0345785           -0.291944           -0.404442           0.0248696           0.405917            -0.290883           0.498183            0                   0.042593            
SPHEROCYLINDER(1)  9.33504             0.0563295           4.00644             0.0158522           -0.391669           -0.310393           0.019977            0.310798            -0.391159           0.499349            0                   0.0255024           
SPHEROCYLINDER(1)  9.35423             0.0740589           6.70824             0.0357423           -0.253744           -0.429344           0.021051            0.43083             -0.252869           0.498276            0                   0.0414807           
SPHEROCYLINDER(1)  9.30746             0.0518395           9.34771             0.0243586           -0.351597           -0.354663           0.0240912           0.355499            -0.350771           0.498825            0                   0.0342597           
SPHEROCYLINDER(1)  9.34103             2.71053             1.39459             0.0245056           -0.358292           -0.347889           0.025176            0.348751            -0.357406           0.498764            0                   0.0351334           
SPHEROCYLINDER(1)  9.34182             2.73259             4.03587             0.0355738           -0.245916           -0.433889           0.0200947           0.435345            -0.245093           0.498328            0                   0.0408569           
SPHEROCYLINDER(1)  9.35138             2.7103              6.66048             0.0390912           -0.309117           -0.391048           0.0307477           0.392997            -0.307584           0.49752             0                   0.0497347           
SPHEROCYLINDER(1)  9.35326             2.72688             9.33546             0.0182379           -0.436461           -0.243247           0.032633            0.24393             -0.435239           0.498601            0                   0.0373836           
SPHEROCYLINDER(1)  9.3423              5.40478             1.37874             0.030878            -0.387176           -0.314867           0.0377879           0.316377            -0.385328           0.497613            0                   0.0487993           
SPHEROCYLINDER(1)  9.3395              5.3652              4.01747             0.0286441           -0.3495             -0.356412           0.0279983           0.357561            -0.348376           0.498393            0                   0.0400548           
SPHEROCYLINDER(1)  9.35465             5.36146             6.68778             0.024793            -0.387484           -0.315026           0.0304016           0.316               -0.38629            0.498459            0                   0.0392294           
SPHEROCYLINDER(1)  9.32611             5.3662              9.33493             0.0291292           -0.351226           -0.354672           0.0287494           0.355866            -0.350047           0.498322            0                   0.0409272           
SPHEROCYLINDER(1)  9.33915             7.99419             1.40431             0.0234801           -0.380934           -0.323013           0.0276176           0.323866            -0.379932           0.498684            0                   0.0362498           
SPHEROCYLINDER(1)  9.3295              8.02808             4.0424              0.0315415           -0.321314           -0.381789           0.0264552           0.383089            -0.320223           0.498302            0                   0.0411673           
SPHEROCYLINDER(1)  9.34763             8.01041             6.68159             0.0290807           -0.320648           -0.382543           0.0243053           0.383647            -0.319726           0.498561            0                   0.0379003           
SPHEROCYLINDER(1)  9.33985             8.03419             9.3458              0.0155231           -0.466057           -0.180416           0.039952            0.181083            -0.464341           0.498159            0                   0.0428618           
SPHEROCYLINDER(1)  9.31989             10.6862             1.37668             0.0243877           -0.421196           -0.268326           0.0381246           0.269432            -0.419467           0.497948            0                   0.0452576           
SPHEROCYLINDER(1)  9.32995             10.6888             4.018               0.0254064           -0.355402           -0.350776           0.0256742           0.351695            -0.354474           0.498694            0                   0.03612             
SPHEROCYLINDER(1)  9.34878             10.666              6.66582             0.0301455           -0.337431           -0.367739           0.0275685           0.368972            -0.336303           0.498328            0                   0.0408506           
SPHEROCYLINDER(1)  9.33616             10.6846             9.34497             0.0266839           -0.276639           -0.415642           0.0177235           0.416498            -0.276071           0.498973            0                   0.0320336           
SPHEROCYLINDER(1)  0.0691842           1.38732             1.36807             0.0343061           -0.199736           -0.457087           0.0149489           0.458373            -0.199175           0.498598            0                   0.0374217           
SPHEROCYLINDER(1)  0.0501342           1.3937              4.06644             0.0231401           -0.359393           -0.346845           0.0239241           0.347616            -0.358596           0.498891            0                   0.0332841           
SPHEROCYLINDER(1)  0.0562936           1.38359             6.69583             0.0336195           -0.323905           -0.379414           0.0285889           0.380901            -0.322641           0.498049            0                   0.0441316           
SPHEROCYLINDER(1)  0.0554471           1.41008             9.31205             0.0326783           -0.36467            -0.340512           0.0348366           0.342076            -0.363002           0.497713            0                   0.0477646           
SPHEROCYLINDER(1)  0.0378882           4.0469              1.38961             0.0252057           -0.298484           -0.40034            0.0187556           0.401133            -0.297894           0.499012            0                   0.0314182           
SPHEROCYLINDER(1)  0.0642789           4.03735             4.03335             0.0313778           -0.315769           -0.386401           0.025558            0.387672            -0.314733           0.49836             0                   0.0404695           
SPHEROCYLINDER(1)  0.0605913           4.06691             6.69635             0.023345            -0.394769           -0.305961           0.0300338           0.306851            -0.393625           0.498551            0                   0.0380397           
SPHEROCYLINDER(1)  0.0718181           4.04451             9.33529             0.024453            -0.405438           -0.291585           0.033882            0.292609            -0.40402            0.498251            0                   0.0417845           
SPHEROCYLINDER(1)  0.0726564           6.68451             1.38097             0.0262774           -0.253012           -0.430458           0.0154165           0.43126             -0.252542           0.499071            0                   0.0304659           
SPHEROCYLINDER(1)  0.0721588           6.6806              4.05378             0.0209267           -0.441951           -0.232898           0.0395515           0.233836            -0.440178           0.497994            0                   0.0447465           
SPHEROCYLINDER(1)  0.0715036           6.72313             6.67561             0.0264692           -0.403162           -0.29455            0.0360839           0.295737            -0.401544           0.497993            0                   0.0447512           
SPHEROCYLINDER(1)  0.0835735           6.6571              9.3459              0.0361433           -0.276949           -0.41472            0.0240452           0.416292            -0.275903           0.498112            0                   0.0434109           
SPHEROCYLINDER(1)  0.0460831           9.32842             1.37966             0.0351742           -0.378964           -0.324267           0.0408675           0.326169            -0.376754           0.497084            0                   0.0539201           
SPHEROCYLINDER(1)  0.0441226           9.32808             4.04346             0.0307253           -0.394345           -0.305856           0.0394163           0.307395            -0.39237            0.497496            0                   0.0499769           
SPHEROCYLINDER(1)  0.0549306           9.34866             6.69506             0.041186            -0.307964           -0.391742           0.0322004           0.393901            -0.306276           0.497259            0                   0.0522795           
SPHEROCYLINDER(1)  0.0604889           9.37291             9.33568             0.0342482           -0.291628           -0.404698           0.0245916           0.406144            -0.290589           0.498219            0                   0.0421626           
SPHEROCYLINDER(1)  2.72298             1.38859             1.37417             0.0257471           -0.438975           -0.237987           0.0472159           0.239375            -0.436429           0.497099            0                   0.0537797           
SPHEROCYLINDER(1)  2.74126             1.36645             4.03505             0.0337408           -0.344021           -0.361263           0.0319913           0.362835            -0.342531           0.497833            0                   0.0464961           
SPHEROCYLINDER(1)  2.7162              1.36985             6.69462             0.0360252           -0.280203           -0.412539           0.0243762           0.414109            -0.279141           0.498104            0                   0.0434973           
SPHEROCYLINDER(1)  2.70604             1.37666             9.34362             0.0282508           -0.302895           -0.396808           0.0215102           0.397812            -0.30213            0.498738            0                   0.0355076           
SPHEROCYLINDER(1)  2.73681             4.02409             1.38566             0.01948             -0.399476           -0.300066           0.0258791           0.300698            -0.398637           0.49895             0                   0.0323913           
SPHEROCYLINDER(1)  2.72713             4.0452              4.04687             0.0208506           -0.437362           -0.241412           0.0376345           0.242311            -0.43574            0.498145            0                   0.0430244           
SPHEROCYLINDER(1)  2.70515             4.03716             6.66339             0.0284422           -0.218992           -0.448591           0.013857            0.449491            -0.218553           0.498998            0                   0.0316382           
SPHEROCYLINDER(1)  2.69655             4.02067             9.35636             0.0281241           -0.328686           -0.375732           0.024534            0.376783            -0.327769           0.498605            0                   0.0373213           
SPHEROCYLINDER(1)  2.7118              6.69904             1.37929             0.0275118           -0.327232           -0.377045           0.0238138           0.378047            -0.326364           0.498674            0                   0.0363868           
SPHEROCYLINDER(1)  2.68834             6.70539             4.03867             0.0174469           -0.432826           -0.249715           0.0301668           0.250323            -0.431773           0.498784            0                   0.0348487           
SPHEROCYLINDER(1)  2.71187             6.68986             6.68715             0.0276096           -0.405654           -0.291003           0.0383154           0.292309            -0.403841           0.497765            0                   0.0472267           
SPHEROCYLINDER(1)  2.69362             6.69097             9.35614             0.0251419           -0.38996            -0.311928           0.0313298           0.31294             -0.388699           0.498384            0                   0.0401705           
SPHEROCYLINDER(1)  2.68447             9.33003             1.37397             0.0325695           -0.340626           -0.364573           0.0303094           0.366025            -0.339274           0.498017            0                   0.0444908           
SPHEROCYLINDER(1)  2.67944             9.35319             4.04295             0.0326518           -0.3021             -0.397076           0.0247584           0.398416            -0.301084           0.498318            0                   0.040977            
SPHEROCYLINDER(1)  2.71962             9.3274              6.67721             0.036644            -0.250706           -0.43105            0.0212361           0.432605            -0.249805           0.498203            0                   0.0423527           
SPHEROCYLINDER(1)  2.71451             9.35993             9.35429             0.0287394           -0.346253           -0.359559           0.0275878           0.360706            -0.345152           0.49841             0                   0.0398376           
SPHEROCYLINDER(1)  5.35968             1.38463             1.39935             0.0342662           -0.380887           -0.322104           0.0402924           0.323921            -0.37875            0.497194            0                   0.0528928           
SPHEROCYLINDER(1)  5.36909             1.3639              4.02449             0.0340556           -0.313996           -0.387617           0.0274815           0.38911             -0.312791           0.498081            0                   0.043761            
SPHEROCYLINDER(1)  5.37576             1.38318             6.67961             0.0367727           -0.37302            -0.330914           0.0411982           0.332951            -0.370738           0.496941            0                   0.0552225           
SPHEROCYLINDER(1)  5.35382             1.36822             9.33376             0.0285594           -0.396972           -0.30265            0.0372944           0.303995            -0.395217           0.497789            0                   0.0469735           
SPHEROCYLINDER(1)  5.37409             4.02842             1.39994             0.0275883           -0.395141           -0.305127           0.0355817           0.306372            -0.393535           0.497969            0                   0.0450241           
SPHEROCYLINDER(1)  5.37288             4.03744             4.01352             0.0340396           -0.348589           -0.356829           0.0331033           0.358449            -0.347014           0.49774             0                   0.0474818           
SPHEROCYLINDER(1)  5.35534             4.02303             6.68118             0.0393167           -0.273404           -0.416778           0.0256776           0.418629            -0.272196           0.49779             0                   0.0469589           
SPHEROCYLINDER(1)  5.35772             4.0447              9.32515             0.0294891           -0.352008           -0.353866           0.029233            0.355092            -0.350792           0.498273            0                   0.0415232           
SPHEROCYLINDER(1)  5.38379             6.68479             1.37598             0.025684            -0.282705           -0.411604           0.0176065           0.412405            -0.282156           0.499029            0                   0.0311393           
SPHEROCYLINDER(1)  5.3437              6.66976             4.0262              0.0195247           -0.413816           -0.279955           0.0287905           0.280635            -0.412814           0.498788            0                   0.0347866           
SPHEROCYLINDER(1)  5.3472              6.6952              6.70316             0.0281641           -0.377884           -0.326206           0.032505            0.32742             -0.376484           0.498147            0                   0.0430092           
SPHEROCYLINDER(1)  5.37353             6.68048             9.36732             0.0165219           -0.390329           -0.312042           0.0206381           0.31248             -0.389783           0.499301            0                   0.0264368           
SPHEROCYLINDER(1)  5.3567              9.33908             1.3951              0.0394515           -0.267942           -0.420298           0.0250404           0.422146            -0.266769           0.497812            0                   0.0467273           
SPHEROCYLINDER(1)  5.38292             9.3358              4.04                0.0434578           -0.24233            -0.435187           0.0240793           0.437352            -0.24113            0.497525            0                   0.0496829           
SPHEROCYLINDER(1)  5.35352             9.33999             6.66042             0.0274215           -0.355655           -0.350368           0.0277504           0.351439            -0.354571           0.498476            0                   0.0390131           
SPHEROCYLINDER(1)  5.36615             9.33504             9.3377              0.0406618           -0.203991           -0.45468            0.0181703           0.456495            -0.20318            0.498013            0                   0.044537            
SPHEROCYLINDER(1)  8.0118              1.38042             1.37985             0.0309588           -0.380226           -0.323218           0.0362533           0.324697            -0.378494           0.497722            0                   0.0476733           
SPHEROCYLINDER(1)  8.03497             1.41059             4.04607             0.0207086           -0.415347           -0.277593           0.0308992           0.278364            -0.414196           0.498614            0                   0.0371968           
SPHEROCYLINDER(1)  8.0128              1.38348             6.69852             0.0320294           -0.366298           -0.338822           0.0344731           0.340332            -0.364672           0.497781            0                   0.0470561           
SPHEROCYLINDER(1)  8.02805             1.41988             9.32823             0.0322589           -0.278216           -0.414192           0.0216032           0.415446            -0.277376           0.49849             0                   0.0388244           
SPHEROCYLINDER(1)  8.01994             4.03642             1.37975             0.0300558           -0.312785           -0.388925           0.0240999           0.390084            -0.311855           0.498514            0                   0.0385247           
SPHEROCYLINDER(1)  8.0027              4.0533              4.04702             0.0287543           -0.397706           -0.301667           0.0377374           0.303035            -0.395911           0.497744            0                   0.0474438           
SPHEROCYLINDER(1)  8.0131              4.04165             6.68837             0.0224188           -0.375951           -0.328875           0.0255685           0.329638            -0.37508            0.498842            0                   0.0340052           
SPHEROCYLINDER(1)  8.00505             4.04951             9.34084             0.027281            -0.357422           -0.348576           0.0278881           0.349642            -0.356333           0.498476            0                   0.0390128           
SPHEROCYLINDER(1)  7.98805             6.66721             1.40381             0.0299989           -0.363213           -0.342311           0.0317092           0.343623            -0.361826           0.498091            0                   0.043651            
SPHEROCYLINDER(1)  8.02807             6.69411             4.05566             0.0297422           -0.377317           -0.326722           0.0342065           0.328073            -0.375763           0.497941            0                   0.0453286           
SPHEROCYLINDER(1)  8.02895             6.6891              6.69519             0.028239            -0.301607           -0.397789           0.0213573           0.39879             -0.30085            0.498745            0                   0.0354058           
SPHEROCYLINDER(1)  8.01937             6.67828             9.32818             0.0163027           -0.455183           -0.206259           0.0358657           0.206902            -0.453768           0.498445            0                   0.039397            
SPHEROCYLINDER(1)  8.00645             9.34081             1.38232             0.0243535           -0.384751           -0.318392           0.0293436           0.319322            -0.383631           0.498544            0                   0.0381332           
SPHEROCYLINDER(1)  8.0144              9.34599             4.0398              0.0333836           -0.403506           -0.293375           0.0456212           0.295268            -0.400918           0.496794            0                   0.056531            
SPHEROCYLINDER(1)  8.03959             9.33225             6.68274             0.0294678           -0.401832           -0.296079           0.0397963           0.297542            -0.399856           0.497542            0                   0.0495186           
SPHEROCYLINDER(1)  8.00614             9.33565             9.32898             0.0278701           -0.255604           -0.428824           0.0165772           0.429729            -0.255065           0.498947            0                   0.0324276           
SPHEROCYLINDER(1)  10.6685             1.3964              1.40519             0.0298831           -0.388449           -0.313391           0.036873            0.314813            -0.386695           0.497742            0                   0.0474617           
SPHEROCYLINDER(1)  10.6849             1.38983             4.04213             0.0161239           -0.464201           -0.185087           0.0402866           0.185788            -0.46245            0.498113            0                   0.0433934           
SPHEROCYLINDER(1)  10.6638             1.3756              6.70022             0.0161396           -0.433163           -0.249217           0.0279935           0.249739            -0.432258           0.498955            0                   0.0323129           
SPHEROCYLINDER(1)  10.6884             1.38058             9.32156             0.0333877           -0.27448            -0.416589           0.021928            0.417925            -0.273602           0.498402            0                   0.0399446           
SPHEROCYLINDER(1)  10.6617             4.01869             1.38653             0.0291223           -0.396632           -0.303043           0.0379414           0.304439            -0.394813           0.497707            0                   0.0478295           
SPHEROCYLINDER(1)  10.6652             4.03898             4.03891             0.0207572           -0.423913           -0.264323           0.0331875           0.265137            -0.422612           0.498465            0                   0.0391442           
SPHEROCYLINDER(1)  10.6849             4.04896             6.69228             0.0281689           -0.354242           -0.351738           0.0282789           0.352864            -0.353111           0.498404            0                   0.0399147           
SPHEROCYLINDER(1)  10.6691             4.04927             9.32557             0.0389435           -0.289275           -0.40596            0.0276231           0.407824            -0.287953           0.497715            0                   0.0477455           
SPHEROCYLINDER(1)  10.6588             6.70892             1.3609              0.0260981           -0.369863           -0.335441           0.0286895           0.336454            -0.368748           0.498494            0                   0.038784            
SPHEROCYLINDER(1)  10.6808             6.69756             4.01984             0.0339551           -0.279135           -0.413438           0.022848            0.41483             -0.278198           0.498322            0                   0.0409265           
SPHEROCYLINDER(1)  10.6904             6.6941              6.68203             0.0297437           -0.35068            -0.355161           0.029266            0.356404            -0.349456           0.498256            0                   0.0417275           
SPHEROCYLINDER(1)  10.6661             6.68546             9.33851             0.0207985           -0.437751           -0.240711           0.0376832           0.241608            -0.436126           0.498144            0                   0.0430418           
SPHEROCYLINDER(1)  10.6676             9.33516             1.3817              0.0287142           -0.366525           -0.338873           0.0309464           0.340087            -0.365216           0.498215            0                   0.042216            
SPHEROCYLINDER(1)  10.6675             9.38025             4.04114             0.0438801           -0.257119           -0.426573           0.0263102           0.428824            -0.25577            0.497375            0                   0.0511633           
SPHEROCYLINDER(1)  10.6703             9.35627             6.6955              0.0380355           -0.291483           -0.404464           0.0272904           0.406248            -0.290202           0.497804            0                   0.0468131           
SPHEROCYLINDER(1)  10.6771             9.33109             9.3384              0.0303192           -0.271379           -0.418849           0.019593            0.419944            -0.270671           0.498695            0                   0.036099            
