365
0         13.2587   
0         13.2587   
0         13.2587   
SPHEROCYLINDER(1)  0.0516716           0.0558562           0.0687984           0.0267261           -0.22918            -0.443579           0.0137834           0.444383            -0.228766           0.499095            0                   0.030071            
SPHEROCYLINDER(1)  0.0651628           0.0484791           2.70638             0.0117848           -0.446884           -0.223954           0.0234834           0.224264            -0.446267           0.499309            0                   0.0262745           
SPHEROCYLINDER(1)  0.0444835           0.0671324           5.35763             0.0185376           -0.422701           -0.266421           0.0293407           0.267065            -0.421681           0.498794            0                   0.0347062           
SPHEROCYLINDER(1)  0.0454405           0.0267398           7.99791             0.0172443           -0.37601            -0.329119           0.0196742           0.32957             -0.375495           0.499315            0                   0.0261617           
SPHEROCYLINDER(1)  0.0428876           0.0297604           10.6409             0.0298704           -0.372535           -0.332152           0.0333674           0.333493            -0.371038           0.49799             0                   0.0447841           
SPHEROCYLINDER(1)  0.0597666           2.69936             0.0556496           0.0206039           -0.371887           -0.33358            0.0229263           0.334216            -0.371179           0.499049            0                   0.0308242           
SPHEROCYLINDER(1)  0.0461806           2.68195             2.69422             0.0284831           -0.250054           -0.432043           0.0164495           0.432981            -0.249513           0.498917            0                   0.0328918           
SPHEROCYLINDER(1)  0.0674309           2.68449             5.34552             0.0301472           -0.217973           -0.448976           0.0146032           0.449987            -0.217483           0.498877            0                   0.0334979           
SPHEROCYLINDER(1)  0.0529018           2.69324             7.98853             0.0202214           -0.402341           -0.296163           0.0274072           0.296853            -0.401406           0.498839            0                   0.0340596           
SPHEROCYLINDER(1)  0.0463306           2.71379             10.6402             0.0349012           -0.180285           -0.465058           0.0134919           0.466366            -0.17978            0.498598            0                   0.0374183           
SPHEROCYLINDER(1)  0.0561234           5.39231             0.060318            0.0254684           -0.330237           -0.37456            0.0224029           0.375425            -0.329476           0.498848            0                   0.0339194           
SPHEROCYLINDER(1)  0.0234951           5.35667             2.70386             0.0264358           -0.38121            -0.322459           0.0311478           0.323541            -0.379936           0.498328            0                   0.0408538           
SPHEROCYLINDER(1)  0.0547284           5.33582             5.36877             0.0270871           -0.398727           -0.300472           0.0357995           0.30169             -0.397117           0.497981            0                   0.0448923           
SPHEROCYLINDER(1)  0.0374476           5.34565             7.99477             0.0243108           -0.270896           -0.419553           0.0156707           0.420257            -0.270442           0.499163            0                   0.0289238           
SPHEROCYLINDER(1)  0.0573935           5.36476             10.6508             0.0206173           -0.425598           -0.261613           0.033437            0.262425            -0.424282           0.498455            0                   0.0392824           
SPHEROCYLINDER(1)  0.0494171           7.99102             0.0690427           0.01696             -0.429227           -0.255883           0.0283871           0.256445            -0.428288           0.498905            0                   0.0330677           
SPHEROCYLINDER(1)  0.0797521           8.00541             2.72023             0.0272953           -0.189629           -0.461839           0.0111878           0.462645            -0.189299           0.499129            0                   0.0294991           
SPHEROCYLINDER(1)  0.0287247           8.03265             5.37012             0.0344149           -0.282463           -0.411133           0.0235618           0.412571            -0.281478           0.498257            0                   0.0417078           
SPHEROCYLINDER(1)  0.0410519           8.00204             8.00437             0.0202291           -0.251926           -0.431421           0.0117997           0.431895            -0.251649           0.499451            0                   0.023419            
SPHEROCYLINDER(1)  0.0481652           8.01365             10.6602             0.0330018           -0.350405           -0.355143           0.0324219           0.356674            -0.348902           0.497855            0                   0.0462633           
SPHEROCYLINDER(1)  0.0571817           10.6604             0.0243655           0.0103921           -0.472124           -0.164288           0.0298048           0.164616            -0.471183           0.499003            0                   0.0315645           
SPHEROCYLINDER(1)  0.0569822           10.6579             2.68272             0.0284857           -0.342422           -0.36323            0.0267716           0.364345            -0.341373           0.49847             0                   0.0390916           
SPHEROCYLINDER(1)  0.0550698           10.6628             5.35257             0.0288424           -0.285688           -0.409329           0.0200806           0.410344            -0.284982           0.498763            0                   0.0351442           
SPHEROCYLINDER(1)  0.0471344           10.6479             7.98422             0.0213581           -0.371084           -0.334425           0.0236512           0.335106            -0.37033            0.498983            0                   0.0318677           
SPHEROCYLINDER(1)  0.0888361           10.6465             10.6339             0.0181761           -0.345729           -0.360751           0.0173972           0.361208            -0.345291           0.499367            0                   0.0251601           
SPHEROCYLINDER(1)  2.69355             0.0483008           0.0728237           0.0299125           -0.248545           -0.432817           0.0171363           0.43385             -0.247953           0.49881             0                   0.0344733           
SPHEROCYLINDER(1)  2.68888             0.0315583           2.71549             0.0200264           -0.359582           -0.346843           0.0207274           0.347421            -0.358984           0.499169            0                   0.0288215           
SPHEROCYLINDER(1)  2.69312             0.0522937           5.35414             0.0169727           -0.404824           -0.292966           0.0234139           0.293457            -0.404147           0.499163            0                   0.0289185           
SPHEROCYLINDER(1)  2.69685             0.0479039           8.02269             0.0216388           -0.304262           -0.396177           0.0165938           0.396768            -0.303809           0.499256            0                   0.0272689           
SPHEROCYLINDER(1)  2.71798             0.0472936           10.6545             0.0342219           -0.291555           -0.404753           0.0245634           0.406197            -0.290518           0.498222            0                   0.0421248           
SPHEROCYLINDER(1)  2.71151             2.70364             0.0348255           0.0186849           -0.377663           -0.327141           0.0215355           0.327674            -0.377049           0.499186            0                   0.0285114           
SPHEROCYLINDER(1)  2.68295             2.69011             2.71159             0.0293336           -0.277118           -0.415144           0.0195321           0.416179            -0.276429           0.498756            0                   0.0352415           
SPHEROCYLINDER(1)  2.69501             2.72757             5.3486              0.023667            -0.332532           -0.372642           0.0210771           0.373393            -0.331864           0.498995            0                   0.0316919           
SPHEROCYLINDER(1)  2.68325             2.70718             7.99434             0.0284772           -0.367718           -0.337598           0.0309081           0.338797            -0.366417           0.498231            0                   0.042027            
SPHEROCYLINDER(1)  2.69446             2.70779             10.651              0.0147766           -0.303957           -0.396727           0.0113134           0.397002            -0.303746           0.499654            0                   0.0186102           
SPHEROCYLINDER(1)  2.71139             5.36459             0.0455665           0.0164227           -0.405204           -0.292472           0.0227169           0.292933            -0.404567           0.499214            0                   0.0280314           
SPHEROCYLINDER(1)  2.71577             5.34109             2.70709             0.0138204           -0.420957           -0.269452           0.0215629           0.269806            -0.420404           0.499344            0                   0.0256118           
SPHEROCYLINDER(1)  2.69753             5.3495              5.34571             0.0291108           -0.322102           -0.381318           0.0245187           0.382427            -0.321167           0.498549            0                   0.0380605           
SPHEROCYLINDER(1)  2.70615             5.36064             8.01622             0.020563            -0.312312           -0.389921           0.0164473           0.390463            -0.311879           0.499306            0                   0.0263315           
SPHEROCYLINDER(1)  2.71121             5.36302             10.6593             0.0284828           -0.300158           -0.398866           0.0213797           0.399881            -0.299396           0.49873             0                   0.0356141           
SPHEROCYLINDER(1)  2.73449             8.00119             0.0639669           0.0336588           -0.321653           -0.381322           0.0282819           0.382805            -0.320407           0.498063            0                   0.0439634           
SPHEROCYLINDER(1)  2.70685             8.03223             2.69799             0.0147525           -0.430107           -0.254539           0.0248863           0.254966            -0.429387           0.499162            0                   0.0289304           
SPHEROCYLINDER(1)  2.72613             8.01595             5.34547             0.0232119           -0.35953            -0.346698           0.0240173           0.347474            -0.358727           0.498883            0                   0.033401            
SPHEROCYLINDER(1)  2.68925             8.00675             8.01144             0.0274886           -0.327702           -0.376638           0.0238536           0.377639            -0.326833           0.498674            0                   0.0363953           
SPHEROCYLINDER(1)  2.70859             8.00019             10.6569             0.01834             -0.362615           -0.343765           0.0193182           0.344253            -0.3621             0.49929             0                   0.0266374           
SPHEROCYLINDER(1)  2.70415             10.6771             0.0493937           0.0168002           -0.436385           -0.243487           0.0300384           0.244066            -0.43535            0.498814            0                   0.0344173           
SPHEROCYLINDER(1)  2.70846             10.6588             2.69806             0.0316676           -0.292885           -0.403999           0.0228876           0.405239            -0.291989           0.498471            0                   0.0390727           
SPHEROCYLINDER(1)  2.71253             10.6489             5.34722             0.0155877           -0.403535           -0.294816           0.0213062           0.295228            -0.402972           0.499303            0                   0.0263995           
SPHEROCYLINDER(1)  2.70612             10.6683             8.01386             0.031362            -0.228746           -0.4435             0.0161354           0.444607            -0.228176           0.498755            0                   0.0352693           
SPHEROCYLINDER(1)  2.73199             10.6743             10.6446             0.0246494           -0.373752           -0.331213           0.0277385           0.332129            -0.372721           0.498621            0                   0.0371082           
SPHEROCYLINDER(1)  5.36741             0.0744307           0.0376096           0.0288503           -0.289028           -0.406977           0.0204377           0.407999            -0.288304           0.498748            0                   0.0353559           
SPHEROCYLINDER(1)  5.3401              0.0254548           2.71012             0.0220716           -0.409796           -0.285623           0.031573            0.286474            -0.408578           0.498514            0                   0.0385229           
SPHEROCYLINDER(1)  5.36252             0.0714492           5.33262             0.0309919           -0.336192           -0.368801           0.0281524           0.370101            -0.335011           0.498244            0                   0.0418695           
SPHEROCYLINDER(1)  5.34535             0.0501369           8.01317             0.0226907           -0.415816           -0.276734           0.0339807           0.277663            -0.414426           0.498328            0                   0.0408602           
SPHEROCYLINDER(1)  5.3498              0.0645604           10.6793             0.0280758           -0.236757           -0.439497           0.0150936           0.440393            -0.236276           0.498983            0                   0.0318758           
SPHEROCYLINDER(1)  5.35162             2.70944             0.0520512           0.0209603           -0.322201           -0.381768           0.0176633           0.382343            -0.321717           0.499248            0                   0.0274103           
SPHEROCYLINDER(1)  5.35839             2.69942             2.71315             0.0249866           -0.357008           -0.349172           0.0254821           0.350065            -0.356097           0.498725            0                   0.0356885           
SPHEROCYLINDER(1)  5.3486              2.71922             5.35812             0.03325             -0.257136           -0.427523           0.0199382           0.428814            -0.256362           0.498495            0                   0.0387698           
SPHEROCYLINDER(1)  5.35592             2.71051             7.99593             0.0089054           -0.482223           -0.131841           0.0324983           0.132142            -0.481126           0.498863            0                   0.0336964           
SPHEROCYLINDER(1)  5.36163             2.7273              10.6354             0.0332367           -0.330379           -0.373825           0.0292585           0.3753              -0.329081           0.498035            0                   0.0442802           
SPHEROCYLINDER(1)  5.34293             5.37538             0.0390998           0.0338905           -0.214078           -0.45058            0.0160566           0.451852            -0.213475           0.498592            0                   0.0375017           
SPHEROCYLINDER(1)  5.35424             5.34735             2.69447             0.0263097           -0.392472           -0.308664           0.0333324           0.309783            -0.391054           0.498193            0                   0.0424647           
SPHEROCYLINDER(1)  5.37554             5.38086             5.35795             0.0158696           -0.408473           -0.28792            0.0224802           0.288357            -0.407854           0.499242            0                   0.0275173           
SPHEROCYLINDER(1)  5.35209             5.32971             8.02176             0.0239404           -0.323379           -0.380596           0.0203012           0.381348            -0.322741           0.499014            0                   0.0313892           
SPHEROCYLINDER(1)  5.35842             5.36482             10.6346             0.0218234           -0.388005           -0.314605           0.0268504           0.315361            -0.387074           0.498801            0                   0.0346007           
SPHEROCYLINDER(1)  5.37052             8.00199             0.0458668           0.0211092           -0.392135           -0.309491           0.026684            0.31021             -0.391226           0.498841            0                   0.034024            
SPHEROCYLINDER(1)  5.35631             7.99343             2.72218             0.0197498           -0.328412           -0.376504           0.0172034           0.377022            -0.327961           0.499314            0                   0.0261918           
SPHEROCYLINDER(1)  5.35204             7.9933              5.34448             0.019506            -0.360984           -0.345413           0.0203528           0.345964            -0.360409           0.499205            0                   0.0281908           
SPHEROCYLINDER(1)  5.35273             7.99326             8.0056              0.0240851           -0.286736           -0.408904           0.01686             0.409613            -0.286239           0.499135            0                   0.0293999           
SPHEROCYLINDER(1)  5.32968             8.00256             10.6549             0.0236785           -0.400194           -0.298804           0.0316139           0.299741            -0.398943           0.498437            0                   0.0394983           
SPHEROCYLINDER(1)  5.34963             10.6589             0.0433443           0.0167959           -0.408608           -0.287676           0.0238159           0.288166            -0.407913           0.49915             0                   0.0291427           
SPHEROCYLINDER(1)  5.34256             10.6511             2.71786             0.0337181           -0.345767           -0.359595           0.03228             0.361172            -0.344257           0.497816            0                   0.0466788           
SPHEROCYLINDER(1)  5.32286             10.6509             5.35926             0.0289792           -0.21703            -0.449509           0.0139626           0.450442            -0.21658            0.498964            0                   0.0321675           
SPHEROCYLINDER(1)  5.36833             10.6621             8.01154             0.01609             -0.438372           -0.239939           0.0293308           0.240478            -0.43739            0.49888             0                   0.0334543           
SPHEROCYLINDER(1)  5.36252             10.653              10.6635             0.027937            -0.331717           -0.373073           0.0247708           0.374117            -0.330791           0.498604            0                   0.0373373           
SPHEROCYLINDER(1)  7.99851             0.0416249           0.0315279           0.0163647           -0.419293           -0.271893           0.0251908           0.272385            -0.418535           0.499097            0                   0.0300396           
SPHEROCYLINDER(1)  8.01707             0.053686            2.70564             0.0182608           -0.434277           -0.247124           0.0320029           0.247797            -0.433096           0.498641            0                   0.0368462           
SPHEROCYLINDER(1)  7.9979              0.0679284           5.36922             0.0298058           -0.266347           -0.422103           0.0187608           0.423154            -0.265686           0.498758            0                   0.0352187           
SPHEROCYLINDER(1)  7.99691             0.0477598           8.02514             0.0212628           -0.365879           -0.340118           0.0228287           0.340782            -0.365166           0.499026            0                   0.0311971           
SPHEROCYLINDER(1)  8.02743             0.0454476           10.6499             0.0215428           -0.371098           -0.334398           0.0238577           0.335091            -0.370331           0.498966            0                   0.0321447           
SPHEROCYLINDER(1)  8.01111             2.69021             0.0549682           0.0249941           -0.283616           -0.41102            0.0172149           0.411779            -0.283093           0.499078            0                   0.0303489           
SPHEROCYLINDER(1)  7.99235             2.70469             2.70966             0.0200252           -0.394806           -0.306149           0.0257692           0.306804            -0.393964           0.498934            0                   0.0326353           
SPHEROCYLINDER(1)  8.0155              2.70841             5.35737             0.0224707           -0.382222           -0.321561           0.0266448           0.322345            -0.381292           0.498784            0                   0.0348551           
SPHEROCYLINDER(1)  7.99944             2.70964             8.00754             0.0192329           -0.368896           -0.336966           0.0210211           0.337514            -0.368296           0.499188            0                   0.0284919           
SPHEROCYLINDER(1)  7.99973             2.69489             10.6627             0.0305647           -0.238353           -0.438467           0.0165749           0.439531            -0.237776           0.49879             0                   0.0347696           
SPHEROCYLINDER(1)  8.01098             5.3642              0.0373058           0.0262221           -0.350955           -0.355166           0.0258408           0.356133            -0.350002           0.498643            0                   0.036815            
SPHEROCYLINDER(1)  8.01235             5.36236             2.71045             0.0171247           -0.389059           -0.313591           0.0212142           0.314059            -0.388481           0.499256            0                   0.0272635           
SPHEROCYLINDER(1)  7.998               5.35512             5.36251             0.0294749           -0.251676           -0.431034           0.01717             0.43204             -0.25109            0.498835            0                   0.0341112           
SPHEROCYLINDER(1)  8.00277             5.34672             8.0004              0.0303377           -0.292282           -0.404538           0.0218578           0.405674            -0.291463           0.4986              0                   0.0373917           
SPHEROCYLINDER(1)  7.98943             5.3544              10.6646             0.0290411           -0.118857           -0.484799           0.00710717          0.485668            -0.118644           0.499105            0                   0.0298981           
SPHEROCYLINDER(1)  8.00911             8.00612             0.0392662           0.0216708           -0.381847           -0.32206            0.0256358           0.322789            -0.380986           0.498872            0                   0.0335681           
SPHEROCYLINDER(1)  8.00856             8.02883             2.67374             0.0286985           -0.286299           -0.408912           0.0200439           0.409918            -0.285597           0.498773            0                   0.0350052           
SPHEROCYLINDER(1)  8.02515             8.00748             5.3566              0.0224924           -0.381054           -0.322943           0.0264757           0.323725            -0.380133           0.498792            0                   0.03474             
SPHEROCYLINDER(1)  7.99993             7.98516             8.00761             0.0183266           -0.406928           -0.289955           0.0256686           0.290534            -0.406117           0.499004            0                   0.0315395           
SPHEROCYLINDER(1)  7.99554             7.99635             10.6556             0.0258073           -0.367615           -0.337925           0.0279932           0.338909            -0.366548           0.498548            0                   0.0380741           
SPHEROCYLINDER(1)  8.01061             10.6778             0.0658699           0.0249702           -0.341097           -0.364732           0.0232977           0.365585            -0.340301           0.498832            0                   0.034151            
SPHEROCYLINDER(1)  7.99618             10.6645             2.73502             0.0296783           -0.373448           -0.331144           0.0333361           0.332471            -0.371957           0.498004            0                   0.0446329           
SPHEROCYLINDER(1)  8.00736             10.6623             5.35007             0.0203902           -0.420895           -0.269132           0.031797            0.269903            -0.419692           0.498571            0                   0.0377731           
SPHEROCYLINDER(1)  7.99923             10.6506             8.03326             0.00743125          -0.462762           -0.1892             0.018162            0.189345            -0.462405           0.499615            0                   0.0196235           
SPHEROCYLINDER(1)  7.9932              10.6623             10.6707             0.0247651           -0.389949           -0.311972           0.030858            0.312954            -0.388726           0.498432            0                   0.0395668           
SPHEROCYLINDER(1)  10.671              0.0279047           0.0632037           0.00888929          -0.477942           -0.146604           0.0289268           0.146873            -0.477066           0.499083            0                   0.0302618           
SPHEROCYLINDER(1)  10.6475             0.0461271           2.68256             0.0345974           -0.318353           -0.383998           0.0285673           0.385553            -0.317069           0.497983            0                   0.0448672           
SPHEROCYLINDER(1)  10.6518             0.0406021           5.35258             0.0192058           -0.325083           -0.37941            0.0164347           0.379896            -0.324667           0.499361            0                   0.0252777           
SPHEROCYLINDER(1)  10.6637             0.0514175           7.99703             0.0296682           -0.300211           -0.39874            0.0222756           0.399842            -0.299383           0.498622            0                   0.0370999           
SPHEROCYLINDER(1)  10.6419             0.0520322           10.6435             0.0345759           -0.306206           -0.393754           0.0267851           0.39527             -0.305032           0.498083            0                   0.0437371           
SPHEROCYLINDER(1)  10.6496             2.68893             0.03115             0.0288996           -0.322532           -0.38097            0.0243965           0.382064            -0.321608           0.498568            0                   0.0378203           
SPHEROCYLINDER(1)  10.6787             2.71573             2.69982             0.0293056           -0.2831             -0.411091           0.0201304           0.412134            -0.282384           0.498734            0                   0.0355535           
SPHEROCYLINDER(1)  10.6791             2.70275             5.36293             0.0290226           -0.339409           -0.366005           0.0268294           0.367154            -0.338347           0.498435            0                   0.0395237           
SPHEROCYLINDER(1)  10.6517             2.6983              8.01155             0.0257808           -0.342895           -0.362985           0.0242927           0.3639              -0.342033           0.498744            0                   0.0354229           
SPHEROCYLINDER(1)  10.6604             2.70034             10.6551             0.0247221           -0.399173           -0.300083           0.0327745           0.3011              -0.397825           0.498312            0                   0.041053            
SPHEROCYLINDER(1)  10.6525             5.35007             0.0273652           0.025643            -0.275338           -0.416571           0.0169171           0.417359            -0.274818           0.499055            0                   0.0307206           
SPHEROCYLINDER(1)  10.6545             5.37401             2.69571             0.0185503           -0.390413           -0.311823           0.0231847           0.312374            -0.389724           0.499118            0                   0.0296925           
SPHEROCYLINDER(1)  10.6739             5.36594             5.3598              0.0272065           -0.315161           -0.387212           0.0220896           0.388167            -0.314386           0.49877             0                   0.0350449           
SPHEROCYLINDER(1)  10.6554             5.36331             8.0106              0.0131294           -0.425059           -0.262968           0.0211959           0.263295            -0.424531           0.499378            0                   0.0249328           
SPHEROCYLINDER(1)  10.6802             5.32562             10.639              0.0247917           -0.373506           -0.331479           0.0278572           0.332405            -0.372466           0.498607            0                   0.0372914           
SPHEROCYLINDER(1)  10.6328             7.99821             0.0331724           0.021133            -0.375388           -0.329602           0.0240193           0.330279            -0.374618           0.498975            0                   0.0319926           
SPHEROCYLINDER(1)  10.6664             8.02067             2.70527             0.0340518           -0.190336           -0.461099           0.014018            0.462355            -0.189819           0.498642            0                   0.0368243           
SPHEROCYLINDER(1)  10.65               8.01518             5.35968             0.0139867           -0.409187           -0.287003           0.0199175           0.287343            -0.408702           0.499407            0                   0.0243379           
SPHEROCYLINDER(1)  10.6418             8.01225             8.01267             0.0209007           -0.386209           -0.316869           0.0254191           0.317557            -0.385372           0.498916            0                   0.0329085           
SPHEROCYLINDER(1)  10.6521             7.99365             10.6732             0.0237568           -0.375202           -0.329635           0.0269708           0.33049             -0.374231           0.498707            0                   0.0359417           
SPHEROCYLINDER(1)  10.66               10.6326             0.0541981           0.0132586           -0.401479           -0.297723           0.0178615           0.298018            -0.401081           0.499505            0                   0.0222446           
SPHEROCYLINDER(1)  10.6509             10.6428             2.70356             0.0330696           -0.312527           -0.388887           0.0264806           0.390291            -0.311403           0.498202            0                   0.0423653           
SPHEROCYLINDER(1)  10.6705             10.659              5.34407             0.028891            -0.318422           -0.384412           0.0238641           0.385497            -0.317526           0.498594            0                   0.0374724           
SPHEROCYLINDER(1)  10.6674             10.6656             7.9869              0.0134054           -0.401197           -0.298096           0.0180237           0.298397            -0.400792           0.499495            0                   0.0224623           
SPHEROCYLINDER(1)  10.6452             10.6452             10.638              0.0275576           -0.349247           -0.356746           0.0268982           0.357808            -0.348209           0.498515            0                   0.0385089           
SPHEROCYLINDER(1)  1.3773              1.36135             0.0290805           0.0252063           -0.33445            -0.370821           0.0226816           0.371677            -0.33368            0.498849            0                   0.0339089           
SPHEROCYLINDER(1)  1.39142             1.36618             2.69934             0.0212857           -0.408799           -0.287107           0.0302247           0.287895            -0.40768            0.498632            0                   0.0369678           
SPHEROCYLINDER(1)  1.3774              1.38284             5.36112             0.0294579           -0.342493           -0.363085           0.0276962           0.364278            -0.341372           0.498362            0                   0.0404332           
SPHEROCYLINDER(1)  1.36604             1.38714             8.01251             0.0312052           -0.337806           -0.367306           0.0285959           0.368629            -0.336593           0.498205            0                   0.042326            
SPHEROCYLINDER(1)  1.35796             1.37519             10.687              0.0136096           -0.45378            -0.209519           0.0294138           0.209961            -0.452826           0.498949            0                   0.0324097           
SPHEROCYLINDER(1)  1.36246             4.02401             0.0530249           0.0267839           -0.359921           -0.346034           0.0277756           0.347069            -0.358847           0.498509            0                   0.0385858           
SPHEROCYLINDER(1)  1.3783              4.04231             2.69742             0.0171045           -0.42935            -0.255668           0.0286599           0.25624             -0.428392           0.498885            0                   0.033376            
SPHEROCYLINDER(1)  1.37462             4.01232             5.35202             0.0259321           -0.311138           -0.390539           0.0206144           0.391399            -0.310455           0.498901            0                   0.0331275           
SPHEROCYLINDER(1)  1.36627             4.04026             7.99123             0.0208159           -0.352709           -0.353784           0.0207169           0.354396            -0.3521             0.499137            0                   0.0293682           
SPHEROCYLINDER(1)  1.39564             4.00143             10.6492             0.0375689           -0.173223           -0.467528           0.0138749           0.469035            -0.172666           0.498393            0                   0.0400492           
SPHEROCYLINDER(1)  1.37134             6.67951             0.0405102           0.0169898           -0.419091           -0.272165           0.0261108           0.272695            -0.418277           0.499029            0                   0.0311517           
SPHEROCYLINDER(1)  1.37429             6.67891             2.70344             0.0284422           -0.32276            -0.380811           0.0240395           0.381872            -0.321863           0.498611            0                   0.0372405           
SPHEROCYLINDER(1)  1.39039             6.67969             5.3482              0.0230784           -0.313739           -0.388632           0.0185982           0.389317            -0.313188           0.499121            0                   0.0296396           
SPHEROCYLINDER(1)  1.38161             6.69168             7.99369             0.0259556           -0.371379           -0.333772           0.0287932           0.334779            -0.370262           0.498495            0                   0.0387652           
SPHEROCYLINDER(1)  1.3561              6.69381             10.6507             0.0281015           -0.325212           -0.378744           0.0240635           0.379785            -0.324321           0.498629            0                   0.0369966           
SPHEROCYLINDER(1)  1.35994             9.31327             0.0414963           0.0308034           -0.323447           -0.380044           0.0261305           0.38129             -0.32239            0.498366            0                   0.0403937           
SPHEROCYLINDER(1)  1.35573             9.3418              2.69028             0.0289603           -0.264472           -0.423339           0.0180502           0.424328            -0.263856           0.498834            0                   0.0341249           
SPHEROCYLINDER(1)  1.35208             9.31557             5.36927             0.0309265           -0.362527           -0.342954           0.0325594           0.344346            -0.361062           0.497979            0                   0.0449062           
SPHEROCYLINDER(1)  1.36392             9.3326              8.00912             0.0362802           -0.192421           -0.460063           0.0151272           0.461491            -0.191825           0.498453            0                   0.0393076           
SPHEROCYLINDER(1)  1.37187             9.33638             10.6616             0.0280965           -0.344278           -0.361501           0.0266775           0.362591            -0.343243           0.498497            0                   0.0387441           
SPHEROCYLINDER(1)  4.02841             1.35683             0.0567443           0.0256643           -0.354797           -0.35137            0.0258458           0.352306            -0.353854           0.498672            0                   0.0364234           
SPHEROCYLINDER(1)  4.02801             1.38772             2.70519             0.0277051           -0.227092           -0.444592           0.014124            0.445454            -0.226652           0.499032            0                   0.0310976           
SPHEROCYLINDER(1)  4.00878             1.36115             5.32923             0.0202971           -0.446266           -0.224578           0.0401692           0.225493            -0.444454           0.49797             0                   0.045006            
SPHEROCYLINDER(1)  4.03105             1.37424             7.99995             0.0302649           -0.245042           -0.434786           0.0170159           0.435838            -0.244451           0.498793            0                   0.0347204           
SPHEROCYLINDER(1)  4.03688             1.37407             10.6425             0.0253664           -0.340454           -0.365304           0.023584            0.366184            -0.339637           0.498799            0                   0.0346361           
SPHEROCYLINDER(1)  4.02925             4.03737             0.0653612           0.0259251           -0.356542           -0.34958            0.026369            0.35054             -0.355565           0.498631            0                   0.0369789           
SPHEROCYLINDER(1)  4.03182             4.03861             2.69775             0.0289281           -0.341505           -0.364057           0.0270509           0.365204            -0.340432           0.498429            0                   0.0396053           
SPHEROCYLINDER(1)  4.0166              4.0143              5.352               0.0236711           -0.373071           -0.332051           0.0265279           0.332894            -0.372126           0.498734            0                   0.0355535           
SPHEROCYLINDER(1)  4.01011             4.04833             8.01147             0.0244056           -0.335354           -0.370057           0.022069            0.370861            -0.334627           0.498916            0                   0.032904            
SPHEROCYLINDER(1)  4.04399             4.01037             10.6928             0.0311007           -0.352374           -0.353363           0.0308942           0.354729            -0.351017           0.498075            0                   0.0438373           
SPHEROCYLINDER(1)  4.0399              6.65204             0.0628789           0.0200065           -0.413093           -0.280987           0.0293383           0.281698            -0.41205            0.498737            0                   0.0355105           
SPHEROCYLINDER(1)  4.01977             6.6819              2.70164             0.0318388           -0.289229           -0.406611           0.0225783           0.407856            -0.288347           0.498474            0                   0.0390319           
SPHEROCYLINDER(1)  4.04161             6.67785             5.37282             0.0171084           -0.372374           -0.333234           0.0190928           0.333673            -0.371885           0.499342            0                   0.0256365           
SPHEROCYLINDER(1)  4.02546             6.68585             8.00129             0.0127098           -0.433382           -0.249036           0.0220893           0.24936             -0.432818           0.49935             0                   0.0254848           
SPHEROCYLINDER(1)  4.02115             6.66763             10.6727             0.0260666           -0.298989           -0.399907           0.0194474           0.400756            -0.298356           0.498941            0                   0.0325218           
SPHEROCYLINDER(1)  4.05581             9.33741             0.0390005           0.0197546           -0.42855            -0.256817           0.0328674           0.257575            -0.427288           0.498527            0                   0.0383472           
SPHEROCYLINDER(1)  4.02612             9.30891             2.71228             0.0329195           -0.344366           -0.36101            0.031272            0.362508            -0.342943           0.497934            0                   0.0454052           
SPHEROCYLINDER(1)  4.04096             9.32988             5.34009             0.0225022           -0.407306           -0.289128           0.0316042           0.290003            -0.406078           0.498493            0                   0.0387966           
SPHEROCYLINDER(1)  4.0371              9.35408             8.02168             0.040291            -0.25999            -0.425185           0.0245271           0.427089            -0.25883            0.49777             0                   0.0471693           
SPHEROCYLINDER(1)  4.04483             9.33412             10.6616             0.0236051           -0.409795           -0.2855             0.0337665           0.286475            -0.408402           0.4983              0                   0.0411993           
SPHEROCYLINDER(1)  6.68577             1.37023             0.0262346           0.0309848           -0.273199           -0.417615           0.0202144           0.418763            -0.27245            0.498629            0                   0.0369957           
SPHEROCYLINDER(1)  6.68783             1.38927             2.69111             0.0181836           -0.45379            -0.20915            0.0393046           0.209939            -0.452085           0.498121            0                   0.043307            
SPHEROCYLINDER(1)  6.65034             1.37507             5.36249             0.0190265           -0.437935           -0.240522           0.0345351           0.241273            -0.436571           0.498443            0                   0.0394294           
SPHEROCYLINDER(1)  6.66858             1.40227             8.01007             0.0329846           -0.232038           -0.441668           0.017281            0.442898            -0.231394           0.498611            0                   0.0372373           
SPHEROCYLINDER(1)  6.69019             1.37133             10.6548             0.0330018           -0.283174           -0.41076            0.0226781           0.412083            -0.282264           0.498394            0                   0.0400427           
SPHEROCYLINDER(1)  6.68721             4.02563             0.0424818           0.0126855           -0.380278           -0.324389           0.0148597           0.324637            -0.379987           0.499618            0                   0.0195379           
SPHEROCYLINDER(1)  6.69378             4.04275             2.71862             0.0217728           -0.36195            -0.344265           0.0228456           0.344953            -0.361228           0.499003            0                   0.0315591           
SPHEROCYLINDER(1)  6.68522             4.02285             5.33737             0.0183627           -0.366661           -0.339444           0.019806            0.339941            -0.366126           0.49927             0                   0.0270086           
SPHEROCYLINDER(1)  6.69069             4.03046             8.02457             0.0160209           -0.424975           -0.262945           0.0258453           0.263432            -0.424188           0.499074            0                   0.0304081           
SPHEROCYLINDER(1)  6.66164             4.03109             10.6557             0.0382969           -0.311212           -0.389461           0.0304555           0.39134             -0.309719           0.4976              0                   0.0489305           
SPHEROCYLINDER(1)  6.67325             6.67236             0.0561201           0.0124053           -0.461368           -0.192317           0.0296985           0.192717            -0.460411           0.498963            0                   0.0321852           
SPHEROCYLINDER(1)  6.68278             6.6728              2.70658             0.0293356           -0.333953           -0.370965           0.0263265           0.372123            -0.332913           0.498444            0                   0.0394165           
SPHEROCYLINDER(1)  6.68321             6.67788             5.33817             0.0265737           -0.231084           -0.442599           0.0138494           0.443396            -0.230669           0.499101            0                   0.0299661           
SPHEROCYLINDER(1)  6.69255             6.67611             8.00157             0.0283858           -0.387084           -0.315215           0.0347172           0.316491            -0.385524           0.497985            0                   0.0448446           
SPHEROCYLINDER(1)  6.66766             6.70051             10.6611             0.0160077           -0.372759           -0.332858           0.017906            0.333243            -0.372329           0.499423            0                   0.0240182           
SPHEROCYLINDER(1)  6.66399             9.33484             0.0394049           0.0331287           -0.306428           -0.393706           0.0256938           0.395097            -0.305349           0.498239            0                   0.0419247           
SPHEROCYLINDER(1)  6.67263             9.33486             2.69425             0.0184064           -0.391129           -0.310933           0.0231133           0.311478            -0.390445           0.499126            0                   0.0295469           
SPHEROCYLINDER(1)  6.68746             9.34723             5.36906             0.0289401           -0.281629           -0.412126           0.0197278           0.413141            -0.280937           0.498772            0                   0.0350245           
SPHEROCYLINDER(1)  6.68033             9.34054             7.98568             0.019245            -0.328238           -0.376682           0.0167481           0.377174            -0.32781            0.499349            0                   0.0255121           
SPHEROCYLINDER(1)  6.69776             9.33713             10.6429             0.0315653           -0.200435           -0.456979           0.0138119           0.458068            -0.199958           0.498811            0                   0.0344549           
SPHEROCYLINDER(1)  9.33664             1.37333             0.0419958           0.0190154           -0.412132           -0.282463           0.0276821           0.283103            -0.411201           0.498871            0                   0.033584            
SPHEROCYLINDER(1)  9.34625             1.37766             2.67802             0.0235081           -0.415843           -0.276626           0.0352121           0.277623            -0.41435            0.498204            0                   0.0423382           
SPHEROCYLINDER(1)  9.31527             1.36582             5.35963             0.0263253           -0.336494           -0.368888           0.0239526           0.369826            -0.335641           0.498732            0                   0.0355914           
SPHEROCYLINDER(1)  9.31185             1.36939             8.0105              0.0206287           -0.400625           -0.298453           0.0276248           0.299165            -0.399672           0.49881             0                   0.0344771           
SPHEROCYLINDER(1)  9.32033             1.3609              10.6502             0.0176647           -0.419849           -0.270951           0.0273141           0.271526            -0.41896            0.498941            0                   0.0325285           
SPHEROCYLINDER(1)  9.32668             4.04799             0.07356             0.01845             -0.41589            -0.276938           0.0276458           0.277552            -0.414971           0.498894            0                   0.0332369           
SPHEROCYLINDER(1)  9.33344             4.04667             2.70868             0.0293835           -0.252572           -0.430516           0.0171985           0.431518            -0.251986           0.498839            0                   0.0340468           
SPHEROCYLINDER(1)  9.36166             4.02367             5.37557             0.0329697           -0.296971           -0.4009             0.0243405           0.402254            -0.295972           0.498318            0                   0.0409812           
SPHEROCYLINDER(1)  9.3312              4.02888             8.00909             0.0235075           -0.312774           -0.389384           0.0188482           0.390093            -0.312206           0.499091            0                   0.0301306           
SPHEROCYLINDER(1)  9.29788             4.05077             10.6474             0.0352483           -0.345356           -0.359842           0.0336682           0.361565            -0.343711           0.497618            0                   0.0487441           
SPHEROCYLINDER(1)  9.33502             6.66597             0.0328635           0.0278118           -0.291931           -0.404972           0.0200015           0.405926            -0.291245           0.498825            0                   0.0342572           
SPHEROCYLINDER(1)  9.3645              6.67388             2.69524             0.0249348           -0.34396            -0.362036           0.0236339           0.362893            -0.343147           0.498818            0                   0.0343555           
SPHEROCYLINDER(1)  9.34513             6.67937             5.36152             0.0170565           -0.457363           -0.201315           0.0386118           0.202037            -0.455731           0.498215            0                   0.0422113           
SPHEROCYLINDER(1)  9.33777             6.70955             8.01023             0.0328901           -0.359624           -0.345816           0.0340496           0.347377            -0.358008           0.497754            0                   0.0473406           
SPHEROCYLINDER(1)  9.3271              6.65671             10.6693             0.0228478           -0.424265           -0.263585           0.0366384           0.264573            -0.42268            0.498132            0                   0.0431786           
SPHEROCYLINDER(1)  9.33757             9.33815             0.0350743           0.0240025           -0.321491           -0.382188           0.0201509           0.38294             -0.320859           0.499017            0                   0.0313398           
SPHEROCYLINDER(1)  9.34223             9.31155             2.71801             0.0245137           -0.301373           -0.398213           0.0185172           0.398967            -0.300803           0.499055            0                   0.0307214           
SPHEROCYLINDER(1)  9.33144             9.33453             5.32379             0.0307416           -0.193653           -0.459949           0.0129143           0.460976            -0.193222           0.498887            0                   0.033344            
SPHEROCYLINDER(1)  9.32291             9.34116             7.99851             0.0164588           -0.391029           -0.311168           0.020654            0.311603            -0.390483           0.499302            0                   0.0264098           
SPHEROCYLINDER(1)  9.32005             9.32702             10.6808             0.0288955           -0.402323           -0.295467           0.0391588           0.296877            -0.400413           0.497626            0                   0.0486658           
SPHEROCYLINDER(1)  1.38004             0.0586287           1.35972             0.0151601           -0.229619           -0.443898           0.00783741          0.444157            -0.229485           0.499709            0                   0.0170661           
SPHEROCYLINDER(1)  1.36787             0.0519505           4.04602             0.0167217           -0.426232           -0.260858           0.0272666           0.261394            -0.425359           0.498976            0                   0.0319856           
SPHEROCYLINDER(1)  1.41329             0.0428702           6.68209             0.0164826           -0.387837           -0.315136           0.0202574           0.315567            -0.387307           0.499317            0                   0.0261159           
SPHEROCYLINDER(1)  1.39145             0.0518976           9.33945             0.0259506           -0.363407           -0.342435           0.0274611           0.343417            -0.362368           0.49857             0                   0.0377829           
SPHEROCYLINDER(1)  1.37569             2.70497             1.36945             0.0211514           -0.301213           -0.398527           0.0159641           0.399088            -0.300789           0.499297            0                   0.0264997           
SPHEROCYLINDER(1)  1.39481             2.69188             4.01936             0.016961            -0.445733           -0.225908           0.0333713           0.226544            -0.444482           0.498597            0                   0.0374342           
SPHEROCYLINDER(1)  1.36407             2.69989             6.67392             0.0293943           -0.38782            -0.314215           0.0361222           0.315587            -0.386135           0.497826            0                   0.0465707           
SPHEROCYLINDER(1)  1.4066              2.69762             9.30756             0.031011            -0.353268           -0.352477           0.030961            0.353839            -0.351909           0.498076            0                   0.0438208           
SPHEROCYLINDER(1)  1.39018             5.34029             1.36888             0.0385668           -0.269374           -0.419464           0.024663            0.421234            -0.268243           0.4979              0                   0.0457784           
SPHEROCYLINDER(1)  1.38417             5.37478             4.0454              0.021572            -0.360607           -0.345684           0.0224596           0.346356            -0.359907           0.499029            0                   0.0311413           
SPHEROCYLINDER(1)  1.39157             5.3478              6.67591             0.0344642           -0.305071           -0.394644           0.0265408           0.396146            -0.303915           0.498104            0                   0.0434994           
SPHEROCYLINDER(1)  1.37662             5.34038             9.31359             0.0287827           -0.331819           -0.372918           0.0255346           0.374027            -0.330835           0.498517            0                   0.0384768           
SPHEROCYLINDER(1)  1.40136             7.99985             1.35511             0.0417267           -0.277653           -0.413724           0.0278617           0.415823            -0.276251           0.497476            0                   0.0501737           
SPHEROCYLINDER(1)  1.37113             7.98094             4.02986             0.0338575           -0.327071           -0.376668           0.0292814           0.378186            -0.325757           0.497992            0                   0.0447631           
SPHEROCYLINDER(1)  1.37588             8.00897             6.66593             0.029314            -0.232983           -0.441429           0.0154377           0.442401            -0.232471           0.498901            0                   0.0331305           
SPHEROCYLINDER(1)  1.37908             8.02216             9.32723             0.0112176           -0.432752           -0.2502             0.0193827           0.250452            -0.432317           0.499498            0                   0.0223947           
SPHEROCYLINDER(1)  1.35394             10.659              1.35476             0.0174384           -0.390617           -0.311632           0.0218241           0.31212             -0.390007           0.499219            0                   0.0279355           
SPHEROCYLINDER(1)  1.37983             10.6648             4.02281             0.0258596           -0.347695           -0.358385           0.0250232           0.359316            -0.346793           0.498703            0                   0.0359844           
SPHEROCYLINDER(1)  1.37077             10.6447             6.6796              0.0289839           -0.332898           -0.37194            0.0258631           0.373067            -0.331892           0.498489            0                   0.0388454           
SPHEROCYLINDER(1)  1.37118             10.6838             9.32068             0.018924            -0.422238           -0.267128           0.0298376           0.267797            -0.421182           0.49875             0                   0.0353327           
SPHEROCYLINDER(1)  4.03918             0.0653695           1.38226             0.0285911           -0.34104            -0.36452            0.0266676           0.365639            -0.339995           0.498469            0                   0.0390975           
SPHEROCYLINDER(1)  4.01937             0.048348            4.0491              0.0320695           -0.307032           -0.393323           0.024951            0.394628            -0.306017           0.498346            0                   0.0406326           
SPHEROCYLINDER(1)  4.03334             0.0342943           6.66825             0.0220357           -0.377555           -0.327058           0.0253804           0.327799            -0.376701           0.498869            0                   0.0336115           
SPHEROCYLINDER(1)  4.03494             0.0476302           9.33613             0.0222339           -0.360938           -0.345296           0.023193            0.346012            -0.360192           0.498967            0                   0.0321289           
SPHEROCYLINDER(1)  4.04298             2.71824             1.38295             0.0241671           -0.354035           -0.352243           0.0242331           0.353071            -0.353205           0.498827            0                   0.0342241           
SPHEROCYLINDER(1)  4.03367             2.66427             4.01878             0.0198899           -0.41743            -0.274511           0.0301662           0.275231            -0.416339           0.498693            0                   0.0361332           
SPHEROCYLINDER(1)  4.04965             2.69979             6.68742             0.0279529           -0.367657           -0.337708           0.0303281           0.338863            -0.366404           0.498296            0                   0.0412451           
SPHEROCYLINDER(1)  4.02126             2.70402             9.31767             0.0294703           -0.241231           -0.436966           0.0162325           0.437958            -0.240684           0.498867            0                   0.033645            
SPHEROCYLINDER(1)  4.03533             5.36293             1.38448             0.0295093           -0.271427           -0.418876           0.0190744           0.419914            -0.270756           0.498764            0                   0.0351373           
SPHEROCYLINDER(1)  4.02829             5.35703             4.03059             0.00724521          -0.482983           -0.12913            0.0270567           0.129333            -0.482225           0.499215            0                   0.0280099           
SPHEROCYLINDER(1)  4.00802             5.35851             6.66762             0.0307626           -0.190449           -0.461284           0.0126727           0.462309            -0.190027           0.498892            0                   0.0332707           
SPHEROCYLINDER(1)  4.05596             5.33985             9.33727             0.0248379           -0.379469           -0.324633           0.0289488           0.325582            -0.378363           0.498543            0                   0.0381438           
SPHEROCYLINDER(1)  4.02751             8.01442             1.38752             0.0294499           -0.310094           -0.391119           0.0232831           0.392226            -0.309219           0.498589            0                   0.037542            
SPHEROCYLINDER(1)  4.03737             7.98835             4.02357             0.0339146           -0.354438           -0.351032           0.0340849           0.352666            -0.352795           0.497683            0                   0.0480831           
SPHEROCYLINDER(1)  4.01604             7.98534             6.68848             0.0229512           -0.257143           -0.428195           0.0137631           0.428809            -0.256775           0.499283            0                   0.0267615           
SPHEROCYLINDER(1)  4.0316              8.01303             9.32768             0.0258274           -0.360961           -0.345022           0.0269451           0.345988            -0.359953           0.498605            0                   0.0373241           
SPHEROCYLINDER(1)  4.02584             10.6728             1.37041             0.0176961           -0.426818           -0.259833           0.0290016           0.260435            -0.425832           0.498844            0                   0.0339741           
SPHEROCYLINDER(1)  4.03204             10.6237             4.02464             0.0189577           -0.404249           -0.293638           0.0260447           0.294249            -0.403409           0.498961            0                   0.0322137           
SPHEROCYLINDER(1)  4.03066             10.654              6.68068             0.0162974           -0.350419           -0.356288           0.0160122           0.35666             -0.350053           0.499478            0                   0.0228472           
SPHEROCYLINDER(1)  4.02593             10.6817             9.33617             0.0192115           -0.406716           -0.290195           0.0268665           0.290831            -0.405827           0.498908            0                   0.0330286           
SPHEROCYLINDER(1)  6.70017             0.0422989           1.37672             0.0324478           -0.165782           -0.470599           0.0114036           0.471717            -0.165389           0.498816            0                   0.0343934           
SPHEROCYLINDER(1)  6.65795             0.0630864           4.03016             0.033156            -0.359985           -0.345415           0.0343965           0.347002            -0.358338           0.497712            0                   0.0477749           
SPHEROCYLINDER(1)  6.68804             0.0348359           6.67723             0.0229484           -0.378647           -0.32573            0.0266105           0.326538            -0.37771            0.498764            0                   0.035139            
SPHEROCYLINDER(1)  6.66127             0.0568888           9.3201              0.0225774           -0.391046           -0.310762           0.0283355           0.311581            -0.390018           0.498686            0                   0.0362304           
SPHEROCYLINDER(1)  6.68501             2.71337             1.38691             0.0228138           -0.399127           -0.300295           0.030235            0.301161            -0.39798            0.498563            0                   0.0378764           
SPHEROCYLINDER(1)  6.70258             2.68842             4.02548             0.03544             -0.231552           -0.441733           0.0185178           0.443152            -0.23081            0.498399            0                   0.0399862           
SPHEROCYLINDER(1)  6.67298             2.71096             6.67428             0.0341042           -0.297072           -0.400731           0.0251913           0.402179            -0.296002           0.498199            0                   0.0423993           
SPHEROCYLINDER(1)  6.66464             2.70744             9.32027             0.0204493           -0.377357           -0.327389           0.0235246           0.328027            -0.376623           0.499027            0                   0.0311701           
SPHEROCYLINDER(1)  6.66939             5.34015             1.41419             0.0352416           -0.320395           -0.382237           0.0294152           0.383858            -0.319042           0.497888            0                   0.0459045           
SPHEROCYLINDER(1)  6.69841             5.38562             4.05321             0.0272515           -0.305986           -0.3945             0.0210869           0.39544             -0.305259           0.498811            0                   0.0344573           
SPHEROCYLINDER(1)  6.68978             5.37752             6.67663             0.0338546           -0.207727           -0.453546           0.0154626           0.454807            -0.20715            0.498613            0                   0.0372186           
SPHEROCYLINDER(1)  6.67827             5.36641             9.3503              0.0321555           -0.334616           -0.370133           0.0289608           0.371527            -0.33336            0.498124            0                   0.0432747           
SPHEROCYLINDER(1)  6.68831             7.98858             1.34552             0.0224511           -0.418762           -0.272276           0.0344132           0.2732              -0.417346           0.498309            0                   0.0410892           
SPHEROCYLINDER(1)  6.696               8.00508             4.03859             0.0341638           -0.326909           -0.376781           0.0295207           0.378326            -0.325573           0.497957            0                   0.0451513           
SPHEROCYLINDER(1)  6.68366             7.99856             6.68622             0.0202561           -0.288718           -0.407715           0.0143264           0.408218            -0.288362           0.499384            0                   0.0248103           
SPHEROCYLINDER(1)  6.67547             8.01391             9.32485             0.0238875           -0.377851           -0.326586           0.0275636           0.327458            -0.376844           0.498668            0                   0.0364742           
SPHEROCYLINDER(1)  6.67409             10.6437             1.39323             0.00793396          -0.475698           -0.15378            0.02451             0.153985            -0.475066           0.499336            0                   0.0257621           
SPHEROCYLINDER(1)  6.67116             10.653              4.03232             0.0217276           -0.422453           -0.266573           0.0343191           0.267458            -0.421057           0.498347            0                   0.0406188           
SPHEROCYLINDER(1)  6.67995             10.6815             6.67743             0.0219088           -0.201964           -0.45687            0.00967387          0.457395            -0.201732           0.499426            0                   0.0239495           
SPHEROCYLINDER(1)  6.69702             10.6517             9.32339             0.0252257           -0.314042           -0.388254           0.020361            0.389073            -0.313381           0.498948            0                   0.0324177           
SPHEROCYLINDER(1)  9.31803             0.0621676           1.36296             0.0289163           -0.297064           -0.401145           0.0213583           0.402186            -0.296295           0.498706            0                   0.035949            
SPHEROCYLINDER(1)  9.32925             0.0456478           4.00555             0.0152167           -0.399018           -0.30092            0.0201514           0.301305            -0.398509           0.499362            0                   0.0252513           
SPHEROCYLINDER(1)  9.34725             0.07253             6.70082             0.0290526           -0.187506           -0.462598           0.0117528           0.46351             -0.187138           0.499017            0                   0.0313398           
SPHEROCYLINDER(1)  9.30632             0.0425841           9.3426              0.0219864           -0.368796           -0.336907           0.0240164           0.337623            -0.368013           0.498939            0                   0.0325605           
SPHEROCYLINDER(1)  9.3406              2.6995              1.38077             0.0186861           -0.386392           -0.316784           0.0227526           0.317335            -0.385721           0.499132            0                   0.0294423           
SPHEROCYLINDER(1)  9.33881             2.72846             4.01912             0.0291402           -0.232309           -0.441796           0.0152895           0.442756            -0.231805           0.498916            0                   0.0329078           
SPHEROCYLINDER(1)  9.33204             2.69231             6.64365             0.029959            -0.332623           -0.372108           0.0266936           0.373312            -0.33155            0.498387            0                   0.0401259           
SPHEROCYLINDER(1)  9.33903             2.72344             9.3176              0.0121163           -0.464799           -0.183888           0.0305591           0.184287            -0.463794           0.498918            0                   0.0328734           
SPHEROCYLINDER(1)  9.32389             5.38625             1.37469             0.0246207           -0.378555           -0.325715           0.0285335           0.326644            -0.377478           0.498578            0                   0.0376874           
SPHEROCYLINDER(1)  9.33254             5.35704             4.01259             0.0255387           -0.356386           -0.349767           0.0259529           0.350698            -0.35544            0.498672            0                   0.0364112           
SPHEROCYLINDER(1)  9.35323             5.34871             6.68395             0.022353            -0.395018           -0.305715           0.0288057           0.306531            -0.393966           0.498669            0                   0.0364613           
SPHEROCYLINDER(1)  9.32241             5.36408             9.3314              0.0197001           -0.40694            -0.289848           0.0275949           0.290516            -0.406003           0.498849            0                   0.0339053           
SPHEROCYLINDER(1)  9.3352              7.98755             1.38822             0.0225061           -0.359637           -0.346634           0.0233013           0.347363            -0.358881           0.498949            0                   0.0323957           
SPHEROCYLINDER(1)  9.31313             8.01847             4.03856             0.0248909           -0.336539           -0.368947           0.022653            0.369786            -0.335775           0.498866            0                   0.0336559           
SPHEROCYLINDER(1)  9.33861             8.00834             6.67413             0.0238694           -0.344131           -0.361945           0.0226454           0.362731            -0.343385           0.498916            0                   0.0329024           
SPHEROCYLINDER(1)  9.33811             8.01472             9.33376             0.0115535           -0.474544           -0.157081           0.0348094           0.157505            -0.473266           0.498653            0                   0.0366766           
SPHEROCYLINDER(1)  9.31773             10.6699             1.35808             0.0148632           -0.448296           -0.220929           0.0300915           0.221428            -0.447285           0.498872            0                   0.0335621           
SPHEROCYLINDER(1)  9.32498             10.6734             4.01595             0.0240635           -0.350911           -0.355362           0.0237078           0.356176            -0.35011            0.498858            0                   0.0337804           
SPHEROCYLINDER(1)  9.33377             10.6648             6.66404             0.0214361           -0.377746           -0.326877           0.0247189           0.327579            -0.376936           0.498928            0                   0.032719            
SPHEROCYLINDER(1)  9.31673             10.6782             9.32814             0.0236309           -0.277876           -0.415002           0.0157971           0.415674            -0.277427           0.499191            0                   0.0284248           
SPHEROCYLINDER(1)  0.0524298           1.3739              1.36358             0.0311169           -0.215861           -0.449929           0.0148933           0.451003            -0.215346           0.498809            0                   0.0344974           
SPHEROCYLINDER(1)  0.0383666           1.37865             4.04801             0.0209754           -0.3098             -0.391898           0.0165576           0.392459            -0.309357           0.499285            0                   0.0267231           
SPHEROCYLINDER(1)  0.0491019           1.3816              6.68454             0.0256982           -0.348204           -0.357901           0.0249378           0.358823            -0.34731            0.498716            0                   0.0358091           
SPHEROCYLINDER(1)  0.0411306           1.39498             9.31199             0.0267263           -0.369648           -0.335628           0.0293425           0.33669             -0.368482           0.498422            0                   0.0396897           
SPHEROCYLINDER(1)  0.0280918           4.02873             1.37779             0.0206962           -0.331234           -0.373973           0.018303            0.374545            -0.330728           0.499236            0                   0.0276285           
SPHEROCYLINDER(1)  0.0538195           4.03488             4.02656             0.0231381           -0.362096           -0.344022           0.0242988           0.344799            -0.36128            0.498873            0                   0.033553            
SPHEROCYLINDER(1)  0.0409459           4.04972             6.68462             0.0230092           -0.381188           -0.322748           0.0271066           0.323567            -0.380223           0.498734            0                   0.0355555           
SPHEROCYLINDER(1)  0.0587138           4.02548             9.33295             0.0173416           -0.409438           -0.28646            0.0247411           0.286985            -0.40869            0.499086            0                   0.0302135           
SPHEROCYLINDER(1)  0.0562927           6.67498             1.38048             0.0179164           -0.283671           -0.411351           0.0123436           0.411741            -0.283402           0.499526            0                   0.0217568           
SPHEROCYLINDER(1)  0.0601265           6.67133             4.03768             0.0185891           -0.432973           -0.249377           0.0321856           0.250069            -0.431775           0.498617            0                   0.0371681           
SPHEROCYLINDER(1)  0.0558164           6.71157             6.66967             0.0263205           -0.377305           -0.327029           0.030269            0.328087            -0.376089           0.498388            0                   0.0401121           
SPHEROCYLINDER(1)  0.0665534           6.65378             9.33099             0.0319246           -0.278749           -0.41386            0.0214386           0.415089            -0.277923           0.498519            0                   0.0384551           
SPHEROCYLINDER(1)  0.031099            9.31965             1.37267             0.0308597           -0.388407           -0.31335            0.0380674           0.314866            -0.386537           0.497593            0                   0.0490046           
SPHEROCYLINDER(1)  0.0347485           9.31153             4.02919             0.0249432           -0.403353           -0.294422           0.0340498           0.295476            -0.401913           0.498215            0                   0.0422085           
SPHEROCYLINDER(1)  0.0433775           9.34026             6.69285             0.0329278           -0.327508           -0.37637            0.0285439           0.377808            -0.326262           0.498097            0                   0.0435775           
SPHEROCYLINDER(1)  0.0531172           9.36075             9.33435             0.0318591           -0.265375           -0.422565           0.0199511           0.423764            -0.264624           0.498585            0                   0.0375905           
SPHEROCYLINDER(1)  2.71715             1.38196             1.37246             0.0223488           -0.433136           -0.248785           0.0387533           0.249787            -0.431398           0.497995            0                   0.0447357           
SPHEROCYLINDER(1)  2.72126             1.35852             4.01827             0.0273124           -0.366161           -0.339382           0.0293726           0.340479            -0.364981           0.498389            0                   0.0401088           
SPHEROCYLINDER(1)  2.70992             1.36133             6.68961             0.0284008           -0.325261           -0.37868            0.0243261           0.379743            -0.32435            0.4986              0                   0.0373947           
SPHEROCYLINDER(1)  2.70339             1.36289             9.33314             0.0277039           -0.2491             -0.432645           0.0159182           0.433531            -0.248591           0.498978            0                   0.0319515           
SPHEROCYLINDER(1)  2.72065             4.01759             1.36698             0.0130079           -0.443943           -0.229663           0.0251042           0.230031            -0.443233           0.4992              0                   0.0282741           
SPHEROCYLINDER(1)  2.71045             4.03269             4.0453              0.02                -0.422621           -0.266443           0.0316343           0.267192            -0.421435           0.498597            0                   0.0374263           
SPHEROCYLINDER(1)  2.70195             4.01941             6.65297             0.0264636           -0.218111           -0.449141           0.012829            0.449919            -0.217734           0.499134            0                   0.0294093           
SPHEROCYLINDER(1)  2.68393             4.01046             9.34352             0.0232057           -0.275634           -0.416518           0.0153328           0.417164            -0.275208           0.499226            0                   0.0278136           
SPHEROCYLINDER(1)  2.69696             6.68354             1.37211             0.0247179           -0.344535           -0.361503           0.0235029           0.362347            -0.343733           0.498835            0                   0.0341081           
SPHEROCYLINDER(1)  2.68115             6.68959             4.0214              0.0154902           -0.42402            -0.264513           0.0247886           0.264966            -0.423295           0.499145            0                   0.0292305           
SPHEROCYLINDER(1)  2.69615             6.67093             6.67787             0.0185974           -0.433788           -0.247956           0.0324441           0.248652            -0.432573           0.4986              0                   0.0373963           
SPHEROCYLINDER(1)  2.67611             6.67959             9.33804             0.0219859           -0.392349           -0.309159           0.0278317           0.30994             -0.39136            0.49874             0                   0.035468            
SPHEROCYLINDER(1)  2.67838             9.3218              1.37236             0.0318679           -0.322455           -0.380798           0.0268914           0.382129            -0.321332           0.498258            0                   0.0416979           
SPHEROCYLINDER(1)  2.67243             9.33444             4.02296             0.0326959           -0.21896            -0.448316           0.0159265           0.449507            -0.21838            0.498676            0                   0.0363686           
SPHEROCYLINDER(1)  2.71632             9.32662             6.67104             0.027839            -0.267929           -0.421235           0.0176686           0.422154            -0.267346           0.498912            0                   0.0329725           
SPHEROCYLINDER(1)  2.70291             9.34984             9.34517             0.0232188           -0.343063           -0.362999           0.0218989           0.363741            -0.342364           0.49898             0                   0.0319166           
SPHEROCYLINDER(1)  5.35844             1.37969             1.38465             0.031361            -0.363677           -0.341695           0.0332388           0.343131            -0.362155           0.497907            0                   0.0456983           
SPHEROCYLINDER(1)  5.36412             1.3607              4.01973             0.0251581           -0.318765           -0.384391           0.0208184           0.385213            -0.318084           0.498933            0                   0.0326548           
SPHEROCYLINDER(1)  5.3604              1.38121             6.6633              0.0329172           -0.357551           -0.347957           0.0336744           0.34951             -0.355961           0.497778            0                   0.0470904           
SPHEROCYLINDER(1)  5.34105             1.35022             9.3243              0.0212863           -0.404995           -0.292448           0.0294005           0.293222            -0.403927           0.498681            0                   0.0362973           
SPHEROCYLINDER(1)  5.36598             4.02351             1.38871             0.0195737           -0.433794           -0.247869           0.0341494           0.248641            -0.432448           0.498448            0                   0.0393613           
SPHEROCYLINDER(1)  5.35762             4.0212              4.00798             0.0264931           -0.351419           -0.354686           0.0261761           0.355675            -0.350443           0.498611            0                   0.0372434           
SPHEROCYLINDER(1)  5.35224             4.01054             6.66959             0.0304012           -0.24921            -0.432401           0.0174783           0.433468            -0.248596           0.498769            0                   0.0350674           
SPHEROCYLINDER(1)  5.35621             4.04377             9.3224              0.0237154           -0.350486           -0.355805           0.0233092           0.356594            -0.34971            0.498893            0                   0.0332527           
SPHEROCYLINDER(1)  5.37967             6.68454             1.36228             0.0164524           -0.334253           -0.371489           0.0147888           0.371853            -0.333926           0.49951             0                   0.0221221           
SPHEROCYLINDER(1)  5.33842             6.65835             4.01261             0.0164793           -0.405284           -0.292359           0.0228083           0.292823            -0.404641           0.499208            0                   0.0281387           
SPHEROCYLINDER(1)  5.34462             6.67637             6.68609             0.0193912           -0.401042           -0.297976           0.0260433           0.298606            -0.400195           0.498945            0                   0.0324696           
SPHEROCYLINDER(1)  5.36702             6.67827             9.35559             0.0154471           -0.316587           -0.386696           0.0126364           0.387004            -0.316335           0.499602            0                   0.0199572           
SPHEROCYLINDER(1)  5.34078             9.32109             1.38621             0.0328084           -0.285215           -0.40936            0.0227856           0.410673            -0.284303           0.498402            0                   0.0399447           
SPHEROCYLINDER(1)  5.37013             9.32771             4.03719             0.0353873           -0.252978           -0.429825           0.0207573           0.43128             -0.252125           0.498314            0                   0.041026            
SPHEROCYLINDER(1)  5.34419             9.33255             6.65898             0.0258739           -0.330908           -0.373939           0.0228419           0.374833            -0.330119           0.498807            0                   0.034514            
SPHEROCYLINDER(1)  5.35165             9.33126             9.32218             0.0334449           -0.139527           -0.478971           0.00971903          0.480138            -0.139188           0.498786            0                   0.0348284           
SPHEROCYLINDER(1)  7.99613             1.37256             1.36528             0.0262408           -0.388154           -0.314083           0.0323166           0.315177            -0.386806           0.498264            0                   0.0416287           
SPHEROCYLINDER(1)  8.01609             1.39144             4.03175             0.0174358           -0.408846           -0.287299           0.0247668           0.287828            -0.408095           0.499082            0                   0.0302887           
SPHEROCYLINDER(1)  7.99528             1.37548             6.67925             0.0240994           -0.396658           -0.303449           0.0314031           0.304405            -0.395413           0.498431            0                   0.0395846           
SPHEROCYLINDER(1)  8.00959             1.40507             9.32802             0.0249605           -0.28424            -0.410591           0.0172476           0.411349            -0.283716           0.499079            0                   0.0303398           
SPHEROCYLINDER(1)  8.01951             4.02708             1.37366             0.0230059           -0.316079           -0.386736           0.0187695           0.387419            -0.315522           0.499118            0                   0.0296912           
SPHEROCYLINDER(1)  7.99627             4.04006             4.03135             0.0285136           -0.369343           -0.335817           0.0312479           0.337025            -0.368019           0.498207            0                   0.042302            
SPHEROCYLINDER(1)  7.9995              4.0327              6.67052             0.0174943           -0.398068           -0.302052           0.0230167           0.302559            -0.397402           0.499163            0                   0.0289105           
SPHEROCYLINDER(1)  7.99069             4.03669             9.32543             0.0204784           -0.386559           -0.316469           0.0249617           0.317131            -0.385753           0.498956            0                   0.032287            
SPHEROCYLINDER(1)  7.98691             6.66086             1.39618             0.0248695           -0.361462           -0.344567           0.0260212           0.345463            -0.360524           0.498703            0                   0.0359944           
SPHEROCYLINDER(1)  8.0096              6.68204             4.04041             0.0291953           -0.348215           -0.357622           0.0283331           0.358812            -0.347061           0.498342            0                   0.0406833           
SPHEROCYLINDER(1)  8.02608             6.68557             6.69037             0.0257798           -0.271104           -0.41933            0.0166357           0.420122            -0.270593           0.499058            0                   0.0306813           
SPHEROCYLINDER(1)  8.01225             6.66674             9.31166             0.0160268           -0.435188           -0.245671           0.02833             0.246194            -0.434265           0.498939            0                   0.0325492           
SPHEROCYLINDER(1)  7.99971             9.32813             1.38168             0.0230456           -0.346752           -0.359488           0.0221835           0.360226            -0.346042           0.498976            0                   0.0319876           
SPHEROCYLINDER(1)  8.01118             9.33457             4.02225             0.0315634           -0.385017           -0.317436           0.0380953           0.319001            -0.383128           0.497546            0                   0.0494722           
SPHEROCYLINDER(1)  8.03003             9.32189             6.66835             0.0251088           -0.414821           -0.278016           0.0373124           0.279147            -0.41314            0.497973            0                   0.0449741           
SPHEROCYLINDER(1)  7.99209             9.33369             9.31808             0.0199379           -0.320373           -0.383358           0.0166396           0.383876            -0.319941           0.499325            0                   0.0259691           
SPHEROCYLINDER(1)  10.66               1.38333             1.39119             0.0231226           -0.382195           -0.321547           0.0274131           0.322377            -0.381211           0.498712            0                   0.0358627           
SPHEROCYLINDER(1)  10.6667             1.38667             4.02421             0.0154826           -0.456503           -0.203384           0.034651            0.203973            -0.455186           0.498558            0                   0.0379527           
SPHEROCYLINDER(1)  10.6603             1.36876             6.68492             0.0134699           -0.432151           -0.251125           0.0231466           0.251486            -0.431531           0.499282            0                   0.0267807           
SPHEROCYLINDER(1)  10.676              1.36892             9.31991             0.0333208           -0.267735           -0.420961           0.0211262           0.422277            -0.2669             0.498441            0                   0.0394537           
SPHEROCYLINDER(1)  10.6493             4.01834             1.37121             0.0234589           -0.412654           -0.281365           0.0342862           0.282341            -0.411228           0.498271            0                   0.0415435           
SPHEROCYLINDER(1)  10.6595             4.03846             4.03568             0.0174754           -0.436057           -0.244027           0.0311474           0.244652            -0.434943           0.498723            0                   0.0357148           
SPHEROCYLINDER(1)  10.6667             4.03787             6.67761             0.0234847           -0.358415           -0.347832           0.0241443           0.348624            -0.357601           0.498864            0                   0.033682            
SPHEROCYLINDER(1)  10.653              4.0372              9.3231              0.0315285           -0.294814           -0.402605           0.0230169           0.403837            -0.293915           0.498474            0                   0.0390362           
SPHEROCYLINDER(1)  10.6438             6.69006             1.3519              0.0240511           -0.354633           -0.351649           0.0241986           0.352471            -0.353806           0.498835            0                   0.0341178           
SPHEROCYLINDER(1)  10.6653             6.69043             4.0058              0.0309591           -0.288383           -0.407279           0.0218582           0.408454            -0.287554           0.498562            0                   0.0378979           
SPHEROCYLINDER(1)  10.6738             6.67427             6.6735              0.0275251           -0.342884           -0.362867           0.0259347           0.36391             -0.341902           0.498568            0                   0.0378185           
SPHEROCYLINDER(1)  10.6625             6.67073             9.32522             0.0190574           -0.437288           -0.241694           0.0343732           0.242444            -0.435935           0.498453            0                   0.0393027           
SPHEROCYLINDER(1)  10.6523             9.31829             1.36716             0.0217066           -0.38688            -0.315995           0.0265133           0.31674             -0.38597            0.498824            0                   0.0342656           
SPHEROCYLINDER(1)  10.6575             9.36063             4.0244              0.0355429           -0.290245           -0.405579           0.0253385           0.407134            -0.289137           0.498091            0                   0.0436501           
SPHEROCYLINDER(1)  10.6611             9.33683             6.68414             0.0329418           -0.252705           -0.43018            0.0192949           0.431439            -0.251968           0.49854             0                   0.0381766           
SPHEROCYLINDER(1)  10.6586             9.32565             9.33232             0.0278202           -0.277272           -0.415146           0.0185392           0.416077            -0.276651           0.498881            0                   0.0334316           
