365
0         13.2587   
0         13.2587   
0         13.2587   
SPHEROCYLINDER(1)  0.00988109          0.00444129          0.019106            0.00499403          -0.101362           -0.489592           0.00103388          0.489618            -0.101357           0.499974            0                   0.00509993          
SPHEROCYLINDER(1)  0.01028             0.00229045          2.66271             0.0004819           -0.474972           -0.156208           0.00146528          0.156209            -0.47497            0.499998            0                   0.00154249          
SPHEROCYLINDER(1)  0.00237639          0.00851507          5.3111              0.00162121          -0.490839           -0.0952586          0.0083524           0.0952724           -0.490768           0.499928            0                   0.00850829          
SPHEROCYLINDER(1)  0.0100627           0.000454472         7.95805             0.00395076          -0.207933           -0.454696           0.00180662          0.454713            -0.207925           0.499981            0                   0.00434424          
SPHEROCYLINDER(1)  0.00670477          0.000533404         10.6215             0.00774584          -0.393095           -0.308895           0.00985412          0.308992            -0.392971           0.499843            0                   0.012534            
SPHEROCYLINDER(1)  0.014862            2.67029             0.0181714           0.00411699          -0.448927           -0.220109           0.00839542          0.220147            -0.448848           0.499913            0                   0.00935055          
SPHEROCYLINDER(1)  0.000398255         2.66263             2.65227             0.000792896         -0.296899           -0.402306           0.000585151         0.402307            -0.296899           0.499999            0                   0.000985436         
SPHEROCYLINDER(1)  0.0195447           2.65207             5.31712             0.00944368          -0.126835           -0.483553           0.00247659          0.483645            -0.126811           0.499905            0                   0.00976302          
SPHEROCYLINDER(1)  0.0184622           2.65305             7.97369             0.0030775           -0.420716           -0.270164           0.00479215          0.270182            -0.420689           0.499968            0                   0.00569523          
SPHEROCYLINDER(1)  5.90665e-06         2.67002             10.6092             0.00860443          -0.301588           -0.398711           0.00650693          0.398804            -0.301518           0.499884            0                   0.0107878           
SPHEROCYLINDER(1)  0.00537728          5.32073             0.0168214           0.00813674          -0.0865475          -0.492385           0.00143001          0.492453            -0.0865357          0.499932            0                   0.00826144          
SPHEROCYLINDER(1)  0.00830316          5.30812             2.66763             0.00608789          -0.401024           -0.298568           0.00817528          0.29863             -0.40094            0.499896            0                   0.010193            
SPHEROCYLINDER(1)  0.013916            5.30979             5.31176             0.00781449          -0.389531           -0.313376           0.00971051          0.313474            -0.38941            0.499845            0                   0.0124644           
SPHEROCYLINDER(1)  0.00116544          5.31281             7.9605              0.00756607          -0.141028           -0.479639           0.00222436          0.479699            -0.14101            0.499938            0                   0.00788626          
SPHEROCYLINDER(1)  0.0168361           5.31441             10.6099             0.00804511          -0.308995           -0.393011           0.00632394          0.393093            -0.30893            0.499895            0                   0.0102331           
SPHEROCYLINDER(1)  0.0170688           7.96348             0.0119243           0.00379408          -0.271618           -0.419773           0.0024549           0.41979             -0.271607           0.49998             0                   0.00451903          
SPHEROCYLINDER(1)  0.0145784           7.9618              2.65927             0.00487346          -0.381614           -0.323028           0.00575668          0.323065            -0.38157            0.499943            0                   0.00754254          
SPHEROCYLINDER(1)  0.00513809          7.97155             5.30419             0.00981138          -0.255248           -0.429828           0.00582486          0.42994             -0.255182           0.49987             0                   0.0114102           
SPHEROCYLINDER(1)  0.0163504           7.97055             7.95667             0.00392724          -0.252984           -0.431258           0.0023037           0.431276            -0.252974           0.499979            0                   0.00455305          
SPHEROCYLINDER(1)  0.00298232          7.96553             10.6132             0.00952993          -0.33552            -0.370588           0.00862526          0.370711            -0.335409           0.499835            0                   0.0128536           
SPHEROCYLINDER(1)  0.00531327          10.6102             0.00167019          0.000592224         -0.498952           -0.0323488          0.00913301          0.0323542           -0.498869           0.499916            0                   0.00915219          
SPHEROCYLINDER(1)  0.0120387           10.6145             2.65854             0.00177495          -0.482202           -0.132204           0.0064734           0.132216            -0.482159           0.499955            0                   0.00671233          
SPHEROCYLINDER(1)  0.00758444          10.6133             5.31153             0.0082117           -0.127492           -0.483403           0.00216543          0.483473            -0.127473           0.499928            0                   0.00849241          
SPHEROCYLINDER(1)  0.0105589           10.6164             7.96227             0.00270575          -0.370204           -0.336068           0.0029805           0.336079            -0.370192           0.499984            0                   0.00402548          
SPHEROCYLINDER(1)  0.0157484           10.6174             10.6155             0.00795603          -0.192627           -0.461337           0.00332148          0.461405            -0.192598           0.499926            0                   0.00862152          
SPHEROCYLINDER(1)  2.66385             0.00244864          0.0106567           0.00879303          -0.230839           -0.443437           0.00457648          0.443524            -0.230794           0.499902            0                   0.00991269          
SPHEROCYLINDER(1)  2.65386             0.00766959          2.65778             0.00358687          -0.394438           -0.307256           0.00460432          0.307277            -0.394411           0.499966            0                   0.00583656          
SPHEROCYLINDER(1)  2.66872             0.0188115           5.30978             0.00175347          -0.451263           -0.215311           0.00367491          0.215318            -0.451248           0.499983            0                   0.0040718           
SPHEROCYLINDER(1)  2.65555             0.0124893           7.96697             0.00398071          -0.155039           -0.475339           0.00129832          0.475356            -0.155033           0.499982            0                   0.00418709          
SPHEROCYLINDER(1)  2.66804             0.0155003           10.624              0.00487411          -0.314617           -0.388577           0.00394609          0.388608            -0.314593           0.499961            0                   0.00627125          
SPHEROCYLINDER(1)  2.65908             2.66724             0.000672914         0.00972453          -0.025148           -0.499272           0.000489724         0.499367            -0.0251432          0.499905            0                   0.00973685          
SPHEROCYLINDER(1)  2.668               2.65837             2.66224             0.00551812          -0.404401           -0.293988           0.00758922          0.29404             -0.40433            0.499912            0                   0.00938327          
SPHEROCYLINDER(1)  2.65457             2.66846             5.30364             0.00369778          -0.272114           -0.419452           0.0023988           0.419468            -0.272104           0.499981            0                   0.0044077           
SPHEROCYLINDER(1)  2.66843             2.66672             7.95533             0.0046008           -0.437365           -0.242261           0.00830454          0.242305            -0.437287           0.49991             0                   0.00949382          
SPHEROCYLINDER(1)  2.66549             2.66123             10.6169             0.000762244         -0.443976           -0.229968           0.00147158          0.229969            -0.443973           0.499997            0                   0.00165728          
SPHEROCYLINDER(1)  2.66857             5.31667             0.000677654         0.00463289          -0.43568            -0.245279           0.00822775          0.245323            -0.435602           0.499911            0                   0.00944244          
SPHEROCYLINDER(1)  2.66032             5.32073             2.66556             0.00176103          -0.437377           -0.242278           0.00317905          0.242284            -0.437365           0.499987            0                   0.00363422          
SPHEROCYLINDER(1)  2.66013             5.30411             5.30543             0.00781223          -0.345415           -0.361424           0.00746446          0.361508            -0.345335           0.499883            0                   0.010805            
SPHEROCYLINDER(1)  2.66964             5.30398             7.96919             0.00308593          -0.438954           -0.239396           0.00565787          0.239415            -0.438917           0.499958            0                   0.00644472          
SPHEROCYLINDER(1)  2.66385             5.31549             10.6093             0.00658749          -0.272704           -0.419034           0.00428655          0.419086            -0.27267            0.499938            0                   0.00785936          
SPHEROCYLINDER(1)  2.66821             7.96477             0.0123185           0.00570572          -0.380035           -0.324871           0.00667354          0.324921            -0.379976           0.499923            0                   0.00878017          
SPHEROCYLINDER(1)  2.66478             7.96908             2.66973             0.00801946          -0.30681            -0.39472            0.00623213          0.394801            -0.306746           0.499897            0                   0.0101563           
SPHEROCYLINDER(1)  2.67055             7.96773             5.30596             0.00116925          -0.422552           -0.267299           0.00184835          0.267301            -0.422548           0.499995            0                   0.00218713          
SPHEROCYLINDER(1)  2.66137             7.97271             7.96052             0.00864749          -0.361234           -0.345594           0.00903599          0.345702            -0.361121           0.499844            0                   0.0125071           
SPHEROCYLINDER(1)  2.6688              7.97256             10.6224             0.00120693          -0.385105           -0.318893           0.00145752          0.318896            -0.385102           0.499996            0                   0.00189236          
SPHEROCYLINDER(1)  2.65671             10.6187             0.01645             0.00190366          -0.463205           -0.188248           0.00468395          0.188257            -0.463182           0.499974            0                   0.00505601          
SPHEROCYLINDER(1)  2.6593              10.6133             2.67031             0.00480306          -0.441256           -0.235096           0.00901307          0.235145            -0.441164           0.499896            0                   0.010213            
SPHEROCYLINDER(1)  2.66515             10.6135             5.30885             3.50175e-05         -0.49954            -0.0214338          0.000816124         0.0214338           -0.49954            0.499999            0                   0.000816875         
SPHEROCYLINDER(1)  2.65956             10.6175             7.96914             0.00725144          -0.134159           -0.481611           0.00201975          0.481665            -0.134143           0.499943            0                   0.00752747          
SPHEROCYLINDER(1)  2.66212             10.6213             10.6132             0.00818597          -0.382881           -0.321457           0.00974698          0.321562            -0.382757           0.499838            0                   0.0127285           
SPHEROCYLINDER(1)  5.31434             0.00892778          0.000453739         0.00575666          -0.144448           -0.478646           0.00173714          0.47868             -0.144437           0.499964            0                   0.00601305          
SPHEROCYLINDER(1)  5.30886             0.00165093          2.66319             0.00616713          -0.376038           -0.32948            0.00703736          0.329538            -0.375972           0.499912            0                   0.00935724          
SPHEROCYLINDER(1)  5.31025             0.00653408          5.31088             0.00883552          -0.323486           -0.381155           0.00749669          0.381257            -0.323399           0.499866            0                   0.0115874           
SPHEROCYLINDER(1)  5.32225             0.00833239          7.97313             0.00430056          -0.41992            -0.271383           0.00665355          0.271417            -0.419867           0.499937            0                   0.0079224           
SPHEROCYLINDER(1)  5.32198             0.00558224          10.6177             0.00594521          -0.335691           -0.370508           0.00538583          0.370556            -0.335648           0.499936            0                   0.00802201          
SPHEROCYLINDER(1)  5.3103              2.66249             0.000177987         0.0057888           -0.276355           -0.416647           0.00383924          0.416687            -0.276328           0.499952            0                   0.00694622          
SPHEROCYLINDER(1)  5.31978             2.65891             2.66723             0.000119308         -0.499853           -0.01214            0.00491214          0.0121406           -0.499828           0.499976            0                   0.00491359          
SPHEROCYLINDER(1)  5.32217             2.66259             5.31302             0.00982336          -0.200467           -0.457948           0.00429919          0.458053            -0.200421           0.499885            0                   0.0107229           
SPHEROCYLINDER(1)  5.31344             2.65885             7.96234             0.000261941         -0.499345           -0.0255745          0.00511417          0.0255759           -0.499319           0.499974            0                   0.00512087          
SPHEROCYLINDER(1)  5.31831             2.67086             10.611              0.00756108          -0.37098            -0.335137           0.00836761          0.335222            -0.370886           0.499873            0                   0.0112777           
SPHEROCYLINDER(1)  5.31335             5.32129             0.00821167          0.00164614          -0.260319           -0.426885           0.00100383          0.426888            -0.260318           0.499996            0                   0.00192807          
SPHEROCYLINDER(1)  5.31398             5.31315             2.65924             0.00967483          -0.247767           -0.434187           0.00551953          0.434294            -0.247705           0.499876            0                   0.0111386           
SPHEROCYLINDER(1)  5.30983             5.31792             5.31732             0.00476116          -0.189298           -0.462757           0.00194752          0.462781            -0.189288           0.499974            0                   0.00514408          
SPHEROCYLINDER(1)  5.31481             5.31206             7.9695              0.0065618           -0.373212           -0.33267            0.00736005          0.332735            -0.37314            0.499903            0                   0.0098604           
SPHEROCYLINDER(1)  5.31472             5.31775             10.608              0.00550706          -0.369673           -0.336618           0.00604703          0.336663            -0.369623           0.499933            0                   0.0081789           
SPHEROCYLINDER(1)  5.32279             7.95763             0.00233641          0.00472926          -0.155788           -0.475087           0.00155072          0.475111            -0.155781           0.499975            0                   0.00497701          
SPHEROCYLINDER(1)  5.32018             7.96578             2.66354             0.00864939          -0.0389788          -0.498403           0.000676343         0.498478            -0.0389729          0.499925            0                   0.00867579          
SPHEROCYLINDER(1)  5.30576             7.9625              5.30415             0.00801615          -0.380219           -0.324606           0.00938666          0.324705            -0.380103           0.499848            0                   0.0123437           
SPHEROCYLINDER(1)  5.31223             7.96961             7.95584             0.00716704          -0.336015           -0.370193           0.00650413          0.370262            -0.335952           0.499906            0                   0.00967834          
SPHEROCYLINDER(1)  5.31288             7.96913             10.6249             0.00460635          -0.331646           -0.374152           0.00408274          0.37418             -0.331621           0.499962            0                   0.00615526          
SPHEROCYLINDER(1)  5.3136              10.6179             0.00293739          0.00699889          -0.249789           -0.433078           0.00403627          0.433134            -0.249756           0.499935            0                   0.00807935          
SPHEROCYLINDER(1)  5.31161             10.6078             2.67166             0.00962825          -0.162326           -0.472819           0.00330485          0.472917            -0.162293           0.499896            0                   0.0101796           
SPHEROCYLINDER(1)  5.3106              10.6192             5.32068             0.00647838          -0.094369           -0.490971           0.00124509          0.491014            -0.0943608          0.499956            0                   0.00659694          
SPHEROCYLINDER(1)  5.32269             10.6222             7.97501             0.00664675          -0.0363327          -0.498634           0.000484268         0.498678            -0.0363294          0.499956            0                   0.00666436          
SPHEROCYLINDER(1)  5.31439             10.6118             10.6139             0.00137293          -0.489626           -0.101315           0.00663433          0.101325            -0.489581           0.499954            0                   0.0067749           
SPHEROCYLINDER(1)  7.96093             0.00480179          0.00177954          0.00378738          -0.436792           -0.243307           0.0067984           0.243337            -0.436739           0.499939            0                   0.00778219          
SPHEROCYLINDER(1)  7.97425             0.00992395          2.65628             0.00104749          -0.492196           -0.0879876          0.00585917          0.0879938           -0.492161           0.499965            0                   0.00595207          
SPHEROCYLINDER(1)  7.9718              0.0167551           5.31203             0.00469782          -0.0560878          -0.496822           0.000530328         0.496844            -0.0560853          0.499978            0                   0.00472765          
SPHEROCYLINDER(1)  7.95667             0.00535589          7.97306             0.00491458          -0.34689            -0.36006            0.00473437          0.360094            -0.346857           0.499953            0                   0.00682403          
SPHEROCYLINDER(1)  7.97145             0.0027249           10.6189             0.000613685         -0.421232           -0.269376           0.000959634         0.269377            -0.42123            0.499999            0                   0.00113908          
SPHEROCYLINDER(1)  7.97284             2.65405             0.0187244           0.00399342          -0.346206           -0.360729           0.00383241          0.360751            -0.346185           0.499969            0                   0.00553487          
SPHEROCYLINDER(1)  7.95839             2.6609              2.66509             0.00471664          -0.446954           -0.224076           0.00940595          0.224126            -0.446855           0.499889            0                   0.0105223           
SPHEROCYLINDER(1)  7.96716             2.66171             5.31633             0.00431312          -0.265754           -0.423505           0.00270639          0.423527            -0.26574            0.499974            0                   0.00509191          
SPHEROCYLINDER(1)  7.95879             2.67081             7.97266             0.0042321           -0.240891           -0.438125           0.0023268           0.438146            -0.24088            0.499977            0                   0.00482956          
SPHEROCYLINDER(1)  7.95948             2.65882             10.6214             0.00422411          -0.281494           -0.413211           0.00287746          0.413233            -0.281479           0.499974            0                   0.00511106          
SPHEROCYLINDER(1)  7.96784             5.31474             0.00272557          0.00127724          -0.494859           -0.0715023          0.00883821          0.0715137           -0.49478            0.49992             0                   0.00893002          
SPHEROCYLINDER(1)  7.96604             5.31935             2.66037             0.00983578          -0.0889425          -0.491927           0.001778            0.492026            -0.0889248          0.4999              0                   0.0099952           
SPHEROCYLINDER(1)  7.96675             5.31223             5.31115             0.00737394          -0.0894436          -0.49188            0.00134073          0.491935            -0.0894336          0.499944            0                   0.00749483          
SPHEROCYLINDER(1)  7.96389             5.30771             7.96297             0.00283826          -0.464996           -0.183768           0.0071809           0.18379             -0.46494            0.49994             0                   0.00772147          
SPHEROCYLINDER(1)  7.96712             5.31908             10.6192             0.0048796           -0.195594           -0.46013            0.00207412          0.460156            -0.195583           0.499972            0                   0.00530212          
SPHEROCYLINDER(1)  7.96306             7.96633             0.0169041           0.00385964          -0.414196           -0.280048           0.00570794          0.280074            -0.414157           0.499953            0                   0.00689039          
SPHEROCYLINDER(1)  7.96261             7.96403             2.65899             0.00967287          -0.187606           -0.463369           0.00391544          0.46347             -0.187565           0.499891            0                   0.0104353           
SPHEROCYLINDER(1)  7.97372             7.96026             5.31353             0.00399775          -0.429379           -0.256159           0.0067003           0.256191            -0.429327           0.499939            0                   0.00780231          
SPHEROCYLINDER(1)  7.95829             7.95535             7.96878             0.00865595          -0.176072           -0.467893           0.00325676          0.467973            -0.176042           0.499914            0                   0.00924835          
SPHEROCYLINDER(1)  7.96216             7.9604              10.6233             0.00245504          -0.474439           -0.157802           0.00738026          0.157822            -0.474382           0.49994             0                   0.00777788          
SPHEROCYLINDER(1)  7.97247             10.6235             0.00815861          0.00165981          -0.473442           -0.160778           0.00488736          0.160787            -0.473417           0.499973            0                   0.00516152          
SPHEROCYLINDER(1)  7.97063             10.6188             2.66867             0.00293702          -0.449369           -0.219223           0.00601984          0.219243            -0.449329           0.499955            0                   0.0066981           
SPHEROCYLINDER(1)  7.96162             10.6091             5.30382             0.00221354          -0.404165           -0.294357           0.0030392           0.294365            -0.404154           0.499986            0                   0.00375985          
SPHEROCYLINDER(1)  7.97262             10.615              7.96938             0.000797428         -0.484897           -0.121962           0.00317036          0.121964            -0.484886           0.499989            0                   0.00326911          
SPHEROCYLINDER(1)  7.96988             10.6137             10.626              0.00575652          -0.269365           -0.4212             0.00368105          0.421239            -0.26934            0.499953            0                   0.00683283          
SPHEROCYLINDER(1)  10.6195             0.00188061          0.0180714           0.000856696         -0.495859           -0.0642124          0.00661496          0.0642182           -0.495815           0.499956            0                   0.0066702           
SPHEROCYLINDER(1)  10.6178             0.007146            2.65184             0.00819294          -0.337328           -0.368975           0.00748839          0.369066            -0.337245           0.499877            0                   0.0110996           
SPHEROCYLINDER(1)  10.6245             0.0123436           5.31046             0.00464816          -0.282382           -0.4126             0.00318099          0.412626            -0.282365           0.499968            0                   0.00563242          
SPHEROCYLINDER(1)  10.6266             0.00553073          7.9616              0.00893574          -0.234608           -0.441451           0.00474791          0.441542            -0.23456            0.499898            0                   0.0101188           
SPHEROCYLINDER(1)  10.6123             0.0196389           10.6071             0.00209045          -0.485774           -0.118402           0.00857527          0.11842             -0.485699           0.499922            0                   0.00882639          
SPHEROCYLINDER(1)  10.6269             2.66061             0.00169351          0.00640424          -0.243266           -0.436785           0.00356644          0.436832            -0.243239           0.499946            0                   0.00733033          
SPHEROCYLINDER(1)  10.6142             2.66195             2.66699             0.0051055           -0.362524           -0.344311           0.00537498          0.344349            -0.362485           0.499945            0                   0.00741327          
SPHEROCYLINDER(1)  10.6195             2.66486             5.32101             0.00791317          -0.357698           -0.34927            0.00810206          0.349359            -0.357607           0.499872            0                   0.0113253           
SPHEROCYLINDER(1)  10.6085             2.65771             7.96737             0.00447529          -0.139494           -0.480126           0.00130018          0.480147            -0.139488           0.499978            0                   0.00466033          
SPHEROCYLINDER(1)  10.6223             2.67059             10.6115             0.00320456          -0.468426           -0.174835           0.00858437          0.174864            -0.468347           0.499916            0                   0.009163            
SPHEROCYLINDER(1)  10.6127             5.30767             0.00955886          0.00852118          -0.0833105          -0.492937           0.00143994          0.49301             -0.0832981          0.499925            0                   0.00864199          
SPHEROCYLINDER(1)  10.6153             5.32268             2.66256             0.00594183          -0.409554           -0.286758           0.00848443          0.28682             -0.409466           0.499893            0                   0.0103581           
SPHEROCYLINDER(1)  10.621              5.30771             5.31783             8.63523e-05         -0.499973           -0.00522383         0.00826364          0.00522455          -0.499904           0.499932            0                   0.00826409          
SPHEROCYLINDER(1)  10.615              5.30991             7.97171             0.004547            -0.000408022        -0.499979           3.71055e-06         0.5                 -0.000408005        0.499979            0                   0.004547            
SPHEROCYLINDER(1)  10.6117             5.31593             10.6079             0.00893264          -0.147214           -0.477753           0.002752            0.477837            -0.147188           0.499913            0                   0.00934695          
SPHEROCYLINDER(1)  10.6073             7.9566              0.00738272          0.00262169          -0.0666045          -0.495537           0.000352373         0.495544            -0.0666036          0.499993            0                   0.00264526          
SPHEROCYLINDER(1)  10.6232             7.96748             2.65718             0.00606339          -0.0370546          -0.498588           0.000450591         0.498625            -0.0370518          0.499963            0                   0.00608011          
SPHEROCYLINDER(1)  10.6256             7.97306             5.32176             0.00237931          -0.475053           -0.155944           0.00724728          0.155962            -0.474998           0.499942            0                   0.00762785          
SPHEROCYLINDER(1)  10.6079             7.96619             7.95567             0.00737409          -0.286661           -0.409599           0.00515997          0.409665            -0.286614           0.499919            0                   0.00900014          
SPHEROCYLINDER(1)  10.6183             7.97353             10.6221             0.00335138          -0.434019           -0.248227           0.00585928          0.248249            -0.433979           0.499954            0                   0.00675003          
SPHEROCYLINDER(1)  10.6159             10.6154             0.0191046           0.00387613          -0.444312           -0.229286           0.00751014          0.229318            -0.444248           0.499929            0                   0.00845142          
SPHEROCYLINDER(1)  10.6171             10.6124             2.65643             0.00313845          -0.375273           -0.330394           0.0035646           0.330409            -0.375256           0.499977            0                   0.00474934          
SPHEROCYLINDER(1)  10.6235             10.6161             5.32182             0.00683203          -0.243605           -0.436589           0.00381162          0.436643            -0.243575           0.499939            0                   0.00782337          
SPHEROCYLINDER(1)  10.621              10.6113             7.96211             0.00850973          -0.143118           -0.479004           0.00254215          0.47908             -0.143095           0.499921            0                   0.00888133          
SPHEROCYLINDER(1)  10.6093             10.6172             10.6076             0.00731038          -0.0781608          -0.493799           0.00115699          0.493853            -0.0781523          0.499945            0                   0.00740137          
SPHEROCYLINDER(1)  1.34245             1.32863             0.0188764           0.00574361          -0.314053           -0.389022           0.00463625          0.389064            -0.314019           0.499946            0                   0.00738131          
SPHEROCYLINDER(1)  1.33894             1.34307             2.6654              0.00115782          -0.494564           -0.0735212          0.0077875           0.0735303           -0.494502           0.499938            0                   0.0078731           
SPHEROCYLINDER(1)  1.32992             1.34494             5.31407             0.00927539          -0.215884           -0.450897           0.00444001          0.450992            -0.215839           0.499894            0                   0.0102833           
SPHEROCYLINDER(1)  1.332               1.34051             7.95918             0.0064661           -0.396949           -0.303956           0.00844244          0.304025            -0.39686            0.499887            0                   0.0106342           
SPHEROCYLINDER(1)  1.32946             1.32717             10.6123             0.000186104         -0.499775           -0.0149962          0.00620179          0.0149973           -0.499737           0.499962            0                   0.00620459          
SPHEROCYLINDER(1)  1.34023             3.97824             0.0112186           0.00464308          -0.294767           -0.403845           0.00338876          0.403872            -0.294747           0.499967            0                   0.00574821          
SPHEROCYLINDER(1)  1.34155             3.99483             2.66506             0.00058976          -0.465071           -0.183598           0.00149391          0.183599            -0.465069           0.499997            0                   0.00160611          
SPHEROCYLINDER(1)  1.34121             3.98375             5.31828             0.0065382           -0.297375           -0.401902           0.0048371           0.401955            -0.297336           0.499934            0                   0.00813299          
SPHEROCYLINDER(1)  1.33539             3.99676             7.96657             0.00562763          -0.34975            -0.357272           0.00550845          0.357317            -0.349706           0.499938            0                   0.00787485          
SPHEROCYLINDER(1)  1.33573             3.98263             10.6076             0.00559404          -0.0707134          -0.494943           0.00079918          0.494974            -0.0707089          0.499968            0                   0.00565084          
SPHEROCYLINDER(1)  1.33794             6.6472              0.00795104          0.00350785          -0.396612           -0.304445           0.00456951          0.304465            -0.396586           0.499967            0                   0.00576068          
SPHEROCYLINDER(1)  1.33685             6.64636             2.67144             0.00983606          -0.0449286          -0.49788            0.00088743          0.497977            -0.0449198          0.499902            0                   0.00987601          
SPHEROCYLINDER(1)  1.33029             6.64396             5.3124              0.00559836          -0.00523476         -0.499941           5.86153e-05         0.499973            -0.00523444         0.499969            0                   0.00559866          
SPHEROCYLINDER(1)  1.33909             6.6428              7.95885             0.00906167          -0.317339           -0.386282           0.00744233          0.386388            -0.317252           0.499862            0                   0.0117261           
SPHEROCYLINDER(1)  1.32902             6.64636             10.6179             0.00200474          -0.465451           -0.182624           0.00510915          0.182635            -0.465423           0.49997             0                   0.00548839          
SPHEROCYLINDER(1)  1.32609             9.28145             0.00209298          0.00589612          -0.172095           -0.469413           0.00216144          0.46945             -0.172081           0.499961            0                   0.00627981          
SPHEROCYLINDER(1)  1.32615             9.29853             2.65509             0.00733215          -0.313572           -0.389382           0.00590359          0.389451            -0.313517           0.499911            0                   0.00941344          
SPHEROCYLINDER(1)  1.32648             9.29363             5.31739             0.00142079          -0.484789           -0.122383           0.00562772          0.122391            -0.484756           0.499966            0                   0.0058043           
SPHEROCYLINDER(1)  1.33358             9.28255             7.96916             0.00672551          -0.238719           -0.439281           0.00365442          0.439333            -0.238691           0.499941            0                   0.00765423          
SPHEROCYLINDER(1)  1.33974             9.28951             10.6269             0.00889332          -0.271809           -0.419572           0.00576001          0.419667            -0.271748           0.499888            0                   0.0105957           
SPHEROCYLINDER(1)  3.98836             1.3264              0.0132915           0.00821569          -0.25893            -0.427654           0.0049734           0.427733            -0.258882           0.499908            0                   0.00960376          
SPHEROCYLINDER(1)  3.98819             1.34103             2.66869             0.00395756          -0.115817           -0.486385           0.000942336         0.486401            -0.115813           0.499983            0                   0.0040682           
SPHEROCYLINDER(1)  3.97991             1.32884             5.3054              0.00833658          -0.381102           -0.323561           0.0098159           0.323668            -0.380976           0.499834            0                   0.0128783           
SPHEROCYLINDER(1)  3.99152             1.34081             7.9673              0.00750747          -0.00848793         -0.499872           0.000127464         0.499928            -0.00848697         0.499944            0                   0.00750855          
SPHEROCYLINDER(1)  3.99309             1.3425              10.6098             0.00626507          -0.394476           -0.307164           0.00804425          0.307228            -0.394393           0.499896            0                   0.0101961           
SPHEROCYLINDER(1)  3.9884              3.98013             0.00604001          0.0074898           -0.279221           -0.414704           0.00504208          0.414772            -0.279176           0.499918            0                   0.00902882          
SPHEROCYLINDER(1)  3.98872             3.98954             2.66707             0.00140195          -0.493807           -0.078438           0.0088246           0.0784505           -0.493728           0.49992             0                   0.00893527          
SPHEROCYLINDER(1)  3.98235             3.99537             5.30404             0.00409417          -0.436083           -0.244571           0.00729909          0.244605            -0.436022           0.49993             0                   0.00836893          
SPHEROCYLINDER(1)  3.97879             3.99235             7.96634             0.00433224          -0.24123            -0.437937           0.00238622          0.437959            -0.241218           0.499976            0                   0.00494595          
SPHEROCYLINDER(1)  3.98531             3.98314             10.6237             0.00982906          -0.28641            -0.409723           0.00686887          0.40984             -0.286328           0.499856            0                   0.0119913           
SPHEROCYLINDER(1)  3.98333             6.63781             0.0124737           0.00820568          -0.30216            -0.398286           0.00622392          0.398371            -0.302096           0.499894            0                   0.010299            
SPHEROCYLINDER(1)  3.97989             6.6488              2.67042             0.00687934          -0.121208           -0.485037           0.00171893          0.485086            -0.121196           0.49995             0                   0.00709085          
SPHEROCYLINDER(1)  3.99162             6.63846             5.31468             0.00196801          -0.374644           -0.331116           0.00222669          0.331122            -0.374638           0.499991            0                   0.00297173          
SPHEROCYLINDER(1)  3.98568             6.64727             7.9665              0.00188663          -0.489767           -0.100621           0.00918151          0.100638            -0.489681           0.499912            0                   0.00937334          
SPHEROCYLINDER(1)  3.99149             6.63426             10.618              0.00229572          -0.429385           -0.256171           0.00384786          0.256181            -0.429368           0.49998             0                   0.00448066          
SPHEROCYLINDER(1)  3.98803             9.30004             0.00926206          0.00035801          -0.498749           -0.0353475          0.00505122          0.0353493           -0.498723           0.499974            0                   0.00506389          
SPHEROCYLINDER(1)  3.9858              9.2898              2.66231             0.00965927          -0.235389           -0.44102            0.00515427          0.441126            -0.235332           0.49988             0                   0.0109484           
SPHEROCYLINDER(1)  3.99013             9.28187             5.31101             0.000858231         -0.496393           -0.0599419          0.00710649          0.059948            -0.496342           0.499949            0                   0.00715812          
SPHEROCYLINDER(1)  3.99429             9.29717             7.96891             0.00723314          -0.338549           -0.367876           0.00665522          0.367947            -0.338483           0.499903            0                   0.00982905          
SPHEROCYLINDER(1)  3.98384             9.28201             10.6175             0.00782097          -0.215881           -0.450926           0.00374372          0.450994            -0.215848           0.499925            0                   0.00867081          
SPHEROCYLINDER(1)  6.64889             1.33428             0.00697256          0.00659407          -0.307075           -0.394539           0.00513154          0.394594            -0.307032           0.49993             0                   0.0083555           
SPHEROCYLINDER(1)  6.63862             1.33011             2.65388             0.00197789          -0.489327           -0.102738           0.00941863          0.102757            -0.489236           0.499907            0                   0.00962406          
SPHEROCYLINDER(1)  6.63161             1.33041             5.31965             0.000955681         -0.497387           -0.051045           0.0093106           0.051054            -0.4973             0.499912            0                   0.00935952          
SPHEROCYLINDER(1)  6.64085             1.34486             7.9647              0.00538307          -0.0713101          -0.494859           0.000775664         0.494889            -0.0713059          0.49997             0                   0.00543867          
SPHEROCYLINDER(1)  6.63679             1.33263             10.6073             0.00920424          -0.288506           -0.408264           0.00650266          0.408368            -0.288433           0.499873            0                   0.0112695           
SPHEROCYLINDER(1)  6.6428              3.98859             0.00461238          0.00569099          -0.0246872          -0.499358           0.000281332         0.49939             -0.0246856          0.499968            0                   0.00569794          
SPHEROCYLINDER(1)  6.64722             3.98725             2.66727             0.00910953          -0.157765           -0.47437            0.00302908          0.474458            -0.157736           0.499908            0                   0.00959994          
SPHEROCYLINDER(1)  6.63596             3.9945              5.30593             0.000351471         -0.497923           -0.0455282          0.00384378          0.0455296           -0.497908           0.499985            0                   0.00385981          
SPHEROCYLINDER(1)  6.64299             3.98404             7.97323             0.000438212         -0.249093           -0.433535           0.00025178          0.433535            -0.249093           0.5                 0                   0.000505394         
SPHEROCYLINDER(1)  6.63385             3.98782             10.6263             0.00807057          -0.320822           -0.383416           0.00675152          0.383501            -0.320751           0.499889            0                   0.0105222           
SPHEROCYLINDER(1)  6.64207             6.64719             0.0193879           5.839e-06           -0.499996           -0.0019369          0.00150729          0.0019369           -0.499994           0.499998            0                   0.0015073           
SPHEROCYLINDER(1)  6.64514             6.64136             2.66114             0.00788455          -0.207194           -0.454982           0.00359             0.45505             -0.207163           0.499925            0                   0.00866338          
SPHEROCYLINDER(1)  6.64287             6.64507             5.31579             0.00100319          -0.486232           -0.116521           0.00418606          0.116526            -0.486214           0.499981            0                   0.00430459          
SPHEROCYLINDER(1)  6.64453             6.64103             7.96071             0.00892705          -0.328555           -0.376791           0.00778205          0.376897            -0.328463           0.49986             0                   0.0118428           
SPHEROCYLINDER(1)  6.63667             6.6455              10.6198             0.00265546          -0.424883           -0.263566           0.00428054          0.26358             -0.424862           0.499975            0                   0.00503731          
SPHEROCYLINDER(1)  6.63785             9.2839              0.0165358           0.00961052          -0.0412531          -0.498203           0.000795641         0.498295            -0.0412454          0.499907            0                   0.0096434           
SPHEROCYLINDER(1)  6.64082             9.30027             2.66356             0.000423722         -0.497928           -0.0454722          0.00463961          0.0454742           -0.497906           0.499978            0                   0.00465892          
SPHEROCYLINDER(1)  6.64397             9.29647             5.32324             0.00687714          -0.216806           -0.450497           0.0033093           0.45055             -0.216781           0.499942            0                   0.00763194          
SPHEROCYLINDER(1)  6.63104             9.29922             7.95949             0.00389363          -0.0534434          -0.49712            0.000418576         0.497136            -0.0534417          0.499985            0                   0.00391607          
SPHEROCYLINDER(1)  6.64361             9.29205             10.6087             0.00985178          -0.165224           -0.471809           0.00344927          0.471912            -0.165188           0.499891            0                   0.0104382           
SPHEROCYLINDER(1)  9.28993             1.34353             0.00486912          0.0010645           -0.354957           -0.352143           0.001073            0.352144            -0.354955           0.499998            0                   0.00151145          
SPHEROCYLINDER(1)  9.29425             1.33413             2.6553              0.0079534           -0.363179           -0.343566           0.00840518          0.343658            -0.363082           0.499866            0                   0.0115717           
SPHEROCYLINDER(1)  9.2905              1.33411             5.30839             0.00456911          -0.167145           -0.471213           0.00162065          0.471235            -0.167138           0.499976            0                   0.00484802          
SPHEROCYLINDER(1)  9.29319             1.33449             7.9725              0.00529688          -0.0847002          -0.492745           0.000910452         0.492774            -0.0846953          0.499971            0                   0.00537455          
SPHEROCYLINDER(1)  9.28831             1.33036             10.617              0.00302057          -0.36644            -0.340166           0.00325375          0.340179            -0.366425           0.49998             0                   0.00443968          
SPHEROCYLINDER(1)  9.29839             3.99115             0.0164226           0.00893494          -0.000476174        -0.49992            8.50917e-06         0.5                 -0.000476098        0.49992             0                   0.00893494          
SPHEROCYLINDER(1)  9.29806             3.9938              2.66797             0.00742264          -0.307644           -0.394081           0.00579354          0.394151            -0.307589           0.499911            0                   0.00941599          
SPHEROCYLINDER(1)  9.29539             3.9921              5.32082             0.00945182          -0.144363           -0.478612           0.00285039          0.478706            -0.144335           0.499903            0                   0.00987227          
SPHEROCYLINDER(1)  9.29661             3.98008             7.95919             0.00130413          -0.486164           -0.116804           0.00542771          0.116812            -0.486133           0.499969            0                   0.00558219          
SPHEROCYLINDER(1)  9.28477             3.98088             10.6078             0.00721294          -0.401971           -0.297267           0.00975064          0.297354            -0.401853           0.499853            0                   0.0121285           
SPHEROCYLINDER(1)  9.28316             6.64679             0.0051761           0.00228473          -0.353994           -0.353105           0.00229043          0.353113            -0.353986           0.49999             0                   0.00323514          
SPHEROCYLINDER(1)  9.29969             6.64662             2.65744             0.00525703          -0.385389           -0.318509           0.00636002          0.318552            -0.385336           0.499932            0                   0.00825144          
SPHEROCYLINDER(1)  9.2835              6.64094             5.3191              0.00833153          -0.32357            -0.381094           0.00707224          0.381185            -0.323493           0.499881            0                   0.0109285           
SPHEROCYLINDER(1)  9.29721             6.63474             7.95753             0.00926118          -0.272166           -0.419333           0.00600945          0.419435            -0.272099           0.499878            0                   0.0110401           
SPHEROCYLINDER(1)  9.28412             6.63176             10.6246             0.00276398          -0.481038           -0.136364           0.00974819          0.136392            -0.480939           0.499897            0                   0.0101325           
SPHEROCYLINDER(1)  9.29701             9.29146             0.00294893          0.00169193          -0.490798           -0.0954693          0.00869665          0.0954843           -0.490721           0.499921            0                   0.00885971          
SPHEROCYLINDER(1)  9.29169             9.28449             2.66946             0.00193038          -0.448297           -0.221419           0.00390822          0.221427            -0.44828            0.499981            0                   0.00435896          
SPHEROCYLINDER(1)  9.29921             9.29665             5.30554             0.00496497          -0.22536            -0.446305           0.00250689          0.446333            -0.225346           0.499969            0                   0.00556196          
SPHEROCYLINDER(1)  9.28417             9.29584             7.95738             0.00212853          -0.479301           -0.142359           0.00716562          0.142375            -0.479247           0.499944            0                   0.00747508          
SPHEROCYLINDER(1)  9.28157             9.29484             10.6269             0.000896031         -0.49575            -0.0650482          0.00682825          0.0650544           -0.495703           0.499953            0                   0.00688679          
SPHEROCYLINDER(1)  1.33642             0.000108966         1.32952             0.0032773           -0.297224           -0.402053           0.00242272          0.402067            -0.297215           0.499983            0                   0.00407557          
SPHEROCYLINDER(1)  1.33843             0.00550319          3.99215             0.00331475          -0.140755           -0.479768           0.000972464         0.479779            -0.140752           0.499988            0                   0.00345446          
SPHEROCYLINDER(1)  1.3444              0.00605377          6.6397              0.00132685          -0.341723           -0.364998           0.00124224          0.365               -0.341721           0.499997            0                   0.00181761          
SPHEROCYLINDER(1)  1.33197             0.0188805           9.29063             0.00447064          -0.125409           -0.483996           0.00115835          0.484017            -0.125404           0.499979            0                   0.00461827          
SPHEROCYLINDER(1)  1.34206             2.66607             1.34028             0.00295733          -0.36794            -0.338543           0.00321401          0.338555            -0.367926           0.499981            0                   0.00436757          
SPHEROCYLINDER(1)  1.3354              2.65951             3.97874             0.000900097         -0.497788           -0.0469707          0.00953734          0.0469793           -0.497697           0.499908            0                   0.00957972          
SPHEROCYLINDER(1)  1.34339             2.65988             6.63675             0.00562064          -0.432687           -0.250501           0.00970601          0.250564            -0.432578           0.499874            0                   0.011216            
SPHEROCYLINDER(1)  1.33868             2.65577             9.29124             0.00953289          -0.056751           -0.496677           0.00108904          0.496769            -0.0567405          0.499908            0                   0.00959489          
SPHEROCYLINDER(1)  1.34176             5.3095              1.33814             0.00771823          -0.305057           -0.396082           0.00594334          0.396157            -0.304999           0.499905            0                   0.00974137          
SPHEROCYLINDER(1)  1.33647             5.32246             3.98657             0.0095085           -0.130235           -0.482647           0.00256523          0.482741            -0.13021            0.499903            0                   0.00984845          
SPHEROCYLINDER(1)  1.32908             5.30401             6.64795             0.00838642          -0.321425           -0.382904           0.00703822          0.382996            -0.321348           0.49988             0                   0.0109485           
SPHEROCYLINDER(1)  1.34167             5.30933             9.29324             0.00513559          -0.360771           -0.346147           0.00535198          0.346185            -0.360732           0.499945            0                   0.00741741          
SPHEROCYLINDER(1)  1.34291             7.95873             1.32696             0.00861229          -0.120579           -0.485166           0.00214009          0.485243            -0.12056            0.499921            0                   0.00887421          
SPHEROCYLINDER(1)  1.33633             7.95542             3.98334             0.00860887          -0.305671           -0.39559            0.00665048          0.395683            -0.305599           0.499882            0                   0.0108785           
SPHEROCYLINDER(1)  1.33558             7.97243             6.62942             0.00457301          -0.198204           -0.459014           0.00197455          0.459037            -0.198195           0.499975            0                   0.00498109          
SPHEROCYLINDER(1)  1.33849             7.97158             9.30057             0.000275088         -0.499108           -0.0298576          0.00459824          0.0298589           -0.499086           0.499979            0                   0.00460646          
SPHEROCYLINDER(1)  1.33312             10.6184             1.32632             0.00931795          -0.121418           -0.484944           0.00233255          0.485034            -0.121395           0.499908            0                   0.00960547          
SPHEROCYLINDER(1)  1.33365             10.6219             3.99754             0.00872831          -0.0830666          -0.492974           0.0014705           0.493052            -0.0830536          0.499922            0                   0.00885131          
SPHEROCYLINDER(1)  1.33777             10.6084             6.64649             0.00515774          -0.376844           -0.328576           0.00591469          0.328616            -0.376798           0.499938            0                   0.00784767          
SPHEROCYLINDER(1)  1.34055             10.6158             9.29937             0.00355811          -0.315413           -0.387945           0.00289275          0.387962            -0.3154             0.499979            0                   0.00458564          
SPHEROCYLINDER(1)  3.99304             0.0120263           1.33521             0.00136686          -0.474909           -0.156394           0.00415046          0.1564              -0.474891           0.499981            0                   0.00436974          
SPHEROCYLINDER(1)  3.98197             0.00893558          3.99255             0.00863737          -0.258552           -0.427874           0.00521825          0.427961            -0.258499           0.499898            0                   0.0100913           
SPHEROCYLINDER(1)  3.98431             0.00295021          6.63447             0.000446671         -0.497426           -0.0506666          0.00438508          0.0506686           -0.497407           0.499981            0                   0.00440777          
SPHEROCYLINDER(1)  3.99284             0.0137545           9.29188             0.00264648          -0.476815           -0.150469           0.00838502          0.150492            -0.476741           0.499923            0                   0.00879275          
SPHEROCYLINDER(1)  3.97859             2.66286             1.33422             0.00314132          -0.398037           -0.302583           0.00413207          0.302599            -0.398016           0.499973            0                   0.00519056          
SPHEROCYLINDER(1)  3.99244             2.65221             3.97911             0.00566616          -0.408078           -0.288861           0.00800312          0.288916            -0.407999           0.499904            0                   0.00980589          
SPHEROCYLINDER(1)  3.99313             2.66414             6.64745             0.00814444          -0.262001           -0.425781           0.0050107           0.425859            -0.261953           0.499909            0                   0.00956238          
SPHEROCYLINDER(1)  3.98048             2.6695              9.28332             0.00917994          -0.0810224          -0.493306           0.00150749          0.493392            -0.0810084          0.499913            0                   0.00930289          
SPHEROCYLINDER(1)  3.98015             5.31973             1.33542             0.00763302          -0.000744379        -0.499941           1.13637e-05         0.499999            -0.000744292        0.499942            0                   0.00763303          
SPHEROCYLINDER(1)  3.98638             5.3061              3.99023             0.0019069           -0.45323            -0.211138           0.00409319          0.211146            -0.453211           0.49998             0                   0.00451558          
SPHEROCYLINDER(1)  3.9781              5.31036             6.6372              0.00226431          -0.368158           -0.338312           0.00246401          0.338319            -0.368149           0.499989            0                   0.00334641          
SPHEROCYLINDER(1)  3.99488             5.31022             9.28467             0.00805025          -0.292139           -0.405697           0.00579578          0.405777            -0.292082           0.499902            0                   0.00991955          
SPHEROCYLINDER(1)  3.98246             7.97016             1.33039             0.00930793          -0.0845307          -0.492715           0.00159659          0.492803            -0.0845156          0.499911            0                   0.00944387          
SPHEROCYLINDER(1)  3.99023             7.95838             3.99047             0.0095503           -0.0460336          -0.497785           0.00088302          0.497876            -0.0460252          0.499908            0                   0.00959103          
SPHEROCYLINDER(1)  3.9797              7.96366             6.64447             0.00678644          -0.046391           -0.497797           0.000632387         0.497843            -0.0463867          0.499954            0                   0.00681584          
SPHEROCYLINDER(1)  3.9846              7.96513             9.28844             0.00680569          -0.130943           -0.482501           0.00184678          0.482549            -0.13093            0.49995             0                   0.00705181          
SPHEROCYLINDER(1)  3.98244             10.6169             1.32647             0.00324396          -0.464934           -0.183919           0.0081992           0.183948            -0.464861           0.499922            0                   0.0088176           
SPHEROCYLINDER(1)  3.98543             10.6105             3.99069             0.00954372          -0.24038            -0.438322           0.00523263          0.438426            -0.240323           0.499882            0                   0.0108841           
SPHEROCYLINDER(1)  3.98711             10.6108             6.6444              0.00543325          -0.137192           -0.48078            0.00155029          0.48081             -0.137183           0.499968            0                   0.0056501           
SPHEROCYLINDER(1)  3.99681             10.6191             9.28954             0.00142487          -0.490248           -0.0982577          0.00710852          0.0982681           -0.490197           0.499947            0                   0.00724992          
SPHEROCYLINDER(1)  6.64171             0.00820402          1.34108             0.00717599          -0.230217           -0.443789           0.00372209          0.443847            -0.230187           0.499935            0                   0.00808386          
SPHEROCYLINDER(1)  6.62943             0.0147356           3.99016             0.00919744          -0.338418           -0.367952           0.00845657          0.368067            -0.338313           0.499844            0                   0.0124943           
SPHEROCYLINDER(1)  6.63435             0.000576232         6.63376             0.00256475          -0.302236           -0.398305           0.00194611          0.398313            -0.30223            0.49999             0                   0.00321951          
SPHEROCYLINDER(1)  6.63636             0.00937095          9.28559             0.00461437          -0.377696           -0.327604           0.00531941          0.327636            -0.377659           0.49995             0                   0.00704191          
SPHEROCYLINDER(1)  6.64929             2.6519              1.33595             0.00366519          -0.453423           -0.210698           0.00788629          0.21073             -0.453355           0.499924            0                   0.00869639          
SPHEROCYLINDER(1)  6.64693             2.65894             3.98892             0.00891166          -0.277111           -0.416089           0.0059337           0.416185            -0.277047           0.499885            0                   0.0107064           
SPHEROCYLINDER(1)  6.62999             2.66298             6.64483             0.00703028          -0.230732           -0.443524           0.00365688          0.443579            -0.230703           0.499937            0                   0.0079245           
SPHEROCYLINDER(1)  6.64303             2.66724             9.28297             0.00299518          -0.214297           -0.451739           0.00142084          0.451748            -0.214293           0.499989            0                   0.0033151           
SPHEROCYLINDER(1)  6.63339             5.30476             1.34428             0.00768729          -0.385357           -0.318497           0.00929832          0.31859             -0.385245           0.499854            0                   0.0120645           
SPHEROCYLINDER(1)  6.64488             5.32306             3.99649             0.00776691          -0.176892           -0.467599           0.00293781          0.467663            -0.176868           0.499931            0                   0.00830395          
SPHEROCYLINDER(1)  6.64235             5.30478             6.64013             0.00764887          -0.190157           -0.462365           0.00314532          0.462429            -0.190131           0.499932            0                   0.00827032          
SPHEROCYLINDER(1)  6.64366             5.31378             9.29842             0.00788757          -0.314937           -0.388269           0.00639653          0.388349            -0.314872           0.499897            0                   0.0101553           
SPHEROCYLINDER(1)  6.63206             7.96306             1.33571             0.00594849          -0.248489           -0.433841           0.00340677          0.433881            -0.248466           0.499953            0                   0.00685497          
SPHEROCYLINDER(1)  6.64841             7.96186             3.99206             0.00606635          -0.176588           -0.467739           0.00229007          0.467778            -0.176573           0.499958            0                   0.00648421          
SPHEROCYLINDER(1)  6.64593             7.9657              6.64555             0.00368559          -0.416125           -0.277175           0.00553273          0.2772              -0.416089           0.499956            0                   0.00664791          
SPHEROCYLINDER(1)  6.6356              7.96152             9.29191             0.00273601          -0.474997           -0.156109           0.00832364          0.156133            -0.474924           0.499923            0                   0.00876178          
SPHEROCYLINDER(1)  6.63693             10.6122             1.34514             0.00604108          -0.342246           -0.36446            0.00567208          0.364511            -0.342199           0.499931            0                   0.00828656          
SPHEROCYLINDER(1)  6.63247             10.6122             3.99099             0.00808233          -0.368384           -0.337977           0.00880696          0.338073            -0.368278           0.499857            0                   0.0119535           
SPHEROCYLINDER(1)  6.64417             10.6266             6.63448             0.0019286           -0.367691           -0.338821           0.0020929           0.338826            -0.367685           0.499992            0                   0.00284601          
SPHEROCYLINDER(1)  6.64509             10.6145             9.28659             0.00120773          -0.390275           -0.312544           0.00150809          0.312546            -0.390273           0.499996            0                   0.00193208          
SPHEROCYLINDER(1)  9.29408             0.0115998           1.3452              0.00909782          -0.336679           -0.369546           0.00828618          0.369658            -0.336577           0.499849            0                   0.0123057           
SPHEROCYLINDER(1)  9.2904              0.0198439           3.97964             0.00385325          -0.376726           -0.328729           0.00441555          0.328751            -0.3767             0.499966            0                   0.00586043          
SPHEROCYLINDER(1)  9.2998              0.0182387           6.64707             0.00990404          -0.00557494         -0.499871           0.000110436         0.499969            -0.00557384         0.499902            0                   0.00990466          
SPHEROCYLINDER(1)  9.28112             0.0191225           9.29755             0.00350562          -0.469253           -0.172596           0.0095291           0.172632            -0.469156           0.499897            0                   0.0101535           
SPHEROCYLINDER(1)  9.29923             2.66009             1.33696             0.00182168          -0.488462           -0.106776           0.00833236          0.106791            -0.488391           0.499927            0                   0.00852917          
SPHEROCYLINDER(1)  9.29027             2.66577             3.98247             0.00958608          -0.251147           -0.432242           0.00556845          0.432349            -0.251085           0.499877            0                   0.011086            
SPHEROCYLINDER(1)  9.29661             2.65819             6.63172             0.00441483          -0.407028           -0.290359           0.00618803          0.290393            -0.406981           0.499942            0                   0.00760148          
SPHEROCYLINDER(1)  9.29295             2.66896             9.30077             0.00493758          -0.352939           -0.354132           0.00492048          0.354166            -0.352905           0.499951            0                   0.00697071          
SPHEROCYLINDER(1)  9.29557             5.31563             1.34197             0.00307436          -0.462365           -0.190287           0.0074692           0.190312            -0.462305           0.499935            0                   0.00807717          
SPHEROCYLINDER(1)  9.2976              5.31713             3.98534             0.00512602          -0.435713           -0.245211           0.00910639          0.245264            -0.435617           0.499891            0                   0.01045             
SPHEROCYLINDER(1)  9.29045             5.30457             6.64114             0.00508533          -0.433819           -0.248545           0.00887425          0.248597            -0.433729           0.499895            0                   0.010228            
SPHEROCYLINDER(1)  9.29722             5.31661             9.29214             0.000385177         -0.49961            -0.0197315          0.00975098          0.0197353           -0.499515           0.499905            0                   0.00975859          
SPHEROCYLINDER(1)  9.291               7.96942             1.3393              0.00615418          -0.147816           -0.477611           0.0019045           0.477651            -0.147804           0.499958            0                   0.00644214          
SPHEROCYLINDER(1)  9.28129             7.96126             3.98533             0.00426056          -0.451811           -0.214122           0.00898827          0.214165            -0.451722           0.499901            0                   0.00994693          
SPHEROCYLINDER(1)  9.29072             7.96101             6.63269             0.00633881          -0.0768635          -0.494016           0.000986169         0.494057            -0.0768572          0.499959            0                   0.00641507          
SPHEROCYLINDER(1)  9.29616             7.97195             9.29524             0.00680314          -0.383179           -0.321135           0.00811572          0.321207            -0.383093           0.499888            0                   0.01059             
SPHEROCYLINDER(1)  9.28682             10.617              1.33064             0.006146            -0.338453           -0.367984           0.00565199          0.368035            -0.338405           0.49993             0                   0.00834975          
SPHEROCYLINDER(1)  9.29587             10.625              3.98825             0.00942652          -0.236256           -0.440561           0.00505393          0.440662            -0.236202           0.499886            0                   0.0106959           
SPHEROCYLINDER(1)  9.29412             10.6231             6.647               0.00278956          -0.286716           -0.409617           0.00195254          0.409627            -0.286709           0.499988            0                   0.00340501          
SPHEROCYLINDER(1)  9.28636             10.6162             9.29148             0.0057077           -0.12948            -0.48291            0.00153027          0.482944            -0.129471           0.499965            0                   0.00590928          
SPHEROCYLINDER(1)  0.0126597           1.33211             1.32603             0.00284263          -0.37601            -0.329558           0.00324319          0.32957             -0.375996           0.499981            0                   0.00431264          
SPHEROCYLINDER(1)  0.00715733          1.34427             3.9919              0.00136483          -0.459239           -0.197732           0.00316978          0.197737            -0.459228           0.499988            0                   0.00345113          
SPHEROCYLINDER(1)  0.0129522           1.33855             6.63732             0.00332682          -0.426646           -0.260696           0.00544411          0.260717            -0.426611           0.499959            0                   0.00638013          
SPHEROCYLINDER(1)  0.000636159         1.32943             9.2904              0.00931969          -0.0753983          -0.494195           0.00142163          0.494282            -0.0753849          0.499911            0                   0.0094275           
SPHEROCYLINDER(1)  0.00447996          3.99251             1.34171             0.0020232           -0.354856           -0.352241           0.00203819          0.352246            -0.35485            0.499992            0                   0.00287186          
SPHEROCYLINDER(1)  0.0173999           3.98823             3.98206             0.00554723          -0.281142           -0.413435           0.00377186          0.413472            -0.281117           0.499955            0                   0.0067081           
SPHEROCYLINDER(1)  0.00636944          3.99221             6.63493             0.00302523          -0.475715           -0.153903           0.00934918          0.153933            -0.475623           0.499903            0                   0.00982645          
SPHEROCYLINDER(1)  0.0104381           3.99481             9.30019             0.00471053          -0.377861           -0.327412           0.00543579          0.327446            -0.377822           0.499948            0                   0.00719284          
SPHEROCYLINDER(1)  0.00785244          6.63237             1.34515             0.000622401         -0.437019           -0.242927           0.00111968          0.242928            -0.437018           0.499998            0                   0.00128104          
SPHEROCYLINDER(1)  0.0054978           6.6359              3.97997             0.000522059         -0.498736           -0.0355215          0.00732914          0.0355253           -0.498683           0.499946            0                   0.00734771          
SPHEROCYLINDER(1)  0.00999167          6.64041             6.63543             0.00809076          -0.348458           -0.358485           0.00786244          0.358577            -0.348369           0.499873            0                   0.0112818           
SPHEROCYLINDER(1)  0.0164339           6.63176             9.28755             0.00764983          -0.37609            -0.32939            0.00873207          0.329478            -0.375989           0.499865            0                   0.011609            
SPHEROCYLINDER(1)  0.00265187          9.28167             1.34119             0.00692365          -0.269398           -0.421161           0.00442816          0.421218            -0.269362           0.499932            0                   0.00821861          
SPHEROCYLINDER(1)  0.00539576          9.28458             3.98199             0.00442781          -0.294746           -0.403863           0.0032313           0.403887            -0.294728           0.49997             0                   0.0054815           
SPHEROCYLINDER(1)  0.0170168           9.29505             6.6392              0.0074378           -0.0989683          -0.490051           0.00150193          0.490107            -0.0989569          0.499942            0                   0.00758793          
SPHEROCYLINDER(1)  0.0193904           9.29696             9.29829             0.00425703          -0.456547           -0.20383            0.00953302          0.203874            -0.456448           0.499891            0                   0.0104403           
SPHEROCYLINDER(1)  2.65262             1.3367              1.33262             0.00104476          -0.492934           -0.0837527          0.00614855          0.0837592           -0.492896           0.499961            0                   0.00623668          
SPHEROCYLINDER(1)  2.66747             1.33569             3.9777              0.00962628          -0.309023           -0.392953           0.00756795          0.393071            -0.30893            0.49985             0                   0.012245            
SPHEROCYLINDER(1)  2.67062             1.3344              6.63316             0.00708237          -0.358209           -0.348764           0.00727268          0.348835            -0.358135           0.499897            0                   0.0101514           
SPHEROCYLINDER(1)  2.65857             1.33193             9.29941             0.00305654          -0.175008           -0.468362           0.00114208          0.468372            -0.175004           0.499989            0                   0.00326294          
SPHEROCYLINDER(1)  2.67138             3.9801              1.33736             0.0008038           -0.476294           -0.152129           0.00251655          0.152131            -0.476288           0.499993            0                   0.0026418           
SPHEROCYLINDER(1)  2.66999             3.98017             3.99488             0.00545862          -0.412435           -0.282609           0.00796475          0.282661            -0.412358           0.499907            0                   0.00965576          
SPHEROCYLINDER(1)  2.67047             3.99175             6.63242             0.00364408          -0.0462575          -0.497842           0.000338584         0.497856            -0.0462563          0.499987            0                   0.00365978          
SPHEROCYLINDER(1)  2.65785             3.9807              9.29575             0.00911233          -0.229718           -0.444012           0.00471345          0.444105            -0.22967            0.499895            0                   0.0102592           
SPHEROCYLINDER(1)  2.65359             6.63454             1.33224             0.00535274          -0.37874            -0.326385           0.00621052          0.326429            -0.378689           0.499933            0                   0.00819893          
SPHEROCYLINDER(1)  2.66508             6.64194             3.9888              0.00247551          -0.474584           -0.157367           0.00746468          0.157386            -0.474525           0.499938            0                   0.00786445          
SPHEROCYLINDER(1)  2.6605              6.64701             6.63867             0.00326053          -0.443419           -0.231018           0.00625768          0.231041            -0.443374           0.49995             0                   0.00705618          
SPHEROCYLINDER(1)  2.66014             6.63379             9.29128             0.00744363          -0.0342581          -0.498769           0.00051121          0.498825            -0.0342543          0.499944            0                   0.00746116          
SPHEROCYLINDER(1)  2.65744             9.2838              1.3313              0.000436901         -0.499363           -0.0252369          0.00864367          0.0252406           -0.499288           0.499925            0                   0.0086547           
SPHEROCYLINDER(1)  2.65446             9.29348             3.98166             0.0045533           -0.210919           -0.453313           0.00211847          0.453335            -0.210909           0.499975            0                   0.005022            
SPHEROCYLINDER(1)  2.66523             9.2996              6.64014             0.00385777          -0.398006           -0.302616           0.0050734           0.30264             -0.397974           0.499959            0                   0.00637352          
SPHEROCYLINDER(1)  2.66801             9.30026             9.29715             0.00683423          -0.237543           -0.439916           0.00368986          0.439969            -0.237515           0.49994             0                   0.00776671          
SPHEROCYLINDER(1)  5.31183             1.33209             1.32833             0.00570024          -0.280401           -0.413935           0.003861            0.413975            -0.280375           0.499953            0                   0.00688477          
SPHEROCYLINDER(1)  5.31403             1.33524             3.98947             0.00310117          -0.448787           -0.22041            0.0063138           0.220432            -0.448743           0.499951            0                   0.0070343           
SPHEROCYLINDER(1)  5.30551             1.34226             6.6429              0.00976582          -0.296077           -0.402794           0.00717634          0.402912            -0.29599            0.499853            0                   0.012119            
SPHEROCYLINDER(1)  5.31709             1.33042             9.29655             0.0081295           -0.297227           -0.401982           0.00600975          0.402065            -0.297166           0.499898            0                   0.0101097           
SPHEROCYLINDER(1)  5.31443             3.98514             1.33865             0.00235941          -0.475144           -0.155667           0.00720082          0.155685            -0.47509            0.499943            0                   0.0075775           
SPHEROCYLINDER(1)  5.30708             3.98723             3.97951             0.00522725          -0.132852           -0.481999           0.00144069          0.482027            -0.132844           0.499971            0                   0.00542216          
SPHEROCYLINDER(1)  5.30503             3.9947              6.64435             0.00727236          -0.105179           -0.488758           0.00156481          0.488812            -0.105167           0.499945            0                   0.00743881          
SPHEROCYLINDER(1)  5.3128              3.9895              9.285               0.00472823          -0.41965            -0.271793           0.00729932          0.271834            -0.419587           0.499924            0                   0.00869691          
SPHEROCYLINDER(1)  5.31715             6.63839             1.32862             0.00416025          -0.114864           -0.48661            0.000981991         0.486627            -0.11486            0.499982            0                   0.00427457          
SPHEROCYLINDER(1)  5.31209             6.6312              3.98648             0.00521081          -0.436964           -0.242973           0.009369            0.243028            -0.436863           0.499885            0                   0.0107206           
SPHEROCYLINDER(1)  5.31267             6.62939             6.63474             0.00260289          -0.36937            -0.336985           0.00285294          0.336995            -0.369359           0.499985            0                   0.00386191          
SPHEROCYLINDER(1)  5.31418             6.6406              9.29952             0.00623113          -0.117177           -0.486036           0.00150212          0.486076            -0.117167           0.499959            0                   0.00640963          
SPHEROCYLINDER(1)  5.30534             9.28209             1.33839             0.00254917          -0.47436            -0.158039           0.00765044          0.158059            -0.474298           0.499935            0                   0.00806397          
SPHEROCYLINDER(1)  5.31966             9.28707             3.98746             0.00816774          -0.0221525          -0.499442           0.000362227         0.499509            -0.0221495          0.499933            0                   0.00817577          
SPHEROCYLINDER(1)  5.30561             9.28765             6.6335              0.00828353          -0.179321           -0.466664           0.00318254          0.466738            -0.179293           0.499921            0                   0.00887386          
SPHEROCYLINDER(1)  5.30418             9.29081             9.29476             0.00482127          -0.309939           -0.39232            0.00380858          0.392349            -0.309915           0.499962            0                   0.0061441           
SPHEROCYLINDER(1)  7.96319             1.3422              1.33635             0.00762674          -0.357254           -0.34973            0.00778898          0.349813            -0.357169           0.499881            0                   0.0109012           
SPHEROCYLINDER(1)  7.96165             1.33575             3.99144             0.00178734          -0.385409           -0.318522           0.00216264          0.318527            -0.385403           0.499992            0                   0.00280564          
SPHEROCYLINDER(1)  7.97073             1.33671             6.63995             0.00242857          -0.467354           -0.17769            0.00638693          0.177707            -0.467311           0.499953            0                   0.00683307          
SPHEROCYLINDER(1)  7.95978             1.34081             9.29534             0.00964883          -0.347938           -0.358951           0.00934941          0.359081            -0.347812           0.499819            0                   0.0134355           
SPHEROCYLINDER(1)  7.97341             3.9895              1.33247             0.00928487          -0.0196548          -0.499527           0.000365267         0.499614            -0.0196514          0.499914            0                   0.00929205          
SPHEROCYLINDER(1)  7.96023             3.99167             3.98945             0.00526415          -0.255627           -0.429683           0.00313151          0.429715            -0.255608           0.499962            0                   0.00612516          
SPHEROCYLINDER(1)  7.95774             3.98363             6.64306             0.00189869          -0.424733           -0.263815           0.00305676          0.263822            -0.424722           0.499987            0                   0.00359844          
SPHEROCYLINDER(1)  7.9611              3.98624             9.28886             0.00684298          -0.199657           -0.458356           0.00298043          0.458407            -0.199635           0.499944            0                   0.00746387          
SPHEROCYLINDER(1)  7.96566             6.63891             1.33931             0.00948483          -0.153779           -0.47567            0.00306574          0.475765            -0.153749           0.499901            0                   0.00996799          
SPHEROCYLINDER(1)  7.95839             6.64259             3.99012             0.00561029          -0.203187           -0.456819           0.0024952           0.456853            -0.203172           0.499962            0                   0.00614015          
SPHEROCYLINDER(1)  7.96893             6.6422              6.64358             0.00385744          -0.344952           -0.36193            0.00367628          0.36195             -0.344932           0.499972            0                   0.00532869          
SPHEROCYLINDER(1)  7.97487             6.64096             9.28915             0.00718211          -0.242551           -0.43717            0.00398425          0.437229            -0.242518           0.499933            0                   0.00821322          
SPHEROCYLINDER(1)  7.96998             9.28788             1.32893             0.00509978          -0.370441           -0.335779           0.00562558          0.335818            -0.370398           0.499942            0                   0.00759309          
SPHEROCYLINDER(1)  7.96611             9.29666             3.98177             0.00962151          -0.349084           -0.357838           0.00938275          0.357967            -0.348958           0.499819            0                   0.0134391           
SPHEROCYLINDER(1)  7.97427             9.292               6.63134             0.00397433          -0.449682           -0.218565           0.00817556          0.218601            -0.449607           0.499917            0                   0.00909038          
SPHEROCYLINDER(1)  7.96768             9.28687             9.28135             0.00348153          -0.422338           -0.267616           0.00549391          0.267638            -0.422303           0.499958            0                   0.00650416          
SPHEROCYLINDER(1)  10.6224             1.33845             1.34408             0.00393234          -0.459541           -0.196993           0.00917145          0.197032            -0.45945            0.4999              0                   0.00997891          
SPHEROCYLINDER(1)  10.6202             1.32753             3.98184             0.00367716          -0.411214           -0.284411           0.00531616          0.284435            -0.41118            0.499958            0                   0.00646398          
SPHEROCYLINDER(1)  10.616              1.32672             6.63664             0.000846583         -0.496643           -0.0578364          0.00726886          0.0578426           -0.49659            0.499946            0                   0.00731799          
SPHEROCYLINDER(1)  10.6248             1.34026             9.29162             0.00851826          -0.271544           -0.419751           0.00550948          0.419838            -0.271489           0.499897            0                   0.0101447           
SPHEROCYLINDER(1)  10.6075             3.99406             1.34229             0.00652088          -0.413036           -0.281707           0.0095583           0.281782            -0.412925           0.499866            0                   0.0115708           
SPHEROCYLINDER(1)  10.6187             3.99366             3.99156             0.00498265          -0.211374           -0.453096           0.00232432          0.453124            -0.211361           0.49997             0                   0.00549811          
SPHEROCYLINDER(1)  10.618              3.98189             6.63801             0.00789168          -0.379102           -0.325913           0.00917691          0.326009            -0.378991           0.499853            0                   0.0121035           
SPHEROCYLINDER(1)  10.6157             3.99615             9.29868             0.00918027          -0.178745           -0.466868           0.00351408          0.466958            -0.178711           0.499903            0                   0.00982986          
SPHEROCYLINDER(1)  10.6152             6.64359             1.33499             0.0020881           -0.207327           -0.454985           0.000951494         0.45499             -0.207325           0.499995            0                   0.00229467          
SPHEROCYLINDER(1)  10.6096             6.637               3.98199             0.00156393          -0.483581           -0.127071           0.00595122          0.127081            -0.483544           0.499962            0                   0.00615328          
SPHEROCYLINDER(1)  10.6161             6.63658             6.63284             0.0024171           -0.206188           -0.4555             0.00109412          0.455507            -0.206185           0.499993            0                   0.0026532           
SPHEROCYLINDER(1)  10.6181             6.64736             9.28316             0.00923568          -0.33041            -0.375159           0.00813159          0.375272            -0.33031            0.499849            0                   0.0123053           
SPHEROCYLINDER(1)  10.6122             9.28469             1.33282             0.00712198          -0.216842           -0.450476           0.00342781          0.450533            -0.216815           0.499938            0                   0.00790396          
SPHEROCYLINDER(1)  10.6203             9.29264             3.98917             0.00471346          -0.416233           -0.276998           0.00708168          0.277038            -0.416173           0.499928            0                   0.00850688          
SPHEROCYLINDER(1)  10.6143             9.29115             6.64648             0.00639298          -0.200394           -0.458041           0.00279667          0.458086            -0.200374           0.499951            0                   0.00697793          
SPHEROCYLINDER(1)  10.613              9.28446             9.29748             0.00806403          -0.268046           -0.422003           0.00512115          0.42208             -0.267997           0.499909            0                   0.00955274          
