365
0         13.2587   
0         13.2587   
0         13.2587   
SPHEROCYLINDER(1)  0.0906144           0.095757            0.0985904           0.0475747           -0.30202            -0.395627           0.0360586           0.398477            -0.29986            0.496424            0                   0.0596957           
SPHEROCYLINDER(1)  0.107577            0.0839444           2.73218             0.0332859           -0.350859           -0.354669           0.0327842           0.356227            -0.349324           0.497812            0                   0.04672             
SPHEROCYLINDER(1)  0.0751435           0.105682            5.39805             0.0345705           -0.414163           -0.277982           0.0511127           0.280123            -0.410997           0.496178            0                   0.061706            
SPHEROCYLINDER(1)  0.0954264           0.0573051           8.02022             0.0335697           -0.388221           -0.313301           0.0413605           0.315094            -0.386012           0.497154            0                   0.0532693           
SPHEROCYLINDER(1)  0.0989324           0.0661818           10.6726             0.045243            -0.365706           -0.337953           0.0485254           0.340968            -0.362472           0.495579            0                   0.0663449           
SPHEROCYLINDER(1)  0.093384            2.74763             0.0797947           0.0414995           -0.363846           -0.340432           0.0440278           0.342952            -0.361172           0.496326            0                   0.0605034           
SPHEROCYLINDER(1)  0.0813275           2.7232              2.73747             0.0485219           -0.304929           -0.393273           0.0373389           0.396255            -0.302634           0.496237            0                   0.0612255           
SPHEROCYLINDER(1)  0.123605            2.72541             5.3874              0.0435244           -0.309664           -0.390146           0.034333            0.392566            -0.307755           0.496917            0                   0.0554358           
SPHEROCYLINDER(1)  0.0920308           2.7461              8.03512             0.0504363           -0.353446           -0.350046           0.0504056           0.353661            -0.349833           0.494889            0                   0.071306            
SPHEROCYLINDER(1)  0.0812932           2.75795             10.6947             0.0487966           -0.260731           -0.423837           0.0298211           0.426637            -0.25902            0.496719            0                   0.0571875           
SPHEROCYLINDER(1)  0.0900747           5.40747             0.119391            0.0378561           -0.40327            -0.293156           0.0516466           0.29559             -0.399949           0.495883            0                   0.0640348           
SPHEROCYLINDER(1)  0.0655896           5.42132             2.7438              0.0409788           -0.368876           -0.335039           0.0447837           0.337536            -0.366148           0.496301            0                   0.0607029           
SPHEROCYLINDER(1)  0.0969032           5.39471             5.39585             0.0486962           -0.374639           -0.327527           0.0550952           0.331127            -0.370566           0.494564            0                   0.073531            
SPHEROCYLINDER(1)  0.0501068           5.38148             8.03353             0.0341697           -0.35669            -0.348718           0.0347843           0.350388            -0.35499            0.497617            0                   0.0487598           
SPHEROCYLINDER(1)  0.0860465           5.39463             10.7087             0.0478628           -0.360502           -0.343144           0.0498019           0.346466            -0.357045           0.495206            0                   0.069073            
SPHEROCYLINDER(1)  0.0634899           8.03614             0.112685            0.0342193           -0.398258           -0.300365           0.0450803           0.302308            -0.395699           0.496786            0                   0.0565967           
SPHEROCYLINDER(1)  0.0967251           8.06483             2.76921             0.0338427           -0.254969           -0.428772           0.0200622           0.430105            -0.254179           0.49845             0                   0.0393424           
SPHEROCYLINDER(1)  0.0485113           8.06813             5.3918              0.052611            -0.264252           -0.421192           0.0327532           0.424465            -0.262214           0.496144            0                   0.0619733           
SPHEROCYLINDER(1)  0.0757793           8.04702             8.01967             0.0438607           -0.311567           -0.38859            0.034945            0.391058            -0.309601           0.496845            0                   0.0560795           
SPHEROCYLINDER(1)  0.0654865           8.044               10.7212             0.0496679           -0.369569           -0.333094           0.0545041           0.336777            -0.365528           0.494533            0                   0.0737401           
SPHEROCYLINDER(1)  0.0977398           10.699              0.0537334           0.0313301           -0.428565           -0.255638           0.0521334           0.25755             -0.425382           0.496287            0                   0.0608233           
SPHEROCYLINDER(1)  0.094536            10.714              2.72757             0.0497203           -0.333004           -0.369643           0.0443922           0.372972            -0.330032           0.495537            0                   0.0666542           
SPHEROCYLINDER(1)  0.0845151           10.7162             5.3777              0.0462255           -0.283364           -0.409351           0.0317965           0.411952            -0.281575           0.496842            0                   0.0561053           
SPHEROCYLINDER(1)  0.0968241           10.6817             8.03537             0.0326444           -0.335502           -0.369287           0.0295426           0.370727            -0.334199           0.498058            0                   0.0440275           
SPHEROCYLINDER(1)  0.129601            10.6875             10.6574             0.0425224           -0.357319           -0.347153           0.0434429           0.349748            -0.354668           0.496291            0                   0.0607901           
SPHEROCYLINDER(1)  2.74241             0.0925497           0.107946            0.057569            -0.242174           -0.433633           0.0318713           0.437438            -0.240068           0.495651            0                   0.0658025           
SPHEROCYLINDER(1)  2.74041             0.0548281           2.75344             0.0381873           -0.362264           -0.3425             0.0401422           0.344622            -0.360033           0.496921            0                   0.0554046           
SPHEROCYLINDER(1)  2.72559             0.101098            5.39656             0.0356767           -0.412086           -0.280913           0.0519191           0.283169            -0.408803           0.496016            0                   0.0629954           
SPHEROCYLINDER(1)  2.73469             0.0874704           8.06833             0.0501415           -0.22998            -0.441129           0.0259737           0.44397             -0.228509           0.496801            0                   0.0564695           
SPHEROCYLINDER(1)  2.75714             0.108301            10.695              0.0486526           -0.338106           -0.365127           0.0446574           0.368354            -0.335143           0.495619            0                   0.0660406           
SPHEROCYLINDER(1)  2.7466              2.73576             0.0541017           0.0356704           -0.336814           -0.36781            0.0325118           0.369536            -0.335241           0.497665            0                   0.0482638           
SPHEROCYLINDER(1)  2.71846             2.72595             2.75495             0.0444674           -0.299418           -0.397959           0.0332496           0.400436            -0.297566           0.496908            0                   0.0555237           
SPHEROCYLINDER(1)  2.73903             2.78955             5.38871             0.0480503           -0.316855           -0.383789           0.039363            0.386785            -0.314401           0.496127            0                   0.062115            
SPHEROCYLINDER(1)  2.72093             2.75618             8.03907             0.0464764           -0.387717           -0.312274           0.057076            0.315714            -0.383493           0.494553            0                   0.0736052           
SPHEROCYLINDER(1)  2.73598             2.75316             10.7044             0.0280048           -0.382854           -0.320372           0.0333395           0.321594            -0.3814             0.498101            0                   0.0435407           
SPHEROCYLINDER(1)  2.75716             5.42528             0.0721025           0.0446483           -0.353969           -0.350303           0.0447535           0.353137            -0.351128           0.495988            0                   0.0632167           
SPHEROCYLINDER(1)  2.75318             5.36963             2.73869             0.0321498           -0.383685           -0.318986           0.0384758           0.320602            -0.381751           0.49748             0                   0.0501398           
SPHEROCYLINDER(1)  2.74669             5.37769             5.38915             0.0422725           -0.343243           -0.361105           0.039909            0.363571            -0.340915           0.496609            0                   0.0581351           
SPHEROCYLINDER(1)  2.74909             5.41155             8.05766             0.0438417           -0.314003           -0.386626           0.0353798           0.389104            -0.312004           0.496816            0                   0.0563367           
SPHEROCYLINDER(1)  2.74948             5.43385             10.6913             0.03871             -0.332972           -0.370987           0.0345557           0.373001            -0.331174           0.4973              0                   0.0518899           
SPHEROCYLINDER(1)  2.78579             8.02368             0.103271            0.0572207           -0.328871           -0.372249           0.0499659           0.376621            -0.325053           0.494196            0                   0.0759658           
SPHEROCYLINDER(1)  2.73385             8.06851             2.7531              0.0243972           -0.430241           -0.25357            0.0412051           0.254741            -0.428263           0.497702            0                   0.0478862           
SPHEROCYLINDER(1)  2.77097             8.05422             5.38863             0.0361595           -0.348621           -0.356589           0.0351712           0.358418            -0.346842           0.497449            0                   0.0504433           
SPHEROCYLINDER(1)  2.73371             8.07052             8.06153             0.0432258           -0.290478           -0.404666           0.0308529           0.406968            -0.288834           0.497172            0                   0.0531071           
SPHEROCYLINDER(1)  2.74519             8.05785             10.7153             0.0455995           -0.281373           -0.410792           0.0310428           0.413315            -0.279655           0.496948            0                   0.0551632           
SPHEROCYLINDER(1)  2.74353             10.7056             0.0900782           0.0329897           -0.419628           -0.26986            0.0509195           0.271869            -0.416527           0.496305            0                   0.0606722           
SPHEROCYLINDER(1)  2.76003             10.718              2.71781             0.0494567           -0.268086           -0.419146           0.0314146           0.422054            -0.266239           0.496555            0                   0.0585905           
SPHEROCYLINDER(1)  2.75343             10.6846             5.38952             0.0317014           -0.373932           -0.330408           0.0357134           0.331926            -0.372223           0.497714            0                   0.0477538           
SPHEROCYLINDER(1)  2.74344             10.7171             8.06876             0.0525109           -0.260071           -0.423799           0.0319796           0.42704             -0.258097           0.496206            0                   0.0614825           
SPHEROCYLINDER(1)  2.77927             10.7165             10.6708             0.0376045           -0.376389           -0.326982           0.043003            0.329138            -0.373924           0.496726            0                   0.0571258           
SPHEROCYLINDER(1)  5.39696             0.123446            0.0746618           0.0544913           -0.28577            -0.406652           0.0379539           0.410287            -0.283239           0.495571            0                   0.0664063           
SPHEROCYLINDER(1)  5.37891             0.048948            2.73906             0.0463741           -0.389386           -0.310207           0.057571            0.313654            -0.385106           0.494505            0                   0.0739255           
SPHEROCYLINDER(1)  5.39824             0.103394            5.36337             0.0561366           -0.327576           -0.373554           0.0486805           0.377749            -0.323938           0.494448            0                   0.0743041           
SPHEROCYLINDER(1)  5.40207             0.0817955           8.05107             0.0462236           -0.363591           -0.340096           0.0489668           0.343222            -0.360279           0.495445            0                   0.0673377           
SPHEROCYLINDER(1)  5.36571             0.111134            10.7209             0.0425902           -0.291953           -0.40367            0.0306331           0.405911            -0.290341           0.49724             0                   0.0524625           
SPHEROCYLINDER(1)  5.37999             2.74021             0.100035            0.044646            -0.31852            -0.382821           0.0368969           0.385416            -0.316375           0.496634            0                   0.0579193           
SPHEROCYLINDER(1)  5.39344             2.74776             2.75261             0.044331            -0.356233           -0.348041           0.0450108           0.350853            -0.353378           0.495993            0                   0.063176            
SPHEROCYLINDER(1)  5.39797             2.76714             5.39356             0.0465062           -0.289903           -0.404714           0.0330953           0.407378            -0.288007           0.496731            0                   0.05708             
SPHEROCYLINDER(1)  5.40066             2.76397             8.03973             0.0306012           -0.428776           -0.255372           0.0510153           0.257199            -0.42573            0.496448            0                   0.0594894           
SPHEROCYLINDER(1)  5.39414             2.76848             10.6746             0.0543404           -0.344207           -0.358564           0.0515757           0.362659            -0.340321           0.494355            0                   0.0749195           
SPHEROCYLINDER(1)  5.40698             5.41723             0.0810733           0.0451186           -0.337665           -0.365987           0.0413143           0.368758            -0.335128           0.496243            0                   0.0611765           
SPHEROCYLINDER(1)  5.40026             5.38557             2.73674             0.0395992           -0.412059           -0.280426           0.0576155           0.283209            -0.408012           0.495088            0                   0.0699117           
SPHEROCYLINDER(1)  5.43525             5.40886             5.41391             0.0365203           -0.366462           -0.338189           0.0393446           0.340156            -0.364343           0.49711             0                   0.0536818           
SPHEROCYLINDER(1)  5.38498             5.35458             8.05115             0.0502949           -0.309289           -0.389629           0.0395957           0.392862            -0.306744           0.495886            0                   0.0640109           
SPHEROCYLINDER(1)  5.38435             5.39272             10.6746             0.0473398           -0.350254           -0.353668           0.0464684           0.356822            -0.347158           0.49558             0                   0.0663353           
SPHEROCYLINDER(1)  5.39415             8.0391              0.097969            0.0414538           -0.329155           -0.374083           0.0362532           0.376373            -0.327153           0.496958            0                   0.05507             
SPHEROCYLINDER(1)  5.40796             8.0338              2.75188             0.0437315           -0.346174           -0.358122           0.0419609           0.360782            -0.343622           0.496313            0                   0.0606066           
SPHEROCYLINDER(1)  5.38315             8.03836             5.3907              0.044461            -0.34824            -0.356023           0.0431539           0.358788            -0.345556           0.496146            0                   0.06196             
SPHEROCYLINDER(1)  5.38907             8.03558             8.03985             0.0329848           -0.39689            -0.302308           0.043049            0.304103            -0.394548           0.49705             0                   0.054233            
SPHEROCYLINDER(1)  5.3594              8.02064             10.6977             0.0391802           -0.384243           -0.317525           0.0470558           0.319933            -0.381351           0.496237            0                   0.0612318           
SPHEROCYLINDER(1)  5.41945             10.6994             0.0893479           0.0333234           -0.364807           -0.340302           0.035553            0.34193             -0.36307            0.49762             0                   0.0487285           
SPHEROCYLINDER(1)  5.39691             10.6902             2.73578             0.0527816           -0.351418           -0.351738           0.0521498           0.355676            -0.347527           0.494464            0                   0.074199            
SPHEROCYLINDER(1)  5.37198             10.6953             5.39653             0.0390731           -0.327462           -0.375822           0.0338627           0.377847            -0.325706           0.497319            0                   0.0517048           
SPHEROCYLINDER(1)  5.41372             10.6993             8.0721              0.0311773           -0.426145           -0.259669           0.0508005           0.261534            -0.423107           0.496435            0                   0.0596046           
SPHEROCYLINDER(1)  5.40761             10.6934             10.7029             0.0436616           -0.360681           -0.343516           0.0454774           0.346279            -0.357802           0.49601             0                   0.0630438           
SPHEROCYLINDER(1)  8.04685             0.0696705           0.0954363           0.0301738           -0.40594            -0.290348           0.0419605           0.291912            -0.403766           0.497322            0                   0.0516831           
SPHEROCYLINDER(1)  8.06794             0.0913787           2.74237             0.0402347           -0.405366           -0.289931           0.05572             0.292709            -0.401518           0.495254            0                   0.0687281           
SPHEROCYLINDER(1)  8.03235             0.101047            5.4043              0.0472174           -0.339676           -0.363856           0.043713            0.366906            -0.336851           0.495842            0                   0.0643452           
SPHEROCYLINDER(1)  8.04102             0.0872429           8.07652             0.0425501           -0.364243           -0.339877           0.0452474           0.34253             -0.361422           0.496127            0                   0.0621115           
SPHEROCYLINDER(1)  8.06329             0.0879439           10.6881             0.0403591           -0.329398           -0.373989           0.0353419           0.37616             -0.327497           0.497114            0                   0.0536461           
SPHEROCYLINDER(1)  8.03878             2.76059             0.116007            0.044612            -0.271479           -0.417503           0.0288444           0.41988             -0.269942           0.49717             0                   0.0531246           
SPHEROCYLINDER(1)  8.04123             2.73773             2.76095             0.0405249           -0.355738           -0.349011           0.0410304           0.351356            -0.353364           0.496663            0                   0.0576694           
SPHEROCYLINDER(1)  8.06391             2.75558             5.39133             0.0372329           -0.383715           -0.318397           0.0445674           0.320566            -0.381118           0.496616            0                   0.0580736           
SPHEROCYLINDER(1)  8.03166             2.75476             8.04577             0.0314704           -0.391081           -0.309944           0.0395057           0.311538            -0.389081           0.497442            0                   0.0505083           
SPHEROCYLINDER(1)  8.04255             2.72899             10.6757             0.0492543           -0.258067           -0.425412           0.0296808           0.428254            -0.256355           0.496682            0                   0.0575059           
SPHEROCYLINDER(1)  8.04405             5.41245             0.0762832           0.0546893           -0.341833           -0.360776           0.0512325           0.364897            -0.337972           0.494352            0                   0.0749379           
SPHEROCYLINDER(1)  8.04521             5.40378             2.74013             0.0414958           -0.371846           -0.331676           0.0461616           0.334261            -0.368969           0.496132            0                   0.0620709           
SPHEROCYLINDER(1)  8.03785             5.40346             5.38                0.047976            -0.290228           -0.40431            0.0341989           0.407146            -0.288206           0.496517            0                   0.0589174           
SPHEROCYLINDER(1)  8.04158             5.37595             8.0327              0.056788            -0.273041           -0.414999           0.0370177           0.418866            -0.27052            0.495384            0                   0.0677878           
SPHEROCYLINDER(1)  8.02552             5.37663             10.7003             0.0448354           -0.191473           -0.459704           0.0185864           0.461885            -0.190569           0.497639            0                   0.0485352           
SPHEROCYLINDER(1)  8.04261             8.06015             0.103598            0.0435464           -0.353555           -0.35086            0.0435467           0.353552            -0.350863           0.496193            0                   0.0615841           
SPHEROCYLINDER(1)  8.04608             8.08069             2.70846             0.0433863           -0.263987           -0.422408           0.0269726           0.42463             -0.262605           0.497383            0                   0.0510871           
SPHEROCYLINDER(1)  8.06956             8.05088             5.39666             0.0491143           -0.301048           -0.396179           0.0370374           0.399212            -0.298761           0.496202            0                   0.061514            
SPHEROCYLINDER(1)  8.03551             8.02246             8.06457             0.0362965           -0.389762           -0.311076           0.0451711           0.313187            -0.387135           0.496631            0                   0.0579471           
SPHEROCYLINDER(1)  8.01688             8.05779             10.7041             0.0520778           -0.321962           -0.378984           0.0438303           0.382545            -0.318964           0.495345            0                   0.0680676           
SPHEROCYLINDER(1)  8.0469              10.7197             0.100044            0.0348844           -0.38039            -0.322624           0.0408922           0.324505            -0.378186           0.497103            0                   0.0537503           
SPHEROCYLINDER(1)  8.01384             10.7149             2.7733              0.0468036           -0.36516            -0.338331           0.0500385           0.341553            -0.361715           0.495283            0                   0.0685159           
SPHEROCYLINDER(1)  8.0611              10.7131             5.39474             0.034917            -0.415737           -0.275579           0.0522578           0.277782            -0.412439           0.496034            0                   0.0628496           
SPHEROCYLINDER(1)  8.05635             10.7041             8.06493             0.0377083           -0.30099            -0.397471           0.0284274           0.399255            -0.299645           0.497765            0                   0.0472232           
SPHEROCYLINDER(1)  8.00548             10.7055             10.7126             0.0433993           -0.36544            -0.338482           0.0464754           0.341253            -0.362473           0.49594             0                   0.0635882           
SPHEROCYLINDER(1)  10.7045             0.0555977           0.117278            0.0246107           -0.459556           -0.195455           0.0574116           0.196998            -0.455956           0.496083            0                   0.0624642           
SPHEROCYLINDER(1)  10.7027             0.0752351           2.73499             0.0441519           -0.3585             -0.345728           0.0454142           0.348536            -0.355612           0.495972            0                   0.063339            
SPHEROCYLINDER(1)  10.6987             0.0931119           5.39563             0.0414895           -0.307487           -0.392084           0.032357            0.394273            -0.30578            0.497224            0                   0.0526151           
SPHEROCYLINDER(1)  10.7015             0.116027            8.02288             0.045665            -0.292746           -0.402758           0.0329805           0.405339            -0.290883           0.496817            0                   0.0563295           
SPHEROCYLINDER(1)  10.6783             0.103575            10.7042             0.0453286           -0.364158           -0.339609           0.0481781           0.34262             -0.360957           0.495605            0                   0.0661499           
SPHEROCYLINDER(1)  10.6777             2.72334             0.0606114           0.04299             -0.369774           -0.333795           0.0472338           0.336551            -0.366745           0.495904            0                   0.0638684           
SPHEROCYLINDER(1)  10.7212             2.73476             2.73976             0.0528202           -0.313763           -0.385698           0.0425716           0.389298            -0.310861           0.495376            0                   0.0678404           
SPHEROCYLINDER(1)  10.7314             2.73564             5.40948             0.0366427           -0.363211           -0.341665           0.0387312           0.343625            -0.36114            0.497149            0                   0.0533179           
SPHEROCYLINDER(1)  10.6913             2.73269             8.04588             0.0566901           -0.319148           -0.380697           0.0470064           0.384895            -0.315668           0.494547            0                   0.0736435           
SPHEROCYLINDER(1)  10.7275             2.74272             10.7037             0.0391902           -0.414389           -0.27703            0.058044            0.279788            -0.410304           0.495071            0                   0.0700355           
SPHEROCYLINDER(1)  10.6929             5.38788             0.0636725           0.0422548           -0.345452           -0.358995           0.040382            0.361473            -0.343084           0.496572            0                   0.0584481           
SPHEROCYLINDER(1)  10.6992             5.42958             2.73603             0.0322138           -0.386368           -0.315725           0.0392181           0.317364            -0.384372           0.497418            0                   0.0507522           
SPHEROCYLINDER(1)  10.7083             5.40015             5.38383             0.0520865           -0.242588           -0.434094           0.0289006           0.437208            -0.240861           0.496439            0                   0.0595672           
SPHEROCYLINDER(1)  10.691              5.40017             8.0484              0.0324563           -0.389187           -0.312217           0.0402408           0.3139              -0.387101           0.49732             0                   0.0516985           
SPHEROCYLINDER(1)  10.7294             5.35298             10.6881             0.0423053           -0.372277           -0.331089           0.0471845           0.333781            -0.369275           0.495968            0                   0.0633728           
SPHEROCYLINDER(1)  10.6754             8.02995             0.0802708           0.02888             -0.425842           -0.260431           0.0469351           0.262028            -0.423248           0.496954            0                   0.0551086           
SPHEROCYLINDER(1)  10.7137             8.06624             2.72869             0.0503926           -0.280789           -0.410632           0.0342017           0.413712            -0.278698           0.496277            0                   0.060903            
SPHEROCYLINDER(1)  10.6827             8.06761             5.39796             0.036893            -0.356318           -0.348822           0.0374768           0.350767            -0.354342           0.497227            0                   0.052589            
SPHEROCYLINDER(1)  10.6682             8.06086             8.04683             0.0336261           -0.364865           -0.34021            0.0358881           0.341868            -0.363096           0.497575            0                   0.0491799           
SPHEROCYLINDER(1)  10.7108             8.01823             10.7282             0.0501306           -0.339486           -0.363643           0.046362            0.367082            -0.336305           0.495316            0                   0.0682826           
SPHEROCYLINDER(1)  10.7155             10.6738             0.0937545           0.0311435           -0.354029           -0.351701           0.0312274           0.353078            -0.352649           0.498051            0                   0.0441029           
SPHEROCYLINDER(1)  10.6899             10.7017             2.72101             0.0459473           -0.338972           -0.364674           0.042374            0.367557            -0.336313           0.496078            0                   0.0625037           
SPHEROCYLINDER(1)  10.7174             10.7137             5.39064             0.0518              -0.319419           -0.381167           0.043013            0.384671            -0.316509           0.495446            0                   0.0673302           
SPHEROCYLINDER(1)  10.7293             10.7012             8.02578             0.0284202           -0.408933           -0.286297           0.0403956           0.287704            -0.406933           0.497555            0                   0.0493914           
SPHEROCYLINDER(1)  10.6778             10.6604             10.6813             0.043234            -0.364665           -0.339338           0.0460883           0.342081            -0.361741           0.495991            0                   0.0631927           
SPHEROCYLINDER(1)  1.41633             1.4125              0.0716066           0.0421391           -0.337863           -0.366159           0.0386277           0.368576            -0.335648           0.496721            0                   0.0571647           
SPHEROCYLINDER(1)  1.42806             1.39625             2.73651             0.0484498           -0.325211           -0.376683           0.0414876           0.379786            -0.322554           0.495915            0                   0.0637856           
SPHEROCYLINDER(1)  1.40769             1.43153             5.3797              0.0396902           -0.347864           -0.356952           0.0384428           0.359152            -0.345734           0.496937            0                   0.0552554           
SPHEROCYLINDER(1)  1.42715             1.43657             8.03941             0.0434028           -0.319262           -0.382345           0.0360105           0.384801            -0.317225           0.496809            0                   0.0563964           
SPHEROCYLINDER(1)  1.40444             1.42126             10.7391             0.0381193           -0.366584           -0.337881           0.0410969           0.340024            -0.364273           0.496848            0                   0.0560539           
SPHEROCYLINDER(1)  1.39738             4.06481             0.0858777           0.0446548           -0.340383           -0.363518           0.041501            0.36625             -0.337844           0.49627             0                   0.0609621           
SPHEROCYLINDER(1)  1.43113             4.08842             2.7523              0.0307491           -0.411664           -0.282112           0.0446057           0.283782            -0.409241           0.497056            0                   0.0541773           
SPHEROCYLINDER(1)  1.42779             4.07049             5.37874             0.0409937           -0.363968           -0.340363           0.0435222           0.342822            -0.361357           0.496412            0                   0.0597885           
SPHEROCYLINDER(1)  1.43168             4.08488             8.02985             0.0295995           -0.408613           -0.286635           0.0419725           0.288159            -0.406451           0.497355            0                   0.0513597           
SPHEROCYLINDER(1)  1.44055             4.04702             10.7117             0.0591543           -0.272767           -0.414848           0.038505            0.419045            -0.270035           0.494993            0                   0.0705823           
SPHEROCYLINDER(1)  1.41806             6.71639             0.0719811           0.0337011           -0.407067           -0.288376           0.0472505           0.290338            -0.404316           0.49662             0                   0.0580377           
SPHEROCYLINDER(1)  1.41719             6.74001             2.74096             0.0509791           -0.291551           -0.402988           0.0365904           0.4062              -0.289246           0.496047            0                   0.0627513           
SPHEROCYLINDER(1)  1.43039             6.74011             5.39204             0.0371093           -0.332007           -0.372014           0.032955            0.37386             -0.330368           0.497531            0                   0.04963             
SPHEROCYLINDER(1)  1.42441             6.72343             8.05369             0.0452211           -0.388481           -0.311509           0.0558098           0.314774            -0.384451           0.494813            0                   0.0718309           
SPHEROCYLINDER(1)  1.36661             6.72324             10.6861             0.0442257           -0.359165           -0.345028           0.0456642           0.347851            -0.356251           0.495942            0                   0.06357             
SPHEROCYLINDER(1)  1.38102             9.3551              0.0938517           0.0508626           -0.273158           -0.415689           0.0331755           0.418789            -0.271136           0.496299            0                   0.0607257           
SPHEROCYLINDER(1)  1.39742             9.37225             2.74105             0.0406124           -0.292361           -0.403579           0.0292726           0.405617            -0.290891           0.497487            0                   0.0500625           
SPHEROCYLINDER(1)  1.39267             9.36304             5.39754             0.0541587           -0.341799           -0.360888           0.050726            0.364929            -0.338014           0.494463            0                   0.0742044           
SPHEROCYLINDER(1)  1.4124              9.35691             8.03699             0.0520225           -0.244022           -0.433298           0.0290888           0.43641             -0.242282           0.496435            0                   0.0596029           
SPHEROCYLINDER(1)  1.43631             9.38125             10.7179             0.0530349           -0.344745           -0.358243           0.0504864           0.362148            -0.341028           0.494609            0                   0.0732227           
SPHEROCYLINDER(1)  4.05729             1.38513             0.0947534           0.0339987           -0.384451           -0.31787            0.0408869           0.319683            -0.382271           0.497164            0                   0.0531756           
SPHEROCYLINDER(1)  4.05489             1.41717             2.74318             0.0348124           -0.334276           -0.370199           0.0312962           0.371833            -0.332808           0.497804            0                   0.0468119           
SPHEROCYLINDER(1)  4.0585              1.40617             5.35546             0.0377452           -0.418807           -0.27051            0.057877            0.273131            -0.414789           0.495203            0                   0.0690974           
SPHEROCYLINDER(1)  4.06677             1.41145             8.04352             0.0457604           -0.315878           -0.384872           0.0372945           0.387583            -0.313669           0.496503            0                   0.059033            
SPHEROCYLINDER(1)  4.07011             1.40238             10.674              0.0307593           -0.39622            -0.30342            0.039962            0.304975            -0.394199           0.49745             0                   0.0504291           
SPHEROCYLINDER(1)  4.07187             4.08173             0.101989            0.0422313           -0.363491           -0.340722           0.0447113           0.343329            -0.36073            0.496203            0                   0.0615028           
SPHEROCYLINDER(1)  4.0879              4.07258             2.73912             0.0467073           -0.367709           -0.335572           0.0506917           0.338807            -0.364198           0.495226            0                   0.0689291           
SPHEROCYLINDER(1)  4.06642             4.06091             5.39155             0.0434409           -0.352476           -0.351957           0.0431774           0.354627            -0.349822           0.496234            0                   0.0612487           
SPHEROCYLINDER(1)  4.06485             4.09827             8.05363             0.0459878           -0.328537           -0.374097           0.0400854           0.376913            -0.326082           0.496264            0                   0.0610059           
SPHEROCYLINDER(1)  4.08403             4.06861             10.7449             0.0437162           -0.351831           -0.352568           0.0432934           0.355267            -0.349157           0.4962              0                   0.0615258           
SPHEROCYLINDER(1)  4.09611             6.68957             0.097767            0.0370606           -0.380893           -0.321788           0.0435797           0.323915            -0.378391           0.496717            0                   0.0572073           
SPHEROCYLINDER(1)  4.08261             6.71645             2.73966             0.0471656           -0.365995           -0.337377           0.0506737           0.340657            -0.36247            0.495184            0                   0.0692273           
SPHEROCYLINDER(1)  4.06841             6.7275              5.41976             0.0326571           -0.41208            -0.281289           0.0475224           0.283179            -0.40933            0.496664            0                   0.0576617           
SPHEROCYLINDER(1)  4.08562             6.71843             8.04595             0.0353311           -0.413523           -0.278838           0.0519813           0.281067            -0.410243           0.496034            0                   0.0628518           
SPHEROCYLINDER(1)  4.06145             6.69671             10.7248             0.0472079           -0.31656            -0.384137           0.0386127           0.387027            -0.314196           0.496267            0                   0.0609879           
SPHEROCYLINDER(1)  4.09482             9.36491             0.0941056           0.0419512           -0.412915           -0.278821           0.0614354           0.281959            -0.408319           0.494435            0                   0.0743923           
SPHEROCYLINDER(1)  4.08103             9.34414             2.74799             0.0554655           -0.31712            -0.382568           0.0455009           0.386568            -0.313839           0.494826            0                   0.0717409           
SPHEROCYLINDER(1)  4.08301             9.37912             5.38266             0.0325041           -0.409346           -0.285271           0.0463415           0.287116            -0.406714           0.496786            0                   0.0566044           
SPHEROCYLINDER(1)  4.06582             9.39375             8.06144             0.0487005           -0.32774            -0.374452           0.0422693           0.377606            -0.325003           0.495824            0                   0.0644859           
SPHEROCYLINDER(1)  4.06697             9.3627              10.6988             0.0407416           -0.393111           -0.306274           0.0518363           0.308972            -0.389678           0.495634            0                   0.0659309           
SPHEROCYLINDER(1)  6.75053             1.39445             0.064288            0.0525416           -0.303101           -0.394169           0.0400483           0.397655            -0.300444           0.495616            0                   0.0660642           
SPHEROCYLINDER(1)  6.74399             1.42618             2.71858             0.0300517           -0.441236           -0.233254           0.0563816           0.235182            -0.437619           0.495901            0                   0.0638904           
SPHEROCYLINDER(1)  6.69283             1.41287             5.40312             0.0348632           -0.396699           -0.302348           0.0454417           0.304351            -0.394088           0.496709            0                   0.0572747           
SPHEROCYLINDER(1)  6.69002             1.4315              8.03622             0.0500165           -0.294303           -0.401103           0.0364167           0.40421             -0.292042           0.496157            0                   0.0618694           
SPHEROCYLINDER(1)  6.70245             1.42038             10.7083             0.0492296           -0.338235           -0.36493            0.0452187           0.368236            -0.335198           0.495512            0                   0.0668452           
SPHEROCYLINDER(1)  6.71396             4.06701             0.0830257           0.029473            -0.341964           -0.363582           0.02763             0.364774            -0.340846           0.498365            0                   0.040399            
SPHEROCYLINDER(1)  6.73149             4.10345             2.73718             0.0480297           -0.342748           -0.360856           0.0452208           0.364038            -0.339752           0.495629            0                   0.065968            
SPHEROCYLINDER(1)  6.71349             4.09191             5.36412             0.0343896           -0.334495           -0.370041           0.0309528           0.371636            -0.33306            0.497855            0                   0.0462679           
SPHEROCYLINDER(1)  6.74914             4.05454             8.06441             0.0354004           -0.370964           -0.333365           0.0391728           0.33524             -0.36889            0.497204            0                   0.0527986           
SPHEROCYLINDER(1)  6.71132             4.0709              10.7115             0.0605512           -0.293188           -0.400468           0.0438322           0.405019            -0.289893           0.494381            0                   0.074751            
SPHEROCYLINDER(1)  6.73158             6.71804             0.0848998           0.0403225           -0.347795           -0.356949           0.0390402           0.359219            -0.345597           0.49684             0                   0.0561253           
SPHEROCYLINDER(1)  6.72096             6.71157             2.73412             0.0453003           -0.368783           -0.334585           0.049479            0.337638            -0.365448           0.495479            0                   0.0670842           
SPHEROCYLINDER(1)  6.72568             6.7139              5.38101             0.055327            -0.190949           -0.458778           0.0228621           0.462102            -0.189575           0.496403            0                   0.0598645           
SPHEROCYLINDER(1)  6.7336              6.70954             8.05073             0.0398923           -0.379908           -0.322612           0.0466222           0.325069            -0.377037           0.496221            0                   0.0613598           
SPHEROCYLINDER(1)  6.72661             6.74708             10.6962             0.0223943           -0.410907           -0.283996           0.0323015           0.284877            -0.409636           0.498453            0                   0.0393051           
SPHEROCYLINDER(1)  6.73183             9.37997             0.0582306           0.0495316           -0.348194           -0.355398           0.0480632           0.358833            -0.344861           0.495214            0                   0.0690178           
SPHEROCYLINDER(1)  6.69921             9.3936              2.73548             0.04216             -0.3443             -0.360111           0.0400355           0.362571            -0.341964           0.496608            0                   0.0581405           
SPHEROCYLINDER(1)  6.74496             9.39887             5.4028              0.0518735           -0.304881           -0.392882           0.0399081           0.396292            -0.302258           0.495698            0                   0.0654486           
SPHEROCYLINDER(1)  6.72154             9.38816             8.05421             0.0432371           -0.336324           -0.367446           0.0393038           0.369981            -0.33402            0.496574            0                   0.0584315           
SPHEROCYLINDER(1)  6.76098             9.36383             10.6859             0.0375569           -0.342664           -0.362175           0.0353442           0.364117            -0.340837           0.497333            0                   0.0515726           
SPHEROCYLINDER(1)  9.39076             1.40996             0.0842853           0.0360078           -0.386247           -0.315462           0.043803            0.317511            -0.383756           0.496774            0                   0.0567033           
SPHEROCYLINDER(1)  9.35413             1.39017             2.72078             0.0353298           -0.394263           -0.305465           0.0452981           0.307501            -0.391652           0.496689            0                   0.0574466           
SPHEROCYLINDER(1)  9.33943             1.41596             5.36968             0.0461196           -0.364696           -0.338924           0.0491734           0.342048            -0.361366           0.495434            0                   0.0674169           
SPHEROCYLINDER(1)  9.35888             1.41949             8.03778             0.0412571           -0.369522           -0.334293           0.0452616           0.336829            -0.366739           0.496235            0                   0.0612434           
SPHEROCYLINDER(1)  9.35806             1.38949             10.707              0.0359699           -0.408437           -0.286156           0.0509398           0.288408            -0.405248           0.496096            0                   0.0623594           
SPHEROCYLINDER(1)  9.35723             4.10323             0.108761            0.0393747           -0.389141           -0.311478           0.0488039           0.313957            -0.386069           0.496052            0                   0.0627072           
SPHEROCYLINDER(1)  9.37113             4.07649             2.76167             0.0446618           -0.300426           -0.397177           0.0335706           0.399681            -0.298544           0.496869            0                   0.0558718           
SPHEROCYLINDER(1)  9.41684             4.0807              5.40298             0.055133            -0.334212           -0.367781           0.0495473           0.37189             -0.330519           0.494475            0                   0.0741254           
SPHEROCYLINDER(1)  9.35913             4.05577             8.04379             0.0323815           -0.354055           -0.351563           0.0324736           0.353051            -0.352563           0.497892            0                   0.0458595           
SPHEROCYLINDER(1)  9.33484             4.09334             10.6754             0.0600225           -0.318029           -0.381123           0.0494762           0.38582             -0.314157           0.493912            0                   0.0777856           
SPHEROCYLINDER(1)  9.35597             6.69962             0.0941233           0.0483926           -0.345863           -0.357823           0.0463531           0.36108             -0.342743           0.495489            0                   0.0670108           
SPHEROCYLINDER(1)  9.41316             6.69778             2.7238              0.038198            -0.385146           -0.316549           0.046141            0.318845            -0.382372           0.496399            0                   0.0599006           
SPHEROCYLINDER(1)  9.3931              6.71424             5.38259             0.0292594           -0.451146           -0.213568           0.0612363           0.215563            -0.446971           0.495373            0                   0.0678675           
SPHEROCYLINDER(1)  9.37734             6.73632             8.06616             0.0480902           -0.379144           -0.322393           0.0559366           0.32596             -0.374995           0.494528            0                   0.073767            
SPHEROCYLINDER(1)  9.36069             6.69271             10.7028             0.0353693           -0.419835           -0.269235           0.0546838           0.271548            -0.416259           0.495741            0                   0.0651253           
SPHEROCYLINDER(1)  9.36064             9.38026             0.0830287           0.0437976           -0.325857           -0.376695           0.0376332           0.379233            -0.323676           0.496654            0                   0.057745            
SPHEROCYLINDER(1)  9.38267             9.35788             2.77299             0.040918            -0.390435           -0.309655           0.0511476           0.312347            -0.38707            0.495691            0                   0.0655009           
SPHEROCYLINDER(1)  9.38186             9.37576             5.35693             0.0523944           -0.269213           -0.418066           0.0334774           0.421336            -0.267123           0.496119            0                   0.0621765           
SPHEROCYLINDER(1)  9.34037             9.37807             8.042               0.0405693           -0.331966           -0.371689           0.0360198           0.373896            -0.330006           0.497048            0                   0.0542521           
SPHEROCYLINDER(1)  9.34597             9.3901              10.7332             0.0418761           -0.380165           -0.322057           0.049019            0.324768            -0.376992           0.495826            0                   0.0644707           
SPHEROCYLINDER(1)  1.4364              0.099037            1.40614             0.0304726           -0.354946           -0.350834           0.0307141           0.352155            -0.353615           0.498125            0                   0.0432659           
SPHEROCYLINDER(1)  1.4011              0.108917            4.09032             0.0353674           -0.376444           -0.327168           0.0404585           0.329074            -0.374264           0.497104            0                   0.0537377           
SPHEROCYLINDER(1)  1.4522              0.0819058           6.73853             0.0337297           -0.366476           -0.338464           0.0363411           0.340141            -0.364669           0.497536            0                   0.0495819           
SPHEROCYLINDER(1)  1.43424             0.0966702           9.38613             0.0443942           -0.338599           -0.365212           0.0408584           0.367901            -0.336124           0.496346            0                   0.0603345           
SPHEROCYLINDER(1)  1.41167             2.75228             1.41339             0.0370865           -0.327696           -0.375819           0.0321812           0.377645            -0.326112           0.497583            0                   0.0491023           
SPHEROCYLINDER(1)  1.45276             2.73702             4.06808             0.0459484           -0.377759           -0.324325           0.0529893           0.327564            -0.374024           0.495056            0                   0.0701364           
SPHEROCYLINDER(1)  1.39901             2.7475              6.69189             0.040357            -0.403733           -0.292183           0.05524             0.294957            -0.399936           0.495298            0                   0.0684116           
SPHEROCYLINDER(1)  1.43277             2.74558             9.34095             0.0479039           -0.380525           -0.32079            0.056201            0.324347            -0.376351           0.494517            0                   0.0738467           
SPHEROCYLINDER(1)  1.43783             5.36911             1.40103             0.0609164           -0.314015           -0.384296           0.0491621           0.389094            -0.310143           0.493834            0                   0.0782798           
SPHEROCYLINDER(1)  1.41148             5.43164             4.06755             0.0368362           -0.360131           -0.34489            0.0382466           0.346851            -0.358094           0.497172            0                   0.0531009           
SPHEROCYLINDER(1)  1.40591             5.38332             6.7243              0.0477886           -0.321187           -0.380204           0.0400555           0.383196            -0.31868            0.496097            0                   0.0623554           
SPHEROCYLINDER(1)  1.42385             5.37763             9.35909             0.0522941           -0.342646           -0.36036            0.0492081           0.364134            -0.339094           0.494817            0                   0.0718061           
SPHEROCYLINDER(1)  1.42238             8.04724             1.39695             0.0474794           -0.32223            -0.379359           0.0400171           0.382319            -0.319735           0.496129            0                   0.062094            
SPHEROCYLINDER(1)  1.42121             8.02255             4.06448             0.0468738           -0.331973           -0.37094            0.0416187           0.37389             -0.329354           0.496055            0                   0.0626839           
SPHEROCYLINDER(1)  1.41386             8.04732             6.70906             0.0378288           -0.337709           -0.366772           0.0346474           0.368718            -0.335927           0.497362            0                   0.0512978           
SPHEROCYLINDER(1)  1.39499             8.06116             9.36692             0.0283526           -0.381392           -0.322081           0.0334445           0.323326            -0.379923           0.498074            0                   0.0438453           
SPHEROCYLINDER(1)  1.39613             10.6908             1.40322             0.0366905           -0.352636           -0.352564           0.0365009           0.354468            -0.350742           0.497314            0                   0.0517543           
SPHEROCYLINDER(1)  1.41895             10.7                4.05251             0.0402727           -0.33976            -0.364611           0.0373009           0.366829            -0.337706           0.496978            0                   0.054893            
SPHEROCYLINDER(1)  1.41938             10.6777             6.71689             0.0437532           -0.367742           -0.335933           0.047495            0.338771            -0.364663           0.495812            0                   0.0645765           
SPHEROCYLINDER(1)  1.39579             10.7302             9.35806             0.0460403           -0.388883           -0.310887           0.0569697           0.314277            -0.384687           0.494606            0                   0.0732479           
SPHEROCYLINDER(1)  4.08248             0.123682            1.40579             0.0515022           -0.347173           -0.356116           0.0496919           0.359821            -0.343598           0.494852            0                   0.0715665           
SPHEROCYLINDER(1)  4.04321             0.1001              4.07704             0.0585615           -0.268333           -0.417813           0.037246            0.421897            -0.265736           0.49516             0                   0.0694026           
SPHEROCYLINDER(1)  4.07651             0.0866924           6.72288             0.0404332           -0.410435           -0.282681           0.058115            0.285558            -0.4063             0.494962            0                   0.0707968           
SPHEROCYLINDER(1)  4.08162             0.0834674           9.35424             0.0381291           -0.363507           -0.341187           0.0403722           0.343311            -0.361259           0.496907            0                   0.0555315           
SPHEROCYLINDER(1)  4.06763             2.77643             1.41008             0.0403883           -0.387531           -0.313351           0.0495397           0.315943            -0.384351           0.495898            0                   0.0639171           
SPHEROCYLINDER(1)  4.04926             2.70939             4.04549             0.0355975           -0.4147             -0.277049           0.0528495           0.279327            -0.411319           0.495923            0                   0.0637201           
SPHEROCYLINDER(1)  4.07228             2.74703             6.71715             0.0470008           -0.344782           -0.359049           0.0447513           0.362112            -0.341865           0.49577             0                   0.064898            
SPHEROCYLINDER(1)  4.06475             2.74265             9.35829             0.0523052           -0.340026           -0.362831           0.0485162           0.366582            -0.336547           0.494884            0                   0.0713419           
SPHEROCYLINDER(1)  4.08576             5.4062              1.41223             0.0510275           -0.314291           -0.385509           0.0412411           0.388872            -0.311573           0.495677            0                   0.0656097           
SPHEROCYLINDER(1)  4.06539             5.39695             4.06714             0.0235016           -0.454437           -0.207207           0.0512142           0.208536            -0.451542           0.496815            0                   0.0563491           
SPHEROCYLINDER(1)  4.0576              5.37341             6.70555             0.0528353           -0.25927            -0.42425            0.0320415           0.427527            -0.257282           0.496167            0                   0.0617918           
SPHEROCYLINDER(1)  4.0943              5.37254             9.37737             0.0424941           -0.397884           -0.299804           0.0558378           0.302801            -0.393947           0.495052            0                   0.0701684           
SPHEROCYLINDER(1)  4.07591             8.06302             1.4387              0.0431766           -0.390976           -0.308664           0.0541633           0.311669            -0.387206           0.495179            0                   0.0692668           
SPHEROCYLINDER(1)  4.07917             8.03438             4.05828             0.0518274           -0.328625           -0.373256           0.0451966           0.376837            -0.325502           0.495249            0                   0.0687663           
SPHEROCYLINDER(1)  4.06922             8.01619             6.72615             0.0433216           -0.315443           -0.385511           0.035226            0.387938            -0.31347            0.496873            0                   0.0558357           
SPHEROCYLINDER(1)  4.06175             8.06811             9.36223             0.0378796           -0.384601           -0.317249           0.0455976           0.319502            -0.381889           0.496474            0                   0.0592791           
SPHEROCYLINDER(1)  4.07637             10.7123             1.43147             0.0343009           -0.38083            -0.322167           0.0403188           0.323988            -0.37869            0.49719             0                   0.0529354           
SPHEROCYLINDER(1)  4.07604             10.6679             4.07225             0.0407874           -0.355521           -0.349201           0.0412452           0.351575            -0.35312            0.496624            0                   0.0580067           
SPHEROCYLINDER(1)  4.06411             10.6938             6.73475             0.0393556           -0.364486           -0.340002           0.0419098           0.342272            -0.362068           0.496684            0                   0.0574917           
SPHEROCYLINDER(1)  4.0588              10.7325             9.3534              0.0362719           -0.412908           -0.279627           0.0531155           0.281969            -0.409478           0.495846            0                   0.0643188           
SPHEROCYLINDER(1)  6.75761             0.0779779           1.42324             0.0438943           -0.268869           -0.419265           0.0279958           0.421556            -0.267408           0.497282            0                   0.0520622           
SPHEROCYLINDER(1)  6.68996             0.101057            4.06163             0.0610234           -0.355474           -0.346287           0.0616917           0.351623            -0.350079           0.492413            0                   0.086774            
SPHEROCYLINDER(1)  6.73381             0.0722856           6.73279             0.0500947           -0.317591           -0.382918           0.0411973           0.386181            -0.314908           0.495775            0                   0.0648591           
SPHEROCYLINDER(1)  6.7029              0.080649            9.37177             0.0475979           -0.309424           -0.389861           0.037499            0.392756            -0.307143           0.496315            0                   0.0605949           
SPHEROCYLINDER(1)  6.71917             2.7523              1.42901             0.0426817           -0.351701           -0.352823           0.0422381           0.355396            -0.349156           0.496381            0                   0.0600482           
SPHEROCYLINDER(1)  6.73879             2.72277             4.08349             0.0450236           -0.297629           -0.399237           0.0333535           0.401767            -0.295754           0.49685             0                   0.056032            
SPHEROCYLINDER(1)  6.72362             2.75285             6.70444             0.049143            -0.315295           -0.384934           0.0399283           0.388058            -0.312756           0.495974            0                   0.0633191           
SPHEROCYLINDER(1)  6.71664             2.74393             9.34869             0.0441844           -0.363121           -0.340868           0.0466783           0.34372             -0.360108           0.495852            0                   0.0642738           
SPHEROCYLINDER(1)  6.72119             5.38112             1.45895             0.0505276           -0.337654           -0.36529            0.0462644           0.368768            -0.334469           0.495284            0                   0.0685086           
SPHEROCYLINDER(1)  6.74875             5.39981             4.10945             0.0332609           -0.417231           -0.273518           0.0503659           0.275533            -0.41418            0.496344            0                   0.0603574           
SPHEROCYLINDER(1)  6.75062             5.41786             6.72872             0.0520407           -0.303106           -0.394231           0.0396676           0.397651            -0.3005             0.4957              0                   0.0654351           
SPHEROCYLINDER(1)  6.71971             5.40785             9.38949             0.0570654           -0.329118           -0.372055           0.0498962           0.376406            -0.325313           0.494221            0                   0.075803            
SPHEROCYLINDER(1)  6.74238             8.03679             1.39963             0.0467624           -0.371877           -0.330939           0.0520302           0.334226            -0.36822            0.495082            0                   0.0699561           
SPHEROCYLINDER(1)  6.71609             8.03853             4.0645              0.0601947           -0.346234           -0.355666           0.0577767           0.360724            -0.341379           0.492989            0                   0.0834359           
SPHEROCYLINDER(1)  6.7296              8.03628             6.71976             0.038724            -0.28222            -0.410917           0.0264785           0.412737            -0.280975           0.497794            0                   0.0469112           
SPHEROCYLINDER(1)  6.72081             8.08049             9.35964             0.0556633           -0.317778           -0.381993           0.0458221           0.386027            -0.314457           0.494775            0                   0.0720976           
SPHEROCYLINDER(1)  6.71438             10.6664             1.44078             0.0134476           -0.481338           -0.134659           0.0478304           0.135329            -0.478955           0.497525            0                   0.0496848           
SPHEROCYLINDER(1)  6.72058             10.6891             4.08472             0.0350836           -0.403822           -0.29274            0.0480525           0.294835            -0.400953           0.496447            0                   0.0594971           
SPHEROCYLINDER(1)  6.71033             10.7213             6.72837             0.0480969           -0.301659           -0.395839           0.0363858           0.39875             -0.299457           0.496349            0                   0.0603095           
SPHEROCYLINDER(1)  6.73347             10.7047             9.37865             0.0365041           -0.3517             -0.353517           0.0361244           0.355397            -0.34984            0.497355            0                   0.0513568           
SPHEROCYLINDER(1)  9.36187             0.0976612           1.41482             0.0553206           -0.238861           -0.435758           0.0300825           0.439256            -0.236959           0.496019            0                   0.0629708           
SPHEROCYLINDER(1)  9.36442             0.0815056           4.03079             0.028425            -0.353461           -0.352502           0.0284101           0.353646            -0.352317           0.498382            0                   0.0401885           
SPHEROCYLINDER(1)  9.39073             0.121623            6.72965             0.0474564           -0.349654           -0.354246           0.0464264           0.357411            -0.346558           0.495573            0                   0.0663891           
SPHEROCYLINDER(1)  9.3268              0.0823678           9.39015             0.0366058           -0.357434           -0.347709           0.0374228           0.34963             -0.355469           0.497252            0                   0.0523493           
SPHEROCYLINDER(1)  9.3773              2.73402             1.44635             0.0442905           -0.330225           -0.372814           0.0389569           0.375435            -0.327919           0.496509            0                   0.0589855           
SPHEROCYLINDER(1)  9.36663             2.75832             4.08037             0.0526657           -0.295132           -0.400154           0.0385113           0.403605            -0.292609           0.495725            0                   0.0652441           
SPHEROCYLINDER(1)  9.37472             2.74209             6.67518             0.0457366           -0.340875           -0.362922           0.042621            0.365793            -0.3382             0.496076            0                   0.0625171           
SPHEROCYLINDER(1)  9.37452             2.76902             9.36613             0.0326508           -0.43042            -0.252335           0.0552336           0.254438            -0.426861           0.495866            0                   0.0641625           
SPHEROCYLINDER(1)  9.38992             5.4408              1.41412             0.0349677           -0.415614           -0.275757           0.0522837           0.277965            -0.412313           0.496028            0                   0.0628993           
SPHEROCYLINDER(1)  9.37164             5.40897             4.05587             0.0429652           -0.351044           -0.353443           0.0423618           0.356045            -0.348479           0.496346            0                   0.0603369           
SPHEROCYLINDER(1)  9.37762             5.39235             6.72216             0.0405309           -0.362534           -0.341945           0.0426726           0.344338            -0.360014           0.496524            0                   0.0588533           
SPHEROCYLINDER(1)  9.36839             5.39626             9.35671             0.0404715           -0.381278           -0.320919           0.0477056           0.323461            -0.378282           0.496071            0                   0.0625601           
SPHEROCYLINDER(1)  9.38169             8.05037             1.42871             0.0362448           -0.357123           -0.348065           0.036988            0.349947            -0.355202           0.497311            0                   0.0517861           
SPHEROCYLINDER(1)  9.38029             8.06179             4.0498              0.0409699           -0.371701           -0.331904           0.0455368           0.334423            -0.368901           0.496234            0                   0.0612546           
SPHEROCYLINDER(1)  9.3763              8.05069             6.71437             0.0471057           -0.336234           -0.367053           0.0427996           0.370063            -0.333499           0.495933            0                   0.0636455           
SPHEROCYLINDER(1)  9.38056             8.07579             9.3769              0.0280023           -0.419338           -0.270871           0.0431208           0.272315            -0.417115           0.497349            0                   0.0514153           
SPHEROCYLINDER(1)  9.34545             10.6999             1.41927             0.0270986           -0.434851           -0.245297           0.0477485           0.246789            -0.432221           0.496977            0                   0.0549022           
SPHEROCYLINDER(1)  9.3606              10.7241             4.05329             0.0409492           -0.361142           -0.343365           0.0427661           0.345799            -0.358601           0.496482            0                   0.0592096           
SPHEROCYLINDER(1)  9.38216             10.673              6.68837             0.0420955           -0.358916           -0.345554           0.0434024           0.348108            -0.356282           0.496331            0                   0.0604632           
SPHEROCYLINDER(1)  9.36778             10.7025             9.36934             0.0315121           -0.374119           -0.330215           0.0355404           0.331715            -0.372427           0.497739            0                   0.0474988           
SPHEROCYLINDER(1)  0.0898516           1.43489             1.39627             0.0378646           -0.316361           -0.385334           0.030938            0.38719             -0.314844           0.497603            0                   0.0488967           
SPHEROCYLINDER(1)  0.0637732           1.41773             4.099               0.049308            -0.323125           -0.378364           0.0417562           0.381563            -0.320415           0.495808            0                   0.0646132           
SPHEROCYLINDER(1)  0.0982564           1.42315             6.7273              0.0485649           -0.316104           -0.384343           0.0396272           0.387399            -0.31361            0.496056            0                   0.0626806           
SPHEROCYLINDER(1)  0.0961009           1.43714             9.34408             0.0468521           -0.380413           -0.321077           0.0549288           0.324478            -0.376427           0.49476             0                   0.0721962           
SPHEROCYLINDER(1)  0.0741379           4.06795             1.41943             0.0332174           -0.335119           -0.369583           0.029999            0.371073            -0.333774           0.497993            0                   0.0447586           
SPHEROCYLINDER(1)  0.101049            4.05657             4.06589             0.0509419           -0.323195           -0.378087           0.0431559           0.381504            -0.320301           0.495522            0                   0.0667646           
SPHEROCYLINDER(1)  0.0750205           4.10466             6.72658             0.03223             -0.40581            -0.290309           0.0447777           0.292093            -0.403332           0.496947            0                   0.0551708           
SPHEROCYLINDER(1)  0.106536            4.06759             9.3834              0.0315543           -0.436345           -0.24209            0.0563966           0.244138            -0.432685           0.495806            0                   0.064624            
SPHEROCYLINDER(1)  0.102595            6.7273              1.40047             0.0398023           -0.248625           -0.431974           0.0228118           0.433804            -0.247576           0.497891            0                   0.0458759           
SPHEROCYLINDER(1)  0.0976723           6.70046             4.08084             0.0352739           -0.425207           -0.260682           0.0570168           0.263057            -0.421367           0.495484            0                   0.067046            
SPHEROCYLINDER(1)  0.104174            6.76343             6.72198             0.0300453           -0.413672           -0.279237           0.0442549           0.280848            -0.411298           0.497131            0                   0.0534903           
SPHEROCYLINDER(1)  0.109152            6.68608             9.36334             0.0423205           -0.308512           -0.391189           0.0331826           0.393472            -0.306723           0.497099            0                   0.0537783           
SPHEROCYLINDER(1)  0.0805231           9.35055             1.40826             0.039837            -0.406298           -0.288679           0.0555418           0.291414            -0.402483           0.495306            0                   0.0683511           
SPHEROCYLINDER(1)  0.0799126           9.35352             4.05822             0.0492782           -0.36922            -0.333539           0.053964            0.33716             -0.365255           0.494631            0                   0.0730784           
SPHEROCYLINDER(1)  0.0849945           9.36666             6.73419             0.0615378           -0.274168           -0.413576           0.0403504           0.418129            -0.271182           0.494555            0                   0.0735871           
SPHEROCYLINDER(1)  0.0972887           9.41595             9.35864             0.0442895           -0.301556           -0.396361           0.0334876           0.398828            -0.299691           0.496907            0                   0.0555246           
SPHEROCYLINDER(1)  2.74315             1.42586             1.41414             0.0423153           -0.415663           -0.274652           0.0632938           0.277893            -0.410815           0.494169            0                   0.076136            
SPHEROCYLINDER(1)  2.76635             1.39733             4.08501             0.0455657           -0.364909           -0.33877            0.0486434           0.341821            -0.361652           0.495538            0                   0.0666514           
SPHEROCYLINDER(1)  2.75413             1.39462             6.72546             0.0448988           -0.328706           -0.374081           0.0391716           0.376766            -0.326363           0.496437            0                   0.0595845           
SPHEROCYLINDER(1)  2.71882             1.40432             9.36153             0.0392142           -0.379267           -0.323448           0.0456474           0.325816            -0.37651            0.496365            0                   0.0601784           
SPHEROCYLINDER(1)  2.76746             4.05556             1.42032             0.0330022           -0.351062           -0.354494           0.032542            0.356027            -0.349551           0.497847            0                   0.0463478           
SPHEROCYLINDER(1)  2.74805             4.06035             4.07332             0.0269627           -0.440874           -0.234315           0.050399            0.235861            -0.437984           0.496722            0                   0.0571581           
SPHEROCYLINDER(1)  2.72103             4.07055             6.69801             0.0391649           -0.316751           -0.384883           0.0320663           0.386871            -0.315123           0.497431            0                   0.0506175           
SPHEROCYLINDER(1)  2.73059             4.05249             9.38185             0.0402572           -0.358466           -0.346239           0.0413999           0.348571            -0.356067           0.496654            0                   0.0577459           
SPHEROCYLINDER(1)  2.74904             6.73043             1.40131             0.0304329           -0.377811           -0.326086           0.0351077           0.327503            -0.376177           0.497837            0                   0.0464619           
SPHEROCYLINDER(1)  2.71989             6.73748             4.05482             0.0237978           -0.446704           -0.223358           0.0473265           0.224622            -0.44419            0.497186            0                   0.0529729           
SPHEROCYLINDER(1)  2.75046             6.70883             6.719               0.0346118           -0.40138            -0.296136           0.0465953           0.298152            -0.398666           0.496619            0                   0.0580439           
SPHEROCYLINDER(1)  2.73202             6.72879             9.3838              0.0394705           -0.364366           -0.340117           0.0420028           0.342399            -0.361937           0.496667            0                   0.0576382           
SPHEROCYLINDER(1)  2.70724             9.3595              1.4033              0.0576209           -0.279597           -0.410494           0.0388658           0.414519            -0.276882           0.495146            0                   0.0695033           
SPHEROCYLINDER(1)  2.70965             9.39341             4.08693             0.0408181           -0.363567           -0.340812           0.0432345           0.343248            -0.360987           0.496452            0                   0.0594587           
SPHEROCYLINDER(1)  2.74862             9.3576              6.69476             0.0468417           -0.334105           -0.369025           0.0420716           0.371986            -0.331446           0.49602             0                   0.0629617           
SPHEROCYLINDER(1)  2.7361              9.39646             9.38961             0.0475029           -0.335762           -0.367433           0.04305             0.370491            -0.332991           0.495873            0                   0.0641079           
SPHEROCYLINDER(1)  5.38932             1.4237              1.41928             0.050544            -0.358435           -0.34492            0.0519695           0.348603            -0.354648           0.494717            0                   0.072495            
SPHEROCYLINDER(1)  5.39424             1.39121             4.06365             0.0459163           -0.352016           -0.352103           0.0455196           0.355084            -0.349061           0.495802            0                   0.0646556           
SPHEROCYLINDER(1)  5.42029             1.41689             6.7066              0.046563            -0.370957           -0.331998           0.0515228           0.335247            -0.367362           0.495154            0                   0.0694457           
SPHEROCYLINDER(1)  5.37888             1.42021             9.37561             0.0489593           -0.333395           -0.369392           0.0438051           0.372623            -0.330505           0.495665            0                   0.0656955           
SPHEROCYLINDER(1)  5.39589             4.03992             1.44416             0.0433777           -0.358891           -0.345421           0.0447181           0.348134            -0.356095           0.496103            0                   0.0623003           
SPHEROCYLINDER(1)  5.39976             4.07286             4.05022             0.0493166           -0.353649           -0.35               0.0493434           0.353457            -0.35019            0.495109            0                   0.0697632           
SPHEROCYLINDER(1)  5.38162             4.06654             6.69808             0.0461317           -0.33161            -0.371358           0.0408798           0.374212            -0.329081           0.496186            0                   0.0616383           
SPHEROCYLINDER(1)  5.39146             4.07732             9.35785             0.0374975           -0.396694           -0.302039           0.0488736           0.304358            -0.393672           0.496191            0                   0.0616011           
SPHEROCYLINDER(1)  5.41695             6.72158             1.41336             0.0491094           -0.26267            -0.422602           0.0303201           0.425446            -0.260914           0.496658            0                   0.0577152           
SPHEROCYLINDER(1)  5.37348             6.71255             4.05825             0.0321186           -0.401552           -0.296183           0.0432912           0.297919            -0.399212           0.497086            0                   0.0539049           
SPHEROCYLINDER(1)  5.38162             6.7165              6.72965             0.0462535           -0.315971           -0.384738           0.0377147           0.387508            -0.313712           0.496425            0                   0.0596807           
SPHEROCYLINDER(1)  5.39089             6.71071             9.38132             0.0348852           -0.367889           -0.336809           0.0379016           0.338611            -0.365932           0.497339            0                   0.0515123           
SPHEROCYLINDER(1)  5.38907             9.38144             1.42284             0.0600271           -0.253734           -0.426633           0.0353521           0.430835            -0.251259           0.495123            0                   0.0696637           
SPHEROCYLINDER(1)  5.4202              9.36659             4.07408             0.0603844           -0.248968           -0.429382           0.0346714           0.433607            -0.246542           0.495128            0                   0.0696304           
SPHEROCYLINDER(1)  5.38029             9.36366             6.68734             0.0423827           -0.373748           -0.329418           0.0476929           0.332134            -0.370692           0.495912            0                   0.0638036           
SPHEROCYLINDER(1)  5.40392             9.37686             9.35964             0.0550759           -0.239791           -0.435278           0.0301008           0.438749            -0.237894           0.496045            0                   0.0627647           
SPHEROCYLINDER(1)  8.02727             1.40949             1.41193             0.0451189           -0.365669           -0.33801            0.0483818           0.341008            -0.362454           0.495604            0                   0.0661552           
SPHEROCYLINDER(1)  8.06108             1.44334             4.07699             0.0343035           -0.384273           -0.318052           0.0412068           0.319897            -0.382058           0.497117            0                   0.0536165           
SPHEROCYLINDER(1)  8.02746             1.41912             6.70819             0.0399368           -0.406894           -0.287823           0.0559227           0.29058             -0.403033           0.495255            0                   0.068719            
SPHEROCYLINDER(1)  8.07093             1.45662             9.36386             0.0416556           -0.34113            -0.363174           0.0388722           0.365555            -0.338908           0.496743            0                   0.0569758           
SPHEROCYLINDER(1)  8.05197             4.08303             1.42852             0.0379808           -0.365708           -0.338844           0.040737            0.340966            -0.363432           0.496888            0                   0.055696            
SPHEROCYLINDER(1)  8.04117             4.07418             4.07006             0.0404409           -0.383103           -0.318742           0.0482202           0.321297            -0.380056           0.496024            0                   0.0629337           
SPHEROCYLINDER(1)  8.0336              4.05083             6.72227             0.0283319           -0.43351            -0.24752            0.0492991           0.249136            -0.430698           0.496756            0                   0.0568603           
SPHEROCYLINDER(1)  8.03569             4.08624             9.37445             0.0370984           -0.400962           -0.296401           0.0497971           0.298713            -0.397857           0.496129            0                   0.062097            
SPHEROCYLINDER(1)  8.02549             6.69982             1.43772             0.0407499           -0.363534           -0.340856           0.0431538           0.343283            -0.360964           0.496465            0                   0.0593532           
SPHEROCYLINDER(1)  8.04511             6.73397             4.08163             0.0361859           -0.400943           -0.296539           0.0485657           0.298739            -0.39799            0.496318            0                   0.0605644           
SPHEROCYLINDER(1)  8.07694             6.71413             6.74202             0.0467633           -0.333143           -0.369904           0.0417833           0.372848            -0.330512           0.496052            0                   0.0627108           
SPHEROCYLINDER(1)  8.04005             6.69733             9.35459             0.0175254           -0.480085           -0.138605           0.0602228           0.139709            -0.476293           0.49605             0                   0.062721            
SPHEROCYLINDER(1)  8.01446             9.38094             1.41179             0.0361731           -0.384606           -0.317442           0.0435446           0.319497            -0.382133           0.496785            0                   0.0566094           
SPHEROCYLINDER(1)  8.04919             9.37538             4.04872             0.051278            -0.3824             -0.318026           0.0608714           0.322134            -0.377524           0.493625            0                   0.0795912           
SPHEROCYLINDER(1)  8.08635             9.36192             6.72111             0.0351013           -0.406104           -0.289564           0.0488708           0.291683            -0.403153           0.496366            0                   0.0601702           
SPHEROCYLINDER(1)  8.03565             9.35854             9.37151             0.0449565           -0.278878           -0.412561           0.0302103           0.415003            -0.277236           0.497058            0                   0.0541641           
SPHEROCYLINDER(1)  10.6917             1.42748             1.4295              0.036358            -0.424874           -0.261075           0.0586035           0.263594            -0.420813           0.495221            0                   0.0689657           
SPHEROCYLINDER(1)  10.7118             1.41158             4.06733             0.0344799           -0.413962           -0.278292           0.0509              0.28042             -0.410821           0.496206            0                   0.061479            
SPHEROCYLINDER(1)  10.6995             1.40482             6.74463             0.0363236           -0.347908           -0.357268           0.0351905           0.35911             -0.346124           0.497436            0                   0.0505745           
SPHEROCYLINDER(1)  10.7213             1.40896             9.32971             0.040802            -0.342773           -0.361721           0.038421            0.364015            -0.340613           0.496849            0                   0.0560444           
SPHEROCYLINDER(1)  10.6722             4.03886             1.43249             0.0483633           -0.377314           -0.324492           0.0556217           0.328076            -0.373192           0.494537            0                   0.0737074           
SPHEROCYLINDER(1)  10.7125             4.06116             4.06368             0.0274975           -0.409717           -0.285264           0.0393117           0.286586            -0.407827           0.497693            0                   0.0479742           
SPHEROCYLINDER(1)  10.7264             4.08077             6.71814             0.0442962           -0.357526           -0.346717           0.0453089           0.349535            -0.354644           0.495969            0                   0.0633645           
SPHEROCYLINDER(1)  10.6926             4.07881             9.38002             0.0410679           -0.360296           -0.344239           0.0426809           0.34668             -0.357759           0.496479            0                   0.0592303           
SPHEROCYLINDER(1)  10.6773             6.73746             1.3944              0.0370652           -0.374526           -0.329175           0.0419068           0.331256            -0.372174           0.49686             0                   0.0559465           
SPHEROCYLINDER(1)  10.7076             6.73235             4.03111             0.0517056           -0.296582           -0.399206           0.0380955           0.402541            -0.294126           0.495858            0                   0.0642241           
SPHEROCYLINDER(1)  10.6986             6.72695             6.72567             0.0439635           -0.32691            -0.375762           0.0379889           0.378325            -0.324696           0.496613            0                   0.0581029           
SPHEROCYLINDER(1)  10.6798             6.70068             9.37547             0.035918            -0.40193            -0.295232           0.0485409           0.297409            -0.398988           0.49634             0                   0.0603848           
SPHEROCYLINDER(1)  10.6916             9.3533              1.41207             0.0509421           -0.324653           -0.376836           0.0434921           0.380264            -0.321726           0.495493            0                   0.0669826           
SPHEROCYLINDER(1)  10.687              9.39629             4.05958             0.0503035           -0.28214            -0.409716           0.034382            0.412792            -0.280037           0.496274            0                   0.0609308           
SPHEROCYLINDER(1)  10.7094             9.3973              6.73806             0.0554083           -0.326758           -0.374378           0.0478394           0.378456            -0.323237           0.494612            0                   0.073203            
SPHEROCYLINDER(1)  10.7174             9.36619             9.37704             0.0470267           -0.324655           -0.377343           0.0401498           0.380262            -0.322163           0.496162            0                   0.0618346           
