512
0.000000 8.000000
0.000000 8.000000
0.000000 8.000000
4.025458	1.163650	6.049446	1.000000
5.327365	7.015338	4.077754	1.000000
0.798625	1.785193	1.042322	1.000000
4.609922	5.904263	0.766808	1.000000
7.082269	4.820438	6.597028	1.000000
2.881573	6.998897	2.505179	1.000000
7.328191	3.191996	0.841958	1.000000
0.504038	3.817870	0.021369	1.000000
5.852546	5.507121	5.186814	1.000000
0.272380	7.313522	5.290592	1.000000
5.316863	5.199128	6.209519	1.000000
5.581576	4.216493	2.562460	1.000000
1.936843	7.877436	5.357291	1.000000
0.089299	4.518804	2.882255	1.000000
3.903525	1.162655	5.085735	1.000000
7.626863	0.266155	1.684813	1.000000
4.046535	7.827933	0.821414	1.000000
4.161758	2.472441	3.263900	1.000000
7.809096	2.916508	1.769671	1.000000
3.041849	3.432164	6.152104	1.000000
5.960000	6.899527	6.779842	1.000000
0.872457	6.929481	4.232974	1.000000
3.931548	5.586372	3.284479	1.000000
6.450502	5.913181	0.098820	1.000000
2.812309	2.759826	0.924445	1.000000
3.555398	5.894355	5.293300	1.000000
0.044247	1.802358	7.655111	1.000000
1.163668	6.094622	2.381862	1.000000
7.147880	5.815866	2.513734	1.000000
3.808357	6.357795	8.017399	1.000000
5.690751	2.449480	1.186467	1.000000
5.106454	5.718169	4.478171	1.000000
7.907430	2.076767	6.651405	1.000000
7.715746	2.277988	5.350142	1.000000
7.155716	5.884342	4.705283	1.000000
6.244964	3.193616	0.786408	1.000000
2.284435	5.076856	5.196547	1.000000
2.212993	1.319234	1.873530	1.000000
5.112024	5.133409	1.020167	1.000000
5.058388	3.352219	0.877208	1.000000
4.792679	7.315243	1.681560	1.000000
3.286009	1.161902	2.215280	1.000000
2.196304	1.787902	4.249567	1.000000
1.365858	1.480809	2.339095	1.000000
5.285375	0.777573	0.080796	1.000000
2.379256	5.186130	6.875104	1.000000
3.877833	3.061248	0.984890	1.000000
1.321960	1.815924	0.014329	1.000000
3.895779	4.216963	6.102166	1.000000
0.865975	6.623336	0.006056	1.000000
6.403479	3.455081	2.483192	1.000000
3.040510	7.672974	0.863667	1.000000
5.073685	2.336424	1.965808	1.000000
5.806405	3.337317	3.278481	1.000000
7.153278	2.242207	0.976922	1.000000
5.769114	4.204927	0.853725	1.000000
4.844628	3.708585	7.308885	1.000000
7.473563	5.875300	0.004917	1.000000
4.642954	5.369368	5.353406	1.000000
6.331384	4.039965	0.028300	1.000000
5.131456	1.194763	2.239881	1.000000
6.057513	2.892226	4.187659	1.000000
2.560723	3.584728	3.242539	1.000000
6.956859	5.201765	1.659664	1.000000
3.638915	7.166709	5.200741	1.000000
1.415407	2.973191	6.202039	1.000000
6.934332	7.221228	4.506337	1.000000
2.996468	5.559717	1.730270	1.000000
5.807634	7.588487	1.528310	1.000000
4.580198	0.057739	2.375617	1.000000
7.217699	3.942787	2.716882	1.000000
2.269316	3.158140	5.606564	1.000000
2.999504	3.357268	4.293747	1.000000
5.479682	6.745357	3.186037	1.000000
5.741228	2.319894	6.129076	1.000000
1.586943	3.081631	7.198943	1.000000
0.136671	4.132259	5.490448	1.000000
1.755504	2.451666	2.487996	1.000000
3.118014	2.149402	4.721335	1.000000
3.904399	5.149814	0.149471	1.000000
7.050793	0.905471	5.172563	1.000000
4.704568	6.332191	3.487972	1.000000
5.318696	2.350024	4.951305	1.000000
4.419419	1.741269	2.494771	1.000000
5.281967	6.606223	1.230138	1.000000
1.127217	4.055354	0.807413	1.000000
3.220656	2.394647	7.155199	1.000000
5.596176	0.758157	3.834816	1.000000
1.559685	2.030362	1.574582	1.000000
1.426503	1.877602	3.276631	1.000000
7.747500	7.517478	1.122991	1.000000
4.252002	5.035676	2.176370	1.000000
2.374649	6.670490	1.536426	1.000000
0.687665	3.370191	4.962612	1.000000
7.941953	7.270993	3.325483	1.000000
1.548786	7.518882	1.566132	1.000000
1.691730	6.281229	3.329315	1.000000
4.754928	4.167680	5.496316	1.000000
0.420184	0.909054	4.081309	1.000000
0.743160	6.277502	3.355654	1.000000
0.278599	2.178124	4.559554	1.000000
1.719543	4.926770	0.856709	1.000000
0.151023	3.158639	2.835007	1.000000
6.977163	2.774172	5.692001	1.000000
7.088814	0.811284	0.858602	1.000000
0.757355	5.380740	1.031070	1.000000
4.742500	2.787712	0.027603	1.000000
5.560909	4.549996	3.610734	1.000000
7.987257	5.236121	7.373306	1.000000
5.086290	2.562260	2.977359	1.000000
2.743505	1.559821	6.664142	1.000000
0.649021	1.004766	0.306049	1.000000
1.640471	6.253777	6.446851	1.000000
5.784483	4.464989	5.306450	1.000000
6.991135	4.865592	4.543562	1.000000
7.197760	4.461112	3.616197	1.000000
4.345728	2.006615	4.438593	1.000000
7.652075	5.276844	0.875505	1.000000
7.644874	5.587385	6.392818	1.000000
3.699389	5.795643	0.952285	1.000000
5.586277	1.853822	4.096199	1.000000
4.645085	2.454304	0.883354	1.000000
1.178266	5.195657	2.078300	1.000000
7.860386	5.814829	1.664934	1.000000
7.750176	0.553254	3.337880	1.000000
3.107853	0.962190	4.472347	1.000000
6.248635	1.179707	0.093104	1.000000
1.027586	5.379621	5.239508	1.000000
3.170479	7.306536	4.324457	1.000000
1.319784	6.027123	0.677398	1.000000
2.045051	2.943627	1.438007	1.000000
0.506549	1.247720	4.899368	1.000000
7.229928	6.741004	0.757686	1.000000
4.210940	1.190368	1.704877	1.000000
4.723184	7.633832	3.254002	1.000000
0.523293	1.821260	3.652219	1.000000
0.152536	6.235014	0.881634	1.000000
5.739160	5.791381	1.474292	1.000000
1.841142	1.598760	6.142818	1.000000
0.131513	7.306273	7.195007	1.000000
7.904345	5.011151	4.036698	1.000000
2.847512	5.172299	0.000242	1.000000
0.810885	3.956213	3.453838	1.000000
6.185742	5.582764	6.136009	1.000000
1.675370	0.045130	3.690348	1.000000
2.843437	2.747270	2.684283	1.000000
1.338663	7.500595	0.179602	1.000000
3.656325	2.518747	0.022695	1.000000
6.910466	4.196020	0.818630	1.000000
3.399343	4.248894	0.195860	1.000000
4.162591	3.563498	0.097899	1.000000
4.330266	6.399118	0.002643	1.000000
1.318336	7.167522	5.300050	1.000000
3.276786	5.484375	7.116048	1.000000
6.831538	1.762276	5.775453	1.000000
7.415382	3.890934	0.010010	1.000000
2.071397	6.661912	8.042793	1.000000
6.538365	7.912059	5.049844	1.000000
7.090643	1.657303	6.804064	1.000000
0.446557	3.276510	6.993203	1.000000
7.118350	0.082101	2.528653	1.000000
4.694377	4.466796	2.866983	1.000000
5.288080	7.666826	5.064490	1.000000
6.870917	5.749643	7.168091	1.000000
3.430829	4.070595	3.817876	1.000000
7.156736	6.841555	2.944116	1.000000
2.107048	2.933269	4.526386	1.000000
6.167845	4.537264	1.759896	1.000000
3.509456	7.477588	6.995287	1.000000
4.416429	4.360996	4.022167	1.000000
5.764004	3.565204	1.642137	1.000000
3.939699	0.168868	3.851702	1.000000
5.862809	6.843706	5.214629	1.000000
2.667649	5.850140	6.174637	1.000000
6.873645	5.019854	5.683736	1.000000
6.210238	7.939232	6.459258	1.000000
1.036942	2.735107	0.210312	1.000000
7.114171	7.808043	3.677247	1.000000
3.162035	1.643782	5.617758	1.000000
4.848393	4.193787	1.478367	1.000000
1.331053	6.548792	1.554997	1.000000
7.867327	1.494674	0.934613	1.000000
3.386464	3.123826	1.795301	1.000000
4.209241	5.441217	4.290675	1.000000
4.596435	3.039913	4.886951	1.000000
5.797109	5.906279	8.151511	1.000000
1.485732	3.710887	1.640879	1.000000
2.541078	6.128073	7.163747	1.000000
4.068501	2.689761	6.526618	1.000000
0.843231	6.763297	6.213441	1.000000
6.109652	0.108336	0.040024	1.000000
1.288696	7.970308	4.606046	1.000000
5.296198	4.967093	1.975954	1.000000
0.747441	5.556128	4.362459	1.000000
4.247948	3.051143	2.476045	1.000000
3.999790	4.039462	1.051822	1.000000
0.156485	4.777364	6.260276	1.000000
6.629641	2.505879	3.346627	1.000000
3.889848	0.182229	4.870043	1.000000
3.222037	6.428110	1.644904	1.000000
3.005684	3.760102	1.059192	1.000000
1.322061	7.992875	2.656267	1.000000
3.324374	4.924866	4.964983	1.000000
3.585102	6.444861	4.308130	1.000000
2.414217	1.741178	2.714563	1.000000
1.462371	0.830484	5.276525	1.000000
6.980055	3.770292	1.669494	1.000000
2.471752	7.185922	7.064794	1.000000
1.614924	5.336386	6.175573	1.000000
7.974315	0.514907	0.735512	1.000000
2.319608	1.751828	0.004422	1.000000
3.717207	2.158661	2.003345	1.000000
4.135412	5.022754	1.059940	1.000000
2.636171	2.430307	6.278478	1.000000
0.981291	4.629617	5.842465	1.000000
0.913044	2.717275	3.221707	1.000000
4.255622	6.571215	1.480052	1.000000
3.366247	0.550131	5.978926	1.000000
7.018182	3.250033	4.401230	1.000000
2.684750	6.776949	5.270061	1.000000
6.879123	1.673781	2.775616	1.000000
3.960149	1.630557	6.987209	1.000000
1.994127	6.646593	0.032516	1.000000
7.582703	0.959391	0.016755	1.000000
5.575330	3.424294	0.005253	1.000000
4.539759	3.114211	1.625856	1.000000
3.981526	7.410639	0.016111	1.000000
4.843643	5.283759	0.009894	1.000000
0.376561	1.041436	6.863022	1.000000
1.238242	2.533873	4.128290	1.000000
6.129273	1.162822	6.468659	1.000000
3.663208	7.283623	1.898105	1.000000
2.737476	2.340333	1.735901	1.000000
7.336662	7.674273	0.156033	1.000000
0.457453	2.993646	6.001970	1.000000
0.041509	2.158995	2.799810	1.000000
1.345360	0.473921	0.061687	1.000000
0.807150	5.235234	3.369492	1.000000
0.560085	6.436145	5.014863	1.000000
2.098324	7.422805	4.437751	1.000000
7.896374	5.049562	5.150066	1.000000
4.950144	3.027242	5.911921	1.000000
6.112876	0.907827	2.425964	1.000000
4.688436	0.584758	1.130567	1.000000
1.341644	5.939701	7.329486	1.000000
7.752653	7.393017	2.272261	1.000000
5.250881	6.459204	2.221685	1.000000
3.341051	1.494923	0.025833	1.000000
4.889460	5.243238	3.532623	1.000000
3.604808	6.888726	0.797333	1.000000
1.122619	0.809627	3.151201	1.000000
2.141745	7.300579	0.802847	1.000000
3.454243	2.699203	5.570679	1.000000
7.912283	6.784311	0.000234	1.000000
4.155637	6.390314	5.970394	1.000000
7.343166	6.699865	1.738997	1.000000
5.887683	0.363381	5.611589	1.000000
6.905790	0.566733	4.273034	1.000000
2.214151	0.400991	6.573099	1.000000
2.984881	4.543128	6.157760	1.000000
4.488234	2.235670	5.669911	1.000000
1.046556	2.298309	6.891371	1.000000
4.396326	0.942605	4.149230	1.000000
3.800066	6.055126	2.333175	1.000000
7.159700	4.796709	0.012315	1.000000
1.080030	4.421322	2.652591	1.000000
6.045491	5.027801	4.368148	1.000000
7.850954	4.204146	7.041741	1.000000
6.009557	0.844346	4.764184	1.000000
1.877091	6.832827	2.406448	1.000000
1.830381	5.231188	3.027410	1.000000
1.886632	5.800871	1.449674	1.000000
4.019509	4.007681	2.038768	1.000000
0.599984	7.851097	1.736619	1.000000
3.653406	2.116281	1.095729	1.000000
6.328435	6.882822	3.768558	1.000000
6.572840	0.323774	1.670013	1.000000
2.573533	3.457946	7.021299	1.000000
5.758194	5.430785	7.099692	1.000000
2.305004	4.285304	0.099064	1.000000
6.542993	6.945961	0.015755	1.000000
7.008453	1.363544	1.795713	1.000000
4.460207	6.822050	2.762251	1.000000
4.336056	4.753546	6.966483	1.000000
7.408016	1.754464	3.625954	1.000000
1.968596	4.250206	6.018259	1.000000
2.644106	0.766706	0.218485	1.000000
5.239238	2.497132	8.122247	1.000000
2.508255	7.729010	1.799712	1.000000
6.759160	0.571554	7.176674	1.000000
1.177359	2.445072	5.078968	1.000000
5.430960	7.948432	0.706746	1.000000
0.427137	7.909022	0.034764	1.000000
7.534542	2.694716	3.815306	1.000000
5.497099	7.783628	7.158007	1.000000
6.887188	2.257058	4.407843	1.000000
6.674111	5.514749	3.837868	1.000000
4.703514	0.462365	5.330929	1.000000
6.664825	7.092448	5.682212	1.000000
7.508346	0.972755	2.514109	1.000000
7.822868	0.293969	7.346271	1.000000
6.168867	6.533731	2.181571	1.000000
2.955698	7.906887	5.062275	1.000000
6.621974	3.728847	5.181040	1.000000
7.533625	6.604444	5.142968	1.000000
0.435472	0.262751	5.144284	1.000000
2.062567	3.607670	0.757874	1.000000
3.073760	3.786223	2.479602	1.000000
2.258176	4.338021	1.596140	1.000000
4.742667	7.072183	7.206434	1.000000
6.719766	2.849470	1.731927	1.000000
3.174448	5.323900	2.629466	1.000000
5.252667	3.894690	6.308702	1.000000
4.955220	0.051721	4.218385	1.000000
2.705252	5.844930	4.590277	1.000000
0.510346	3.122864	3.954461	1.000000
2.065831	4.300335	2.494996	1.000000
1.427995	1.058393	4.204031	1.000000
0.965687	0.278613	0.949586	1.000000
0.146486	2.517486	0.809662	1.000000
2.679750	4.692219	3.208321	1.000000
3.213816	4.310987	7.144583	1.000000
2.772778	4.121954	5.267308	1.000000
4.545147	6.330399	5.017689	1.000000
5.980634	1.668190	1.879661	1.000000
0.452544	0.863588	1.532639	1.000000
0.253073	0.160076	2.511854	1.000000
2.092791	2.157981	7.059937	1.000000
6.911928	4.677406	8.028728	1.000000
6.676180	7.363995	1.853683	1.000000
0.465878	5.748386	5.909458	1.000000
5.321271	6.144584	6.592902	1.000000
3.861851	3.901253	5.024396	1.000000
1.794982	6.272755	5.410617	1.000000
3.524346	0.288680	0.045951	1.000000
3.389670	5.011053	3.982610	1.000000
0.315399	6.721150	1.727261	1.000000
5.689983	5.783872	3.605492	1.000000
3.862071	0.151614	1.721750	1.000000
5.388357	6.113262	0.055078	1.000000
7.791946	1.700686	1.885041	1.000000
6.700077	5.927051	0.999505	1.000000
2.164192	2.755079	0.023179	1.000000
0.163748	7.900893	6.493036	1.000000
3.645203	5.201267	6.131600	1.000000
6.408229	7.493301	3.017607	1.000000
4.640660	7.102836	0.523262	1.000000
1.853309	2.317532	0.725040	1.000000
4.769202	1.732864	3.608771	1.000000
1.500339	3.536050	2.817442	1.000000
2.328429	4.370345	4.351092	1.000000
4.617258	5.711726	1.660868	1.000000
3.631435	1.648826	3.990294	1.000000
4.219097	0.318623	7.026371	1.000000
6.057044	1.818745	5.045612	1.000000
2.899428	6.936683	6.206912	1.000000
2.105156	2.638978	3.438361	1.000000
0.796026	4.492215	1.574904	1.000000
6.290582	6.911638	8.171102	1.000000
0.827455	4.948919	6.945540	1.000000
3.293526	0.746897	7.165324	1.000000
5.309814	3.677942	4.212219	1.000000
4.859647	3.604962	3.275485	1.000000
5.427510	1.558812	0.958583	1.000000
7.216397	4.124226	5.931451	1.000000
6.199772	3.920782	4.107535	1.000000
2.712616	5.730952	3.492552	1.000000
2.704153	2.044383	8.124655	1.000000
2.316635	7.653903	2.854087	1.000000
2.227511	7.923667	0.000198	1.000000
3.369704	4.618122	1.610975	1.000000
4.217253	0.901702	8.063777	1.000000
1.853791	4.321564	7.208112	1.000000
7.210383	4.856349	2.481635	1.000000
4.124491	3.233584	4.006553	1.000000
1.657828	4.411727	3.524951	1.000000
6.981678	1.943020	0.022778	1.000000
5.543054	7.210762	0.146663	1.000000
3.738350	7.530897	2.977053	1.000000
5.907229	2.496063	0.104228	1.000000
5.036776	2.789569	3.909042	1.000000
0.520140	4.246891	4.527640	1.000000
6.264257	6.740510	1.172157	1.000000
5.342320	4.591707	7.172761	1.000000
2.176023	5.187609	2.138028	1.000000
4.969826	7.038530	6.053564	1.000000
7.504559	4.095353	4.724239	1.000000
0.940179	3.908605	6.448994	1.000000
3.146422	0.177815	2.500832	1.000000
0.640119	7.961279	3.920834	1.000000
1.770887	6.390603	4.360107	1.000000
1.346210	7.165368	7.203663	1.000000
1.992559	5.546682	0.099846	1.000000
2.747804	5.028640	0.956755	1.000000
4.515130	7.224521	4.758544	1.000000
3.647303	3.405855	7.111948	1.000000
1.967694	0.363431	0.822913	1.000000
6.376306	1.647509	1.045884	1.000000
0.022251	3.909595	2.104108	1.000000
6.281652	4.468227	6.861781	1.000000
5.057708	0.559742	6.371780	1.000000
5.608433	3.552812	5.168688	1.000000
7.693903	5.574106	3.268700	1.000000
4.766897	0.037270	0.028265	1.000000
1.098914	7.874420	5.937511	1.000000
2.199361	0.592273	4.601985	1.000000
4.947424	1.340576	4.927913	1.000000
4.979860	1.756107	0.028270	1.000000
2.849746	1.529628	1.044331	1.000000
6.400013	4.632026	2.999675	1.000000
0.100820	1.048963	5.917755	1.000000
6.050796	3.355355	6.963916	1.000000
0.624829	2.305860	1.975182	1.000000
1.621901	3.785292	4.989745	1.000000
2.573852	6.095412	0.750604	1.000000
3.704917	4.476892	2.917383	1.000000
0.345517	5.449778	2.528272	1.000000
5.019767	0.777633	3.131882	1.000000
7.779812	3.221168	5.135404	1.000000
6.193862	2.704455	5.144051	1.000000
7.679083	0.168925	4.504924	1.000000
7.550470	3.176101	7.093021	1.000000
7.212718	2.879344	2.665011	1.000000
6.839250	2.981624	0.026777	1.000000
7.985134	3.068755	0.043161	1.000000
3.566302	3.306557	3.203147	1.000000
6.366336	3.784073	6.108955	1.000000
0.768528	5.633710	0.034759	1.000000
6.719971	0.671905	3.171447	1.000000
2.007840	0.762794	2.752121	1.000000
7.891830	4.236621	0.889704	1.000000
7.962483	6.337518	2.669820	1.000000
6.115515	0.732936	0.867204	1.000000
7.031056	0.801181	6.146052	1.000000
0.850106	7.013282	2.566442	1.000000
3.289365	1.030133	3.267297	1.000000
7.065948	7.518576	6.486805	1.000000
1.500422	3.612651	0.003218	1.000000
1.284688	7.272404	3.373380	1.000000
3.520181	6.520063	6.866638	1.000000
0.248878	4.741864	0.039939	1.000000
7.821141	3.632149	3.708713	1.000000
4.283667	5.794414	6.868922	1.000000
4.222418	7.825908	6.011006	1.000000
0.618550	7.133494	0.865324	1.000000
4.143905	0.841516	2.680758	1.000000
0.428644	3.488703	1.142859	1.000000
3.465665	2.009022	2.935822	1.000000
5.746144	0.158004	3.085601	1.000000
6.475031	1.354036	3.715476	1.000000
6.324776	5.108438	0.824616	1.000000
6.429142	6.143753	3.145912	1.000000
2.799760	0.069207	3.655908	1.000000
2.907036	7.091258	0.002198	1.000000
4.776659	4.319718	0.295301	1.000000
5.526138	7.459093	2.477636	1.000000
6.770246	2.539769	7.183426	1.000000
3.591692	6.487686	3.173471	1.000000
5.720344	4.885507	0.037144	1.000000
4.148101	1.041532	0.014526	1.000000
3.325307	6.239960	0.011818	1.000000
5.819387	1.794156	7.198993	1.000000
7.817277	6.787221	6.233067	1.000000
0.357038	6.181783	7.010592	1.000000
0.389658	1.284245	2.692322	1.000000
6.170124	6.148624	4.373759	1.000000
7.426871	7.926024	5.613207	1.000000
0.919093	3.142704	2.211869	1.000000
2.154825	2.014052	5.265664	1.000000
2.928908	3.453057	0.109270	1.000000
5.685733	1.559775	3.122942	1.000000
7.760606	6.323993	3.870602	1.000000
7.804625	4.792796	1.735665	1.000000
7.924587	7.292607	4.332216	1.000000
2.860164	0.539648	1.210001	1.000000
6.823915	3.530080	3.423070	1.000000
5.533423	0.536649	1.801059	1.000000
1.801109	1.320776	0.918794	1.000000
0.992831	4.957056	8.062345	1.000000
1.566273	0.447905	1.856221	1.000000
1.127860	2.837553	1.154290	1.000000
1.300399	4.693774	0.035128	1.000000
1.507988	3.494834	4.053220	1.000000
6.152960	7.849775	4.018491	1.000000
1.601480	1.159829	7.103112	1.000000
1.942085	7.270927	6.160166	1.000000
2.461092	0.913631	5.501579	1.000000
1.415266	4.707766	4.687091	1.000000
7.607750	1.243599	4.404629	1.000000
5.074935	2.516154	7.061379	1.000000
3.100186	2.416581	3.760668	1.000000
4.490581	1.526415	0.794415	1.000000
2.291343	3.416436	2.200815	1.000000
6.907457	6.054017	5.595546	1.000000
6.109131	5.389552	2.381133	1.000000
6.987671	1.912481	8.070927	1.000000
2.633138	6.136084	2.611296	1.000000
2.667328	6.892340	3.501491	1.000000
2.433783	1.047318	3.625650	1.000000
1.155880	0.206496	6.969398	1.000000
5.258796	3.287075	2.397000	1.000000
1.122730	0.802828	6.184546	1.000000
4.870728	1.610997	6.522740	1.000000
6.000261	2.580014	2.550435	1.000000
7.096454	6.791718	7.125420	1.000000
1.912110	5.373513	4.141684	1.000000
0.742043	1.945561	6.012183	1.000000
6.801403	7.723535	0.993647	1.000000
4.141292	7.159236	3.791712	1.000000
5.074746	4.692226	4.624820	1.000000
3.723282	0.860860	1.026092	1.000000
5.205921	5.620901	2.746617	1.000000
