512
0.000000 8.000000
0.000000 8.000000
0.000000 8.000000
5.057933	1.824483	6.281862	1.000000
4.367083	7.417853	2.831048	1.000000
0.889918	1.251717	0.883895	1.000000
4.742698	5.993257	0.784424	1.000000
0.157169	4.249215	7.347933	1.000000
3.300336	7.029985	2.722550	1.000000
7.331235	3.842725	0.004820	1.000000
0.480823	3.665867	0.044370	1.000000
5.377783	4.151633	6.784268	1.000000
6.222947	6.812701	5.273400	1.000000
4.330027	6.669686	5.512440	1.000000
6.556034	4.574449	2.412157	1.000000
3.653037	0.255365	5.826285	1.000000
0.185459	4.286926	2.180757	1.000000
3.289499	1.169632	4.111996	1.000000
7.438953	1.087078	1.767429	1.000000
4.083222	7.797926	0.999785	1.000000
5.260796	2.467546	3.389869	1.000000
7.984700	3.071992	1.701837	1.000000
3.275404	4.722476	6.299724	1.000000
6.857534	7.746851	5.596225	1.000000
1.008416	6.525632	3.950753	1.000000
4.884484	4.769556	2.870962	1.000000
6.468437	6.602624	0.044411	1.000000
3.410928	2.765950	1.193694	1.000000
2.695098	5.800031	4.511674	1.000000
7.657111	2.633419	7.059508	1.000000
1.054263	5.663731	1.400381	1.000000
7.552558	4.510098	2.915132	1.000000
4.195899	6.403788	8.016572	1.000000
5.751862	2.011121	0.869940	1.000000
4.786527	6.697031	3.382781	1.000000
2.633982	0.649624	6.267763	1.000000
6.538709	1.791636	6.287231	1.000000
7.708233	5.540276	3.193424	1.000000
6.511052	3.967673	0.665972	1.000000
2.651433	5.050723	3.585227	1.000000
1.552967	0.748111	1.657029	1.000000
4.773010	4.945793	0.905019	1.000000
5.499388	2.992150	0.953197	1.000000
4.984817	7.435284	1.699456	1.000000
3.437142	1.572432	1.593717	1.000000
1.013419	1.595410	3.661378	1.000000
2.444660	1.593910	1.737286	1.000000
5.511465	0.367195	0.071713	1.000000
4.279245	3.665053	5.274770	1.000000
4.342465	2.848697	0.914269	1.000000
1.362667	1.678484	0.020689	1.000000
3.930335	3.610967	7.266947	1.000000
0.895520	6.480465	0.021252	1.000000
6.554939	3.537610	2.598255	1.000000
3.165004	0.121162	0.919771	1.000000
5.057583	2.364940	1.547175	1.000000
6.499397	2.188985	3.349907	1.000000
7.681134	2.444872	0.850049	1.000000
5.294090	4.024649	0.958956	1.000000
4.806638	2.034839	5.187160	1.000000
0.155089	5.791030	0.074134	1.000000
6.913517	6.596756	5.888374	1.000000
5.606099	4.127520	0.050030	1.000000
5.489487	1.445232	1.642109	1.000000
5.557897	2.131319	4.261760	1.000000
2.666176	4.027455	3.608480	1.000000
6.600475	5.219028	1.083017	1.000000
2.832023	7.390062	5.956083	1.000000
0.338450	1.155267	6.221543	1.000000
6.448078	6.008223	4.053159	1.000000
3.195420	5.468419	1.612275	1.000000
5.943594	7.429072	1.684949	1.000000
4.401585	0.396204	2.552982	1.000000
7.528691	3.563728	2.612292	1.000000
2.453896	4.054192	4.620902	1.000000
3.890090	1.870398	4.267489	1.000000
5.561672	6.862468	2.553146	1.000000
4.188362	1.146422	6.578660	1.000000
0.635209	3.114310	7.132240	1.000000
2.137496	3.638203	5.821349	1.000000
2.629647	3.459307	2.798378	1.000000
4.477647	2.587030	6.928253	1.000000
4.045939	5.362896	0.093259	1.000000
0.034074	0.162467	4.541454	1.000000
4.908072	5.832066	2.614666	1.000000
5.323448	3.196594	4.051624	1.000000
4.683081	3.012212	2.607716	1.000000
5.453798	6.872578	0.952922	1.000000
1.257419	4.127723	0.820010	1.000000
3.906836	2.955812	6.141659	1.000000
5.890282	1.686527	2.455875	1.000000
1.751533	2.139041	0.814612	1.000000
1.681677	2.061513	2.795040	1.000000
7.941523	0.403569	0.888826	1.000000
4.145231	5.173892	2.574532	1.000000
2.946376	6.574079	1.877574	1.000000
0.915674	3.268158	4.269885	1.000000
0.265153	7.313728	2.305322	1.000000
1.265780	7.233257	0.864728	1.000000
2.022053	6.194659	3.748915	1.000000
4.993988	5.220026	4.825937	1.000000
0.584448	0.523968	3.546152	1.000000
0.782087	6.725784	3.076436	1.000000
6.555542	1.270595	3.670724	1.000000
1.790747	4.499988	0.018467	1.000000
0.546470	3.387543	2.590583	1.000000
6.401038	2.693180	5.136134	1.000000
7.013532	0.812019	0.861534	1.000000
0.369331	5.148893	0.881612	1.000000
5.144244	2.485145	0.026956	1.000000
5.933211	3.188249	3.265780	1.000000
7.996939	4.816379	6.524638	1.000000
4.890712	3.930046	3.384321	1.000000
3.106568	1.196341	7.133524	1.000000
0.499523	0.763848	0.121544	1.000000
0.504802	5.669087	7.039066	1.000000
0.354515	4.238211	5.470155	1.000000
7.617791	3.302659	5.305173	1.000000
7.681431	3.642135	3.647985	1.000000
5.370179	3.038469	5.063133	1.000000
7.486399	5.541194	0.890019	1.000000
6.937748	4.313945	5.113893	1.000000
3.693518	5.890283	0.858058	1.000000
6.018677	1.283264	4.644653	1.000000
4.853584	1.980824	0.678302	1.000000
2.009208	3.726656	1.859276	1.000000
0.131586	5.797821	1.558659	1.000000
0.676422	7.686843	4.111502	1.000000
2.457718	0.945814	4.451077	1.000000
6.488685	1.260661	0.109506	1.000000
0.921187	4.798303	4.183115	1.000000
3.380796	0.193592	3.939799	1.000000
1.505120	5.016315	0.862131	1.000000
2.439399	3.215389	1.042752	1.000000
0.142133	1.704645	4.241386	1.000000
7.464750	6.475871	0.780431	1.000000
4.468810	1.585746	1.727445	1.000000
4.300468	7.830359	3.828244	1.000000
0.953749	1.412221	2.620777	1.000000
0.546912	6.362390	0.851545	1.000000
5.579156	5.575523	1.365761	1.000000
2.790528	2.519624	5.272276	1.000000
7.601802	0.640913	7.062134	1.000000
0.398276	5.880115	3.776786	1.000000
2.788922	4.794497	0.135542	1.000000
0.573635	3.850673	3.483793	1.000000
7.804275	4.859410	4.916105	1.000000
1.602789	7.958896	3.339359	1.000000
4.286795	2.761376	3.570487	1.000000
1.853975	7.566721	0.003679	1.000000
4.068242	2.392129	0.004974	1.000000
7.378185	4.501579	0.754200	1.000000
3.660435	4.340340	0.066431	1.000000
4.834144	3.399951	0.025357	1.000000
4.103109	6.426779	0.010865	1.000000
1.132085	6.319822	5.340311	1.000000
2.598218	5.531401	6.798791	1.000000
0.644525	2.116593	6.698324	1.000000
6.558061	4.645263	0.010463	1.000000
4.114255	5.084494	8.101475	1.000000
6.190699	7.459228	4.466294	1.000000
5.815464	2.103883	5.627450	1.000000
1.537799	2.735525	6.922482	1.000000
6.689122	7.905601	3.574003	1.000000
5.650853	4.015812	2.549438	1.000000
5.598600	7.580041	5.536930	1.000000
7.201630	5.135044	7.094230	1.000000
4.249859	5.144478	6.017174	1.000000
6.967140	6.149155	1.487042	1.000000
2.387664	3.232461	3.971095	1.000000
6.118160	3.507631	1.581562	1.000000
3.983315	6.032019	6.590283	1.000000
5.524452	4.280894	3.967457	1.000000
5.705074	2.881135	2.331255	1.000000
4.011346	1.291717	2.512375	1.000000
5.542889	6.552374	4.031831	1.000000
1.818049	5.524118	5.239840	1.000000
1.051580	4.811856	7.085692	1.000000
5.963677	6.508815	6.268109	1.000000
1.070219	2.643959	0.041019	1.000000
7.454905	7.460931	2.832274	1.000000
4.270012	1.075618	5.539403	1.000000
4.925656	4.344672	1.824196	1.000000
1.637716	6.221216	0.872448	1.000000
0.389086	1.796979	0.011345	1.000000
2.961677	3.403258	1.861099	1.000000
3.652123	6.360176	4.502225	1.000000
5.165310	5.656240	3.628673	1.000000
5.614133	5.739152	8.286298	1.000000
1.462020	3.066170	2.371663	1.000000
2.953983	6.590482	7.107270	1.000000
1.412248	1.060955	6.303103	1.000000
0.568245	7.699967	6.051677	1.000000
6.516713	0.360106	0.045518	1.000000
1.819256	7.254643	5.445698	1.000000
5.999006	4.407338	1.610132	1.000000
0.251032	6.507918	4.624693	1.000000
3.692797	3.201055	2.640007	1.000000
4.264880	3.994182	0.867067	1.000000
1.552079	4.492484	5.019482	1.000000
6.618578	2.557958	2.560829	1.000000
4.059186	0.818666	3.387182	1.000000
3.272996	6.004123	2.588229	1.000000
3.202419	3.783357	0.871887	1.000000
0.852543	6.708580	1.738872	1.000000
4.183032	4.599463	5.204793	1.000000
2.700244	7.617191	3.413551	1.000000
2.073414	2.542607	1.715487	1.000000
0.885114	0.920808	4.427829	1.000000
6.524093	2.830666	0.807781	1.000000
3.629076	7.157086	6.741587	1.000000
0.615433	5.298077	5.683575	1.000000
7.881370	1.525769	0.860793	1.000000
2.351223	1.795674	0.041976	1.000000
3.839908	2.442784	1.988222	1.000000
3.633726	4.865185	0.912252	1.000000
3.517566	1.559308	5.103829	1.000000
2.537695	2.831881	6.448937	1.000000
0.453706	2.563056	3.476180	1.000000
3.908496	6.401212	1.761106	1.000000
3.240926	1.385854	6.050461	1.000000
7.839624	2.914536	4.254319	1.000000
2.692189	6.897105	3.982843	1.000000
6.934961	1.610329	2.564293	1.000000
4.772211	1.527027	7.234935	1.000000
2.057419	6.618445	0.038484	1.000000
7.525450	0.907944	0.000913	1.000000
5.932306	3.306174	0.096166	1.000000
3.968991	3.531589	1.770627	1.000000
3.914134	7.488431	0.027480	1.000000
5.051584	5.385616	0.000861	1.000000
0.742686	0.492551	5.541044	1.000000
0.884020	2.289438	4.847965	1.000000
5.283065	0.013208	4.652756	1.000000
3.963982	7.600361	1.907758	1.000000
2.988611	2.294528	2.310377	1.000000
7.880616	7.748306	0.064821	1.000000
0.937017	3.603330	6.405057	1.000000
7.659984	2.468101	2.537469	1.000000
1.678126	0.498662	0.005211	1.000000
1.243108	5.742086	3.334653	1.000000
7.448917	5.823454	4.157300	1.000000
2.072648	7.958743	4.138298	1.000000
1.223435	3.376732	5.421293	1.000000
6.115859	3.968077	5.604034	1.000000
6.062475	0.705130	2.795155	1.000000
4.830697	0.505350	1.660778	1.000000
1.623979	6.270575	7.193271	1.000000
7.781260	7.897887	1.658309	1.000000
4.973346	6.345383	1.743434	1.000000
3.350498	1.649147	0.046881	1.000000
5.874233	5.085923	3.058555	1.000000
3.507799	6.975693	1.022149	1.000000
1.185853	0.325264	2.429048	1.000000
2.310817	7.229760	0.803477	1.000000
2.757522	2.009526	4.280929	1.000000
7.895367	6.752644	0.066825	1.000000
4.447812	7.791242	6.315610	1.000000
7.251902	7.812734	0.856533	1.000000
4.833030	7.229031	4.437520	1.000000
7.608268	0.930509	3.618917	1.000000
7.401533	7.659996	6.606965	1.000000
1.399323	5.769400	4.415403	1.000000
3.787118	2.557967	5.202805	1.000000
2.061943	1.903838	6.898364	1.000000
4.463210	1.621465	3.472603	1.000000
4.126874	5.718943	3.486003	1.000000
7.148836	5.780031	0.026391	1.000000
0.594234	4.909603	3.212966	1.000000
6.908098	4.931008	3.730475	1.000000
0.105647	2.802394	6.108048	1.000000
5.796652	0.407536	3.944838	1.000000
2.283046	7.004187	2.524388	1.000000
1.739497	5.258777	2.576016	1.000000
1.922674	6.791807	1.705124	1.000000
4.281207	3.974378	2.573435	1.000000
0.787334	7.768624	1.629718	1.000000
3.922048	1.936873	0.932224	1.000000
7.058147	6.768411	4.141728	1.000000
6.806483	0.179676	1.771453	1.000000
1.844122	4.089288	6.852465	1.000000
4.953110	6.793002	6.168096	1.000000
2.772900	3.615206	0.061391	1.000000
6.983042	7.391893	0.012205	1.000000
6.510373	1.158828	1.752642	1.000000
4.155834	6.458524	2.712747	1.000000
5.023874	5.812869	5.790905	1.000000
6.905749	1.150931	4.932709	1.000000
1.274802	4.468526	6.112008	1.000000
2.577990	0.844541	0.031780	1.000000
5.012844	4.300327	8.058135	1.000000
2.883373	7.550577	1.612719	1.000000
7.543510	0.428654	5.509177	1.000000
0.960367	1.476942	5.509143	1.000000
5.229799	7.875062	0.875340	1.000000
0.780413	7.527677	0.000244	1.000000
0.698639	2.353351	2.606224	1.000000
5.313351	1.170846	5.415453	1.000000
7.099373	2.087986	4.382685	1.000000
7.340411	5.559619	2.230962	1.000000
4.532568	7.888520	5.240971	1.000000
6.300095	0.220265	5.042275	1.000000
7.149892	0.583417	2.869608	1.000000
7.795441	1.671700	7.155391	1.000000
5.967192	6.426862	1.779595	1.000000
2.730959	7.947877	7.167178	1.000000
7.154160	3.681127	4.457070	1.000000
6.812250	5.281259	4.965352	1.000000
0.964410	1.191019	7.298618	1.000000
2.302036	4.197903	0.758360	1.000000
3.072035	5.026271	2.432965	1.000000
2.913158	4.546943	1.443196	1.000000
6.659898	1.189077	7.127386	1.000000
7.300216	2.105751	1.728104	1.000000
3.451871	5.342442	4.216167	1.000000
6.108048	5.458813	5.785688	1.000000
4.935697	0.416297	3.407134	1.000000
2.561901	7.497604	4.868349	1.000000
0.021084	1.133263	5.021408	1.000000
2.338562	4.429342	2.688987	1.000000
1.604423	0.857875	3.573893	1.000000
1.089098	0.227691	0.754690	1.000000
0.740865	2.184637	0.781527	1.000000
3.626733	4.800145	3.314801	1.000000
3.472511	4.922737	7.203356	1.000000
2.374370	4.648801	5.626309	1.000000
4.559030	6.204287	4.299127	1.000000
6.156157	2.373747	1.659754	1.000000
0.434786	0.788153	1.661327	1.000000
0.094671	0.365802	2.535110	1.000000
2.830645	3.987014	7.085361	1.000000
6.620015	5.303976	8.091897	1.000000
6.904339	7.229671	1.759213	1.000000
7.386009	5.898422	5.288003	1.000000
6.648258	6.891821	7.078200	1.000000
5.208235	3.935886	4.862940	1.000000
2.292725	6.538936	4.997954	1.000000
3.527137	0.490658	0.044841	1.000000
3.485203	4.333463	4.275279	1.000000
7.720691	6.656115	1.784013	1.000000
6.670112	6.525619	2.436457	1.000000
3.654993	0.491572	1.937162	1.000000
5.422216	6.409689	0.110510	1.000000
0.285532	2.011690	1.603234	1.000000
6.188882	6.069822	0.961431	1.000000
3.014371	2.580637	0.107799	1.000000
7.777258	6.686416	6.687577	1.000000
3.027973	5.318275	5.299688	1.000000
6.455509	7.714042	2.580715	1.000000
4.473182	6.920685	0.932586	1.000000
2.051912	2.683383	0.031329	1.000000
5.352085	1.359506	3.373055	1.000000
1.226141	4.237693	2.564479	1.000000
2.156224	4.913717	4.358520	1.000000
4.268220	5.401577	1.552713	1.000000
4.891216	1.331300	4.243678	1.000000
5.677608	7.397500	6.852550	1.000000
4.042865	2.008651	6.087732	1.000000
3.369831	6.893218	5.244608	1.000000
3.256010	2.861475	3.528283	1.000000
0.945794	3.689426	1.624017	1.000000
6.144890	1.225414	8.128386	1.000000
3.165691	3.896089	5.178739	1.000000
2.217501	6.948109	6.631699	1.000000
6.138814	3.784487	4.554919	1.000000
4.382973	3.727267	4.254155	1.000000
5.444215	1.490495	0.004062	1.000000
6.590033	2.527225	6.986338	1.000000
7.924812	4.693762	3.836821	1.000000
3.225868	5.918618	3.489455	1.000000
2.834826	2.710471	8.110752	1.000000
2.205433	0.056832	2.459071	1.000000
2.846648	7.638585	0.018719	1.000000
3.893601	4.579979	1.801860	1.000000
5.607217	0.272496	8.108490	1.000000
4.922898	6.324083	7.153514	1.000000
7.090534	4.026017	1.853419	1.000000
3.389312	3.159523	4.467271	1.000000
1.848907	3.727205	3.240526	1.000000
7.245697	1.911826	0.100639	1.000000
5.944752	7.421768	0.173125	1.000000
3.280279	0.056290	2.638306	1.000000
6.218863	2.293764	0.031866	1.000000
4.594345	2.713319	4.471641	1.000000
0.137797	2.067022	5.408804	1.000000
6.583284	7.032983	0.955730	1.000000
6.158458	5.003237	7.076951	1.000000
2.027689	4.757194	1.737216	1.000000
5.154676	4.778647	5.655520	1.000000
7.111250	2.856201	6.072123	1.000000
1.656820	2.335979	5.787142	1.000000
2.721960	0.547939	1.618250	1.000000
0.052379	6.922536	3.787467	1.000000
1.661652	7.087695	4.402799	1.000000
1.332650	7.234464	7.051237	1.000000
2.119907	5.567777	0.014556	1.000000
2.548408	5.295224	0.931091	1.000000
3.123938	0.447216	5.104930	1.000000
4.990055	3.239089	6.064662	1.000000
2.180681	0.221468	0.765883	1.000000
6.728552	1.818323	1.026639	1.000000
7.408696	3.552142	0.957650	1.000000
6.763592	5.766820	6.485587	1.000000
5.030812	0.209032	7.201367	1.000000
5.946564	5.231061	4.201775	1.000000
6.800652	5.586529	2.972625	1.000000
4.886148	7.346195	0.150693	1.000000
2.069920	1.897737	4.884373	1.000000
1.602275	0.856957	5.112404	1.000000
4.363450	0.600172	4.550271	1.000000
4.305710	1.362457	0.030567	1.000000
2.700848	2.056468	0.908097	1.000000
6.310604	4.110122	3.389294	1.000000
0.493886	7.362621	5.149115	1.000000
5.984381	4.753465	5.023597	1.000000
1.301098	1.794931	1.789399	1.000000
2.083832	3.192831	4.923489	1.000000
2.694579	6.340687	0.941041	1.000000
4.402566	4.859980	3.945970	1.000000
1.099270	4.752241	1.744374	1.000000
5.112615	1.048652	2.472431	1.000000
7.182837	2.080511	5.345207	1.000000
7.154533	4.943171	5.825545	1.000000
1.315558	7.955115	4.903269	1.000000
6.585567	3.985140	7.000014	1.000000
7.225827	2.765319	3.388485	1.000000
7.168793	2.889066	0.019212	1.000000
0.045333	2.795050	0.037768	1.000000
3.759167	3.762721	3.513663	1.000000
5.581277	2.991673	7.106789	1.000000
1.139728	5.513552	0.040026	1.000000
7.676147	7.810532	3.752273	1.000000
2.005789	1.064999	2.588802	1.000000
0.210928	4.101101	1.115567	1.000000
0.470246	5.356440	2.310630	1.000000
5.981876	0.879671	1.009807	1.000000
6.590146	0.667915	5.907687	1.000000
1.265131	6.192096	2.445249	1.000000
3.040923	1.024973	2.465110	1.000000
7.491822	7.101377	5.043931	1.000000
1.599391	3.583749	0.033184	1.000000
1.295964	7.179869	2.423275	1.000000
4.122240	5.655601	5.184781	1.000000
7.665763	4.831446	0.001437	1.000000
0.168155	3.910551	4.559598	1.000000
6.645875	0.200442	6.976621	1.000000
3.853431	0.111456	7.137735	1.000000
0.136351	7.253271	0.961863	1.000000
3.798030	2.142353	2.962849	1.000000
0.539119	3.223309	0.894253	1.000000
2.383483	2.618207	3.184667	1.000000
5.459199	7.564101	3.584802	1.000000
7.603366	1.881132	3.390915	1.000000
5.719357	4.860359	0.731095	1.000000
0.209726	6.233845	2.581151	1.000000
2.728466	0.675159	3.351097	1.000000
3.085244	6.697013	0.061987	1.000000
4.598723	4.520497	0.056841	1.000000
5.341523	7.872456	2.479182	1.000000
5.716619	1.151982	6.756714	1.000000
3.779257	6.810717	3.698831	1.000000
6.024342	5.572475	0.045634	1.000000
4.530967	0.410526	0.100692	1.000000
3.084685	5.760739	0.034145	1.000000
6.122938	3.127840	6.104805	1.000000
7.758977	3.736695	6.291453	1.000000
0.258946	6.643070	5.786920	1.000000
7.945588	1.407319	2.626917	1.000000
5.880711	6.065275	3.037971	1.000000
7.064762	0.268806	4.392258	1.000000
0.994286	2.702792	1.654255	1.000000
1.408969	2.831598	3.340636	1.000000
3.759040	3.328077	0.285198	1.000000
4.817004	2.043403	2.636382	1.000000
7.341787	6.449320	3.272612	1.000000
7.683203	4.899008	1.615571	1.000000
0.651123	7.643165	3.107142	1.000000
2.853988	1.164020	0.904741	1.000000
6.487885	2.924143	4.116476	1.000000
5.854131	0.445964	1.822103	1.000000
1.897516	1.250780	0.732317	1.000000
2.984855	4.672984	8.150330	1.000000
1.760835	7.818968	1.618036	1.000000
1.510915	3.159722	0.902297	1.000000
0.718698	4.654201	0.064707	1.000000
1.612421	4.070571	4.148620	1.000000
5.690860	0.241099	6.136267	1.000000
0.516523	0.214427	7.254637	1.000000
3.122627	6.262382	6.011956	1.000000
1.703857	2.516471	4.305304	1.000000
1.658618	4.728033	3.389136	1.000000
7.341688	1.219917	6.186544	1.000000
3.249724	3.590555	6.062870	1.000000
2.879323	1.688339	3.160892	1.000000
5.070687	0.992939	0.762838	1.000000
3.351713	4.084869	2.602391	1.000000
6.297189	6.982529	3.290720	1.000000
6.287304	5.528706	2.161514	1.000000
5.636345	3.540063	8.136667	1.000000
2.064455	5.825878	1.676480	1.000000
1.659765	6.971817	3.358254	1.000000
2.071906	1.677366	3.683101	1.000000
1.701984	6.138976	6.087627	1.000000
4.888022	3.414955	1.595417	1.000000
2.139579	0.170704	5.506164	1.000000
4.595067	7.189210	7.183943	1.000000
7.034173	3.015553	1.672870	1.000000
7.851158	5.816581	6.193340	1.000000
2.272837	6.056467	2.811368	1.000000
1.774844	0.279185	6.798415	1.000000
6.229374	7.969825	0.877688	1.000000
3.783579	7.551606	4.673963	1.000000
5.719935	5.879355	4.874295	1.000000
3.995062	0.838274	1.021208	1.000000
5.423872	5.116363	2.191276	1.000000
