512
0.000000 8.000000
0.000000 8.000000
0.000000 8.000000
6.009960	0.814237	7.197369	1.000000
5.273973	7.006611	3.542537	1.000000
0.871608	1.228008	0.803487	1.000000
4.636695	6.162842	0.849904	1.000000
7.453793	5.034746	7.067152	1.000000
2.922561	7.290309	2.649236	1.000000
7.492268	3.589673	0.664533	1.000000
0.467142	3.674462	0.036627	1.000000
5.746837	5.094415	5.532183	1.000000
7.571102	7.433956	5.063257	1.000000
5.007832	6.034115	5.388252	1.000000
5.988305	4.732533	2.619967	1.000000
2.105588	0.027723	5.570027	1.000000
0.119519	4.100174	2.540777	1.000000
4.119506	0.786289	4.039289	1.000000
7.638931	0.835984	1.625824	1.000000
4.162460	7.725354	0.929189	1.000000
4.825516	2.556614	3.398106	1.000000
7.809497	2.748757	1.652347	1.000000
3.418704	4.615029	7.025379	1.000000
6.979676	0.016231	6.981180	1.000000
0.889331	6.968658	3.545083	1.000000
4.441622	5.370819	3.293965	1.000000
6.395672	6.307405	0.116378	1.000000
3.153574	2.647217	1.057317	1.000000
2.751868	5.720545	3.950890	1.000000
7.364185	2.478515	6.749538	1.000000
1.060626	5.857660	1.716260	1.000000
7.841349	4.973989	3.082077	1.000000
3.884266	6.311296	8.044043	1.000000
5.586466	2.479228	0.781754	1.000000
4.409624	6.270452	3.852748	1.000000
1.593356	0.725281	6.018878	1.000000
7.468311	1.987316	5.196482	1.000000
7.304787	5.438740	3.778667	1.000000
6.395312	3.620428	0.758148	1.000000
1.856333	5.586480	4.223510	1.000000
1.490460	0.775282	1.611420	1.000000
5.203016	5.030802	0.703386	1.000000
4.929945	3.192433	0.878349	1.000000
4.746311	7.125812	1.483839	1.000000
3.221734	1.492620	1.738718	1.000000
1.700943	1.702512	4.564861	1.000000
1.844168	1.454502	2.158304	1.000000
5.723059	0.588713	0.127405	1.000000
3.320743	4.719123	5.942109	1.000000
4.198229	2.580089	0.562431	1.000000
1.276062	1.613540	0.035871	1.000000
4.918967	4.554638	6.537601	1.000000
1.000841	6.690634	0.029059	1.000000
6.044387	3.807457	2.786381	1.000000
3.088402	7.910433	0.746804	1.000000
4.935530	2.585255	1.616809	1.000000
5.682397	3.196534	3.517596	1.000000
7.351225	2.488946	0.716929	1.000000
5.577717	4.033437	0.964218	1.000000
4.808379	3.314373	6.950668	1.000000
7.932752	5.641979	0.046814	1.000000
5.859407	6.058976	4.911690	1.000000
5.851342	4.257637	0.050255	1.000000
5.459780	1.664362	1.455341	1.000000
5.937881	2.682706	4.341820	1.000000
3.502148	3.871247	3.867756	1.000000
6.663728	5.097361	1.744990	1.000000
3.386360	7.134634	4.880717	1.000000
1.318925	2.053820	6.074309	1.000000
7.089588	6.211605	4.839155	1.000000
3.265331	5.440696	1.591482	1.000000
5.894142	7.428317	1.593918	1.000000
3.935235	0.034461	2.414909	1.000000
7.163873	3.568447	2.552638	1.000000
3.260263	3.513632	5.387807	1.000000
3.853355	1.989750	4.263178	1.000000
5.723722	7.061376	2.506733	1.000000
5.545207	2.188968	7.089391	1.000000
1.699150	4.139881	7.202950	1.000000
7.879336	3.634983	5.988261	1.000000
2.422464	3.483699	2.505704	1.000000
3.778284	1.552472	5.663124	1.000000
3.700455	5.432619	0.014800	1.000000
7.330993	1.337279	5.949327	1.000000
4.963366	6.183745	3.019565	1.000000
5.322487	2.767073	5.291750	1.000000
4.708948	1.899729	2.272464	1.000000
5.562243	6.693840	1.000358	1.000000
1.090900	4.006280	0.842903	1.000000
2.484267	2.934398	7.219669	1.000000
6.257676	1.316001	3.373641	1.000000
1.410596	2.041162	1.489126	1.000000
2.182161	2.440141	3.229092	1.000000
0.004275	0.487503	0.816572	1.000000
3.909992	4.920266	2.105762	1.000000
2.795652	6.481480	1.202030	1.000000
1.501336	2.899834	4.783677	1.000000
0.233599	6.897490	2.492562	1.000000
1.227247	7.057329	0.874740	1.000000
1.750331	6.272306	3.474655	1.000000
4.492435	5.064354	5.532997	1.000000
0.168309	0.934378	3.971256	1.000000
0.032202	6.262067	3.139637	1.000000
7.666026	1.940207	4.108758	1.000000
1.931813	4.405195	0.247467	1.000000
0.149880	3.076963	2.602449	1.000000
7.365848	3.072632	5.275378	1.000000
6.972728	0.791515	0.811171	1.000000
0.500505	5.192278	0.792356	1.000000
4.941560	2.583740	0.000632	1.000000
5.824516	4.152816	3.624785	1.000000
0.492345	5.146575	7.284185	1.000000
5.372846	2.636656	2.571749	1.000000
2.623453	1.681563	7.183973	1.000000
0.569798	0.653558	0.034580	1.000000
1.791590	6.211100	6.221275	1.000000
6.811973	4.750641	6.267716	1.000000
6.791660	5.132353	4.800099	1.000000
7.655903	3.877832	3.493161	1.000000
4.444583	3.505224	5.326794	1.000000
7.412735	5.379233	0.919832	1.000000
7.492077	5.468997	5.467695	1.000000
3.532441	5.992940	0.871488	1.000000
5.680344	1.734586	4.246017	1.000000
4.556632	1.913719	1.002035	1.000000
1.583431	4.310207	2.023866	1.000000
0.084777	5.795742	1.570939	1.000000
0.535398	0.013031	3.840857	1.000000
2.974646	1.606419	4.562228	1.000000
6.542401	1.262008	0.004663	1.000000
1.287385	4.862486	4.396223	1.000000
3.559702	0.079651	3.520237	1.000000
1.411711	5.089466	1.073072	1.000000
2.333101	3.080018	1.424350	1.000000
0.628495	1.711275	4.197428	1.000000
7.402513	6.282943	0.517497	1.000000
4.268173	1.317747	1.686489	1.000000
4.410092	7.661532	3.267922	1.000000
0.946243	1.422714	3.295062	1.000000
0.410131	6.235476	0.731611	1.000000
5.474871	5.714457	1.330789	1.000000
2.168373	2.637185	6.282788	1.000000
0.244507	0.252757	7.143274	1.000000
0.248399	5.353192	3.967542	1.000000
2.733975	5.050381	0.118399	1.000000
0.697336	4.291772	3.744218	1.000000
7.541521	6.008905	6.469822	1.000000
1.449112	7.896353	3.419081	1.000000
3.830274	2.816373	3.408084	1.000000
1.494411	7.635328	0.110082	1.000000
3.379241	2.407674	0.007599	1.000000
7.092733	4.448431	0.877711	1.000000
3.567885	4.435454	0.027880	1.000000
4.778650	3.568679	0.045380	1.000000
3.984648	6.301879	0.016849	1.000000
0.918119	6.637625	5.151238	1.000000
3.460264	5.797087	6.762119	1.000000
0.212389	1.725752	5.836573	1.000000
6.940998	4.151717	0.013813	1.000000
2.435483	6.319681	8.065342	1.000000
6.062269	7.872303	5.194447	1.000000
6.605223	2.193171	5.903449	1.000000
0.812678	3.313623	7.117377	1.000000
6.555729	0.446459	3.401322	1.000000
4.915742	4.607852	2.936890	1.000000
5.237352	7.022220	5.418724	1.000000
6.562856	5.662691	6.793555	1.000000
3.998855	4.198894	4.826548	1.000000
7.236934	6.287152	1.447205	1.000000
2.241492	3.553601	4.251100	1.000000
6.397263	4.082130	1.760008	1.000000
3.839304	6.658993	6.892452	1.000000
4.488949	4.092963	3.659351	1.000000
5.808664	3.183312	1.786353	1.000000
4.500896	0.593751	3.055819	1.000000
5.973592	6.989768	4.198635	1.000000
2.705726	5.770062	5.840712	1.000000
0.218133	5.325223	6.132584	1.000000
5.941646	7.378291	6.071641	1.000000
0.846363	2.604156	0.058024	1.000000
7.328896	7.525084	2.700247	1.000000
3.013390	0.591428	5.269810	1.000000
4.726114	4.568084	1.499726	1.000000
1.417562	6.050344	0.813280	1.000000
0.197544	1.921870	0.034976	1.000000
3.330520	3.391312	2.068592	1.000000
3.404926	6.446143	4.126036	1.000000
4.917888	4.383098	4.555575	1.000000
5.518999	6.279117	8.119286	1.000000
1.548339	3.393199	2.148864	1.000000
2.459903	5.898609	7.079269	1.000000
3.207953	2.123678	6.388019	1.000000
0.788719	6.670816	6.175363	1.000000
6.579017	0.212139	0.003034	1.000000
1.303050	7.852141	4.539382	1.000000
5.690850	4.774596	1.555502	1.000000
0.921830	6.099539	4.053806	1.000000
4.256649	2.801456	2.380915	1.000000
4.125943	3.885907	0.683399	1.000000
0.618441	4.520783	5.720024	1.000000
5.818365	2.225836	3.395905	1.000000
3.225392	1.135860	3.376204	1.000000
3.223561	6.194547	2.204984	1.000000
3.272462	3.621390	0.951461	1.000000
0.951050	6.910698	1.825152	1.000000
4.036596	5.861600	4.708423	1.000000
3.058827	7.230787	3.679777	1.000000
1.819160	2.482832	2.289980	1.000000
1.092257	0.876587	5.028312	1.000000
6.857615	3.156918	1.526910	1.000000
3.022128	7.808577	6.754566	1.000000
1.171638	5.405779	5.675061	1.000000
7.688569	1.569508	0.955857	1.000000
2.365776	1.979705	0.058400	1.000000
3.838881	2.224372	1.714359	1.000000
3.975101	4.981361	0.776134	1.000000
3.244760	2.431136	5.450524	1.000000
1.621598	4.051911	4.961263	1.000000
1.118211	2.680702	2.972002	1.000000
4.005194	6.484637	1.650602	1.000000
3.338230	0.992154	6.527537	1.000000
7.657182	2.893533	3.577414	1.000000
3.048161	6.148133	5.075285	1.000000
6.835813	1.441847	2.552257	1.000000
4.137092	2.635417	7.298284	1.000000
1.974864	6.601510	0.015826	1.000000
7.690846	1.069705	0.050251	1.000000
5.767541	3.326149	0.001410	1.000000
4.074485	3.160795	1.441789	1.000000
3.817661	7.267264	0.021118	1.000000
4.726160	5.596433	0.037449	1.000000
0.901288	0.164587	5.639732	1.000000
1.314600	2.354910	3.812516	1.000000
5.384405	0.641558	4.939659	1.000000
3.504757	7.526608	1.688674	1.000000
2.760094	2.457526	2.254396	1.000000
7.503623	0.040764	0.000024	1.000000
0.153181	2.672503	5.649505	1.000000
7.283493	2.487702	2.609782	1.000000
1.561256	0.599385	0.083742	1.000000
1.197714	5.481198	3.275977	1.000000
0.686588	5.638407	4.870407	1.000000
2.502320	7.795819	4.582191	1.000000
0.167829	4.379033	4.821295	1.000000
6.054832	4.046714	5.620773	1.000000
5.893895	0.794453	2.558527	1.000000
4.526487	0.414389	1.502058	1.000000
1.524500	6.161887	7.167947	1.000000
7.773556	7.647985	1.821091	1.000000
5.212120	6.427707	1.934143	1.000000
3.525991	1.317499	0.016408	1.000000
5.371447	5.233569	3.428676	1.000000
3.652010	6.891392	0.889542	1.000000
1.167305	0.783249	2.480295	1.000000
2.250073	7.330421	0.853921	1.000000
3.328050	2.896452	4.461719	1.000000
7.996922	6.805991	0.001147	1.000000
4.732279	7.140536	6.351350	1.000000
7.254952	7.595189	0.923927	1.000000
5.963550	0.004288	4.038111	1.000000
7.255584	0.848719	4.216375	1.000000
1.595369	1.425618	6.819356	1.000000
2.066065	5.289526	5.222980	1.000000
4.227744	2.515584	5.269559	1.000000
0.476077	2.090556	6.801196	1.000000
4.354317	1.527259	3.411136	1.000000
4.187651	5.861191	2.392624	1.000000
6.983403	5.411895	0.022294	1.000000
1.076061	4.534282	2.897281	1.000000
6.315878	4.944960	3.815920	1.000000
0.165505	4.129387	6.922021	1.000000
6.237600	0.860536	4.213250	1.000000
1.951248	7.048099	2.379670	1.000000
1.546596	5.247055	2.371345	1.000000
1.828427	6.479967	1.535987	1.000000
4.405329	3.921595	2.181602	1.000000
0.644766	0.032144	1.661638	1.000000
3.522547	1.783591	0.885757	1.000000
6.392949	7.258894	3.364741	1.000000
6.823595	0.173536	1.651256	1.000000
2.612655	3.590613	6.266738	1.000000
5.573201	6.367450	6.937335	1.000000
2.739528	3.942521	0.023899	1.000000
6.929394	7.198029	0.050057	1.000000
6.571269	1.125161	1.649627	1.000000
4.374391	6.931782	2.472716	1.000000
4.479716	5.934034	6.349096	1.000000
7.338968	1.257346	3.350122	1.000000
1.692153	4.393355	6.137750	1.000000
2.532211	0.846199	0.002211	1.000000
4.957098	4.109995	8.163805	1.000000
2.590201	7.835278	1.748565	1.000000
6.452358	0.634332	6.200102	1.000000
0.924046	2.034128	5.183781	1.000000
5.232279	7.862731	0.962837	1.000000
0.447991	7.692145	0.039793	1.000000
0.067918	2.006008	3.112575	1.000000
5.687360	1.362552	6.322919	1.000000
6.756634	1.700136	4.439155	1.000000
7.446699	5.575605	2.323714	1.000000
4.021855	7.935048	4.862782	1.000000
6.305535	6.913933	5.127269	1.000000
7.252707	0.556340	2.577717	1.000000
7.719062	1.266483	6.840604	1.000000
6.209953	6.369851	1.682619	1.000000
3.216063	7.775494	5.783036	1.000000
7.024391	4.075132	5.452178	1.000000
7.931545	6.354430	4.251666	1.000000
7.886199	1.245424	5.016407	1.000000
2.071610	3.859537	0.970842	1.000000
2.987577	5.002066	2.351598	1.000000
2.661640	4.019037	1.678842	1.000000
5.514774	0.037037	6.786182	1.000000
7.039673	2.078956	1.713176	1.000000
3.537001	5.566361	3.083642	1.000000
6.560167	5.650160	5.702567	1.000000
5.057201	0.546177	3.922065	1.000000
2.442535	6.759107	4.187534	1.000000
0.370041	2.535390	4.495400	1.000000
2.202052	4.372652	2.751477	1.000000
1.350492	0.744894	4.130606	1.000000
1.124346	0.162645	0.820718	1.000000
0.513824	2.100106	1.067112	1.000000
2.941751	4.743821	3.587168	1.000000
4.176188	4.153936	6.017902	1.000000
2.525956	4.286946	5.484180	1.000000
4.614948	6.843251	4.656343	1.000000
6.208941	2.372011	1.524088	1.000000
0.647436	1.244266	1.713185	1.000000
0.422553	0.052830	2.878012	1.000000
1.525275	2.438249	7.179090	1.000000
7.129274	4.884820	8.076434	1.000000
6.858144	7.034840	1.886800	1.000000
0.025790	6.731961	5.542839	1.000000
6.252231	7.171533	7.069597	1.000000
5.044325	4.283528	5.607587	1.000000
2.069905	6.376175	5.108000	1.000000
3.593156	0.269260	0.024628	1.000000
3.802935	4.904827	3.950965	1.000000
0.084537	6.753591	1.536497	1.000000
6.249207	6.432763	2.998686	1.000000
3.442971	0.466913	1.664163	1.000000
5.380888	6.409101	0.089246	1.000000
7.876347	1.705437	2.022681	1.000000
6.501069	5.807589	0.983121	1.000000
2.478016	2.914780	0.245244	1.000000
0.249662	7.430027	6.418078	1.000000
3.154465	5.158028	4.959882	1.000000
6.338750	7.829111	2.466435	1.000000
4.667393	7.084925	0.500957	1.000000
1.580017	2.367536	0.617251	1.000000
5.242759	1.389703	3.038872	1.000000
0.925196	3.630998	2.855267	1.000000
2.326994	4.611253	4.532707	1.000000
4.458414	5.559590	1.541072	1.000000
4.809412	1.289174	4.442356	1.000000
4.051077	0.514822	7.072914	1.000000
5.007307	1.756297	5.425981	1.000000
4.033234	6.698506	5.433381	1.000000
2.930022	3.113332	3.450462	1.000000
0.712831	3.747560	1.822464	1.000000
5.606965	7.226196	8.104998	1.000000
1.268897	5.082752	6.671661	1.000000
2.388996	0.452814	6.951219	1.000000
5.446229	3.444923	4.566711	1.000000
4.933878	3.467919	2.968495	1.000000
5.577870	1.624506	0.103658	1.000000
6.832554	3.407991	6.153885	1.000000
7.470286	4.458631	4.163280	1.000000
2.782237	6.283669	3.049235	1.000000
2.615933	2.001152	8.315866	1.000000
1.906516	0.062873	2.378543	1.000000
2.534843	7.850209	0.030863	1.000000
3.549607	4.300319	1.547232	1.000000
4.811433	0.164371	8.022443	1.000000
2.439967	4.958408	6.444617	1.000000
7.132340	4.480640	2.374426	1.000000
4.297194	3.280365	4.219784	1.000000
1.856634	3.447218	3.337179	1.000000
7.187515	1.923864	0.007307	1.000000
5.780854	7.288971	0.048625	1.000000
2.991575	0.385864	2.701820	1.000000
6.294302	2.366727	0.087120	1.000000
4.795215	2.482755	4.503851	1.000000
0.593247	3.437693	5.023475	1.000000
6.552836	6.827321	0.949041	1.000000
5.237289	5.446492	7.056321	1.000000
2.298067	5.119385	1.734036	1.000000
5.857332	6.380606	5.947633	1.000000
7.606102	3.494004	4.382662	1.000000
1.145035	3.460790	6.122262	1.000000
2.448877	0.772804	1.931981	1.000000
0.558063	7.129286	4.462174	1.000000
1.493127	6.896903	4.266556	1.000000
2.173903	6.920971	6.965993	1.000000
1.820834	5.581874	0.001430	1.000000
2.906831	4.525849	0.885654	1.000000
3.139872	0.632649	4.287258	1.000000
3.437368	3.587330	7.090034	1.000000
2.061211	0.355399	0.925605	1.000000
6.614722	1.699533	0.860768	1.000000
7.648471	3.811401	1.702714	1.000000
6.448378	4.747561	7.161801	1.000000
4.901479	0.129713	5.554966	1.000000
5.985617	4.508565	4.633950	1.000000
6.660334	5.565063	2.942336	1.000000
5.039419	7.879416	0.001831	1.000000
2.596770	7.068428	5.427474	1.000000
2.213926	0.812852	4.520538	1.000000
4.311424	0.846319	5.172097	1.000000
4.489584	1.725609	0.045655	1.000000
2.413423	2.045935	1.337059	1.000000
6.898857	4.403889	3.280527	1.000000
7.745167	0.396960	6.198242	1.000000
5.606378	4.165249	7.094409	1.000000
0.771570	1.867702	2.466524	1.000000
2.336617	3.151088	5.323654	1.000000
2.365633	5.615617	0.893277	1.000000
3.914467	4.546076	3.020146	1.000000
0.771035	4.743168	1.679608	1.000000
4.947517	0.930490	2.250614	1.000000
6.950851	2.718056	4.453480	1.000000
6.266219	3.191851	5.229497	1.000000
0.253276	0.175022	4.747362	1.000000
7.286707	3.620016	7.168254	1.000000
6.676581	3.265632	3.385061	1.000000
6.899188	3.098486	0.024067	1.000000
7.858434	2.967944	0.045707	1.000000
3.841937	3.606984	2.968705	1.000000
5.543572	3.337343	6.034711	1.000000
0.914835	5.728903	0.021960	1.000000
7.650960	0.309855	3.487068	1.000000
2.118867	0.802095	3.053588	1.000000
0.194521	4.332059	0.951039	1.000000
0.491822	5.640123	2.464969	1.000000
6.017255	1.018751	0.877180	1.000000
6.090713	1.182799	5.266823	1.000000
1.281831	6.429344	2.589626	1.000000
2.729412	1.590869	2.640482	1.000000
7.134669	7.656101	5.831554	1.000000
1.541049	3.388164	0.013109	1.000000
1.162234	7.516564	2.511528	1.000000
3.757710	5.623379	5.621426	1.000000
7.821175	4.480487	0.050437	1.000000
0.482859	3.339562	3.688345	1.000000
4.751350	7.039403	7.407532	1.000000
4.113610	0.465840	6.020793	1.000000
0.238656	7.526967	0.945568	1.000000
3.776908	1.016538	2.530725	1.000000
0.294706	3.235756	0.973256	1.000000
3.646165	2.063766	2.807947	1.000000
5.569248	0.005342	3.089536	1.000000
6.840493	2.176340	3.441912	1.000000
6.239145	4.916677	0.732106	1.000000
7.179255	6.471747	2.611674	1.000000
2.565957	0.064959	3.520953	1.000000
2.902517	6.930746	0.035366	1.000000
4.614386	4.578445	0.093643	1.000000
4.971737	7.801855	2.204637	1.000000
5.943959	3.240641	6.930519	1.000000
3.775133	6.520356	3.083445	1.000000
5.828291	5.402895	0.017098	1.000000
4.687890	0.781655	0.001189	1.000000
2.809471	5.971120	0.065293	1.000000
6.647527	1.581138	6.765178	1.000000
7.065053	6.574189	5.824009	1.000000
0.531249	6.064215	6.956004	1.000000
0.125559	0.971631	2.601950	1.000000
6.295828	5.936019	4.010444	1.000000
6.979886	7.399404	4.280427	1.000000
0.774713	2.752072	1.970598	1.000000
2.365215	2.486434	4.392019	1.000000
3.590219	3.412781	0.001516	1.000000
5.898127	1.781969	2.245984	1.000000
7.061551	6.462989	3.591855	1.000000
7.842693	4.855014	1.720597	1.000000
7.945909	7.174117	3.400273	1.000000
2.916205	0.929478	0.909178	1.000000
6.598215	3.786435	4.297204	1.000000
5.807600	0.460810	1.562519	1.000000
1.930807	1.350625	0.726728	1.000000
1.274452	5.322698	8.033340	1.000000
1.572287	7.718456	1.593927	1.000000
1.360114	3.157740	1.259314	1.000000
0.966182	4.653691	0.001692	1.000000
1.273591	3.688118	4.172246	1.000000
5.096951	7.605846	4.267124	1.000000
0.686701	1.059414	6.487904	1.000000
3.189046	6.776065	6.242068	1.000000
2.020180	2.226393	5.367781	1.000000
1.868910	4.513098	3.651022	1.000000
6.979372	0.319049	5.063385	1.000000
4.015928	3.108277	6.199573	1.000000
3.059181	2.107794	3.633127	1.000000
4.997250	0.970877	0.913813	1.000000
3.054099	4.082291	2.875675	1.000000
5.354470	6.073615	4.021848	1.000000
5.844693	5.806410	2.356252	1.000000
6.409548	2.747294	8.216000	1.000000
2.214347	5.990092	2.350247	1.000000
2.035739	7.201056	3.326647	1.000000
2.042805	1.593749	3.613806	1.000000
1.315085	0.296851	6.910842	1.000000
5.402586	3.973153	2.154109	1.000000
1.641840	7.581513	6.278718	1.000000
4.649009	1.348258	6.979993	1.000000
6.366215	2.749814	2.495370	1.000000
7.337966	6.454142	7.311726	1.000000
2.217986	5.313034	3.057076	1.000000
2.380961	1.307693	5.880426	1.000000
6.226619	7.883445	0.782264	1.000000
3.989779	7.286669	4.030878	1.000000
4.910311	5.358090	4.525461	1.000000
3.928149	0.896158	0.776805	1.000000
5.044807	5.264954	2.285326	1.000000
