512
0.000000 8.000000
0.000000 8.000000
0.000000 8.000000
5.894337	1.823377	6.106875	1.000000
5.166835	6.990126	2.973316	1.000000
0.684889	1.165440	0.935098	1.000000
4.464427	6.044874	0.938857	1.000000
7.904133	4.232350	7.036418	1.000000
3.327758	6.717545	3.075619	1.000000
7.871650	3.836001	0.061361	1.000000
0.893795	3.450835	0.017224	1.000000
4.725499	2.549293	7.083567	1.000000
5.826058	6.091362	5.261253	1.000000
3.873550	7.010337	5.125512	1.000000
6.002413	5.048043	2.528697	1.000000
3.860138	1.041494	5.506609	1.000000
7.995898	3.791879	1.559793	1.000000
3.463538	0.367978	4.969201	1.000000
7.352758	0.780686	1.691815	1.000000
4.066313	7.967195	0.856576	1.000000
5.165700	2.338035	3.484726	1.000000
7.886476	2.751929	1.654930	1.000000
2.485447	5.349492	5.287371	1.000000
7.057211	7.747939	6.995505	1.000000
1.638459	6.073403	4.082690	1.000000
4.580321	5.462376	3.370872	1.000000
6.033757	6.216065	0.035300	1.000000
3.525470	3.141263	0.951897	1.000000
2.574938	5.868790	4.431047	1.000000
0.512183	3.219131	7.204050	1.000000
0.915776	5.279768	1.797169	1.000000
6.812785	4.550222	2.873746	1.000000
4.292810	0.447869	8.075921	1.000000
5.688730	1.788962	1.025627	1.000000
4.935223	5.910416	5.039959	1.000000
2.359892	1.890228	7.136598	1.000000
7.156585	1.399197	5.643516	1.000000
7.796037	5.150752	2.594111	1.000000
6.428920	3.773301	0.868862	1.000000
3.605567	5.686936	3.250069	1.000000
1.411171	0.314000	1.919409	1.000000
4.634842	5.023729	0.882148	1.000000
5.619650	2.885613	0.912498	1.000000
4.653749	7.306199	1.718680	1.000000
3.340303	0.804009	1.639401	1.000000
0.031684	1.568655	3.374404	1.000000
2.028086	1.547673	1.585260	1.000000
5.580836	0.529907	0.006004	1.000000
4.428064	3.140265	4.957132	1.000000
4.673996	3.040259	0.799719	1.000000
1.165035	1.376252	0.023090	1.000000
4.353132	4.450882	6.942367	1.000000
0.933800	6.572352	0.010139	1.000000
6.298980	3.750527	2.481720	1.000000
3.045437	0.120955	0.897941	1.000000
5.162313	2.327802	1.546589	1.000000
5.992314	1.604370	4.095366	1.000000
7.523717	2.473940	0.872282	1.000000
5.472079	4.162044	0.981858	1.000000
5.049293	1.529478	5.079611	1.000000
0.132227	5.993366	0.049792	1.000000
7.532825	7.541405	4.372225	1.000000
5.852953	4.303836	0.045401	1.000000
5.545474	1.669476	2.250186	1.000000
5.647988	2.593673	5.491794	1.000000
3.176439	4.154399	3.620378	1.000000
6.574646	4.840154	0.847219	1.000000
4.390396	7.000268	6.577660	1.000000
0.907081	1.457617	5.121690	1.000000
6.816034	6.074083	4.792199	1.000000
2.965357	5.512549	1.639187	1.000000
5.555284	7.862593	1.804629	1.000000
4.300134	0.058153	2.646791	1.000000
7.198814	3.614069	2.647716	1.000000
2.053759	3.064077	5.336711	1.000000
5.149662	2.327251	4.401264	1.000000
5.441657	6.191887	2.540737	1.000000
4.007179	0.565969	6.508756	1.000000
2.715111	3.290375	7.178403	1.000000
3.401448	4.165713	6.956902	1.000000
2.428468	2.897614	2.339614	1.000000
3.885823	2.501474	6.015162	1.000000
4.174133	5.446031	0.000199	1.000000
7.637650	7.933299	3.480244	1.000000
4.397968	5.948357	2.354169	1.000000
4.411632	2.859274	3.972010	1.000000
4.416763	3.116175	2.359481	1.000000
5.354580	7.048641	0.837902	1.000000
1.310449	3.947880	0.859662	1.000000
3.900544	1.972062	5.195541	1.000000
6.089689	2.112074	3.032005	1.000000
1.412960	1.910818	0.942370	1.000000
1.480496	2.080438	2.437115	1.000000
7.979771	0.459873	0.856654	1.000000
3.777606	5.036303	2.548903	1.000000
2.980621	6.587508	1.641904	1.000000
0.206439	3.129646	4.720171	1.000000
0.385859	6.891968	2.613627	1.000000
1.156033	7.004407	0.904810	1.000000
2.116039	6.963452	4.422202	1.000000
5.713573	5.084217	5.054677	1.000000
0.522909	0.424462	3.599299	1.000000
0.992622	6.445786	3.323155	1.000000
6.686695	7.978019	3.501561	1.000000
1.707832	4.533825	0.101086	1.000000
0.212492	3.185431	2.667609	1.000000
7.658957	3.291070	6.669339	1.000000
6.877244	0.586221	0.834380	1.000000
0.320611	5.373833	0.745889	1.000000
5.160839	2.607265	0.003924	1.000000
5.085304	3.336924	3.415393	1.000000
0.969389	4.152229	6.782446	1.000000
3.891803	3.320418	3.307512	1.000000
3.127775	0.156822	5.926788	1.000000
0.344904	0.713081	0.016935	1.000000
0.935791	5.556957	5.030498	1.000000
7.756665	4.621365	5.157803	1.000000
0.782422	4.437041	5.848052	1.000000
5.974529	4.189156	3.300210	1.000000
6.266458	4.219158	5.217690	1.000000
7.399240	5.429994	0.756927	1.000000
7.655060	2.334789	5.269035	1.000000
3.534700	6.158873	0.926272	1.000000
5.879486	0.940962	4.810161	1.000000
4.639373	1.955984	0.641957	1.000000
1.878319	3.493870	1.688977	1.000000
0.006259	4.904306	1.540141	1.000000
2.814674	7.325781	3.773962	1.000000
2.434096	1.302141	3.589595	1.000000
6.194249	1.338674	0.008409	1.000000
0.696165	5.084493	4.123672	1.000000
3.550767	0.578545	3.234390	1.000000
1.503370	4.964269	0.902955	1.000000
2.356036	2.973090	0.936474	1.000000
7.209316	2.917513	4.458179	1.000000
7.209213	6.593224	1.016476	1.000000
4.444538	1.498347	1.558514	1.000000
4.820150	7.484977	3.767871	1.000000
0.849979	1.153409	3.027739	1.000000
0.233714	6.413803	0.905148	1.000000
4.956716	5.521416	1.672097	1.000000
3.733988	3.567904	5.410672	1.000000
0.086924	7.892030	5.865417	1.000000
0.797074	4.943275	2.669594	1.000000
2.739343	4.273539	0.026532	1.000000
0.647604	3.794759	3.380841	1.000000
0.685189	6.166070	4.351198	1.000000
1.611359	7.681534	3.934606	1.000000
4.154035	2.391552	3.215283	1.000000
1.715711	7.450657	0.019154	1.000000
4.057320	2.505400	0.009633	1.000000
7.410934	4.392618	1.021887	1.000000
3.736868	4.600802	0.007841	1.000000
5.058729	3.694379	0.135566	1.000000
3.969514	6.506457	0.044383	1.000000
1.785726	6.259276	5.261959	1.000000
2.247767	5.365352	7.134785	1.000000
6.529836	2.865261	7.060630	1.000000
6.900507	4.146374	0.032928	1.000000
4.083423	5.641774	8.051249	1.000000
6.509447	7.268745	4.808595	1.000000
6.488575	2.107568	5.093997	1.000000
2.835981	2.348028	6.352981	1.000000
6.577194	0.302936	4.532964	1.000000
5.378609	3.844069	2.457010	1.000000
5.445753	7.106447	4.961963	1.000000
0.393748	5.315266	7.079993	1.000000
4.509727	4.133132	6.024477	1.000000
6.434486	5.862708	1.092677	1.000000
2.389915	3.109393	4.222304	1.000000
5.956483	3.217542	1.752747	1.000000
5.891400	5.784874	7.042864	1.000000
5.408484	3.504820	4.875129	1.000000
5.320323	2.683165	2.500993	1.000000
4.056870	1.039384	2.354557	1.000000
5.825100	7.378770	3.942345	1.000000
1.737373	5.200751	4.482466	1.000000
1.280032	5.593019	6.943203	1.000000
6.060973	7.108381	5.923674	1.000000
1.149810	2.369974	0.010710	1.000000
7.064412	7.221940	2.750265	1.000000
4.420408	7.806442	4.591669	1.000000
5.412551	4.588846	1.805713	1.000000
1.328996	6.040141	0.770947	1.000000
0.083944	1.728023	0.088716	1.000000
2.957604	3.503009	1.693488	1.000000
2.845621	6.390909	5.521376	1.000000
5.195834	6.369462	3.797056	1.000000
5.182950	5.147527	8.130990	1.000000
1.491469	3.049668	2.582631	1.000000
4.169676	5.213440	6.307269	1.000000
2.477377	0.272259	6.595370	1.000000
0.486350	0.029497	4.620722	1.000000
6.435385	0.076385	0.056732	1.000000
0.447892	0.839793	5.817307	1.000000
6.328931	4.348547	1.701797	1.000000
1.138220	6.632911	6.150689	1.000000
3.502010	2.710013	2.567571	1.000000
4.409084	3.973633	0.902838	1.000000
1.269447	4.383106	4.791274	1.000000
6.586699	2.780179	2.458761	1.000000
3.321296	1.546163	3.043092	1.000000
3.367375	6.021132	2.379076	1.000000
3.345495	4.101750	0.684658	1.000000
0.948057	6.355254	1.657712	1.000000
4.977340	4.333834	5.216567	1.000000
2.438663	0.276908	3.478699	1.000000
1.867294	2.529277	1.642469	1.000000
7.484431	0.711935	3.999171	1.000000
6.596874	2.738659	0.879344	1.000000
3.575731	1.570120	6.489132	1.000000
7.635262	3.376644	5.580514	1.000000
7.600921	1.464839	0.865582	1.000000
2.076161	1.599995	0.127833	1.000000
4.217826	2.561305	1.486296	1.000000
3.517853	5.082942	0.759889	1.000000
3.127075	2.795783	5.300647	1.000000
3.463255	2.415848	7.061515	1.000000
0.134696	2.531041	3.787920	1.000000
3.997839	6.518369	1.680897	1.000000
1.778052	2.105009	5.277651	1.000000
7.645265	3.717496	3.563291	1.000000
4.539352	6.698538	4.507576	1.000000
7.068865	1.577780	2.670475	1.000000
4.772028	1.891908	5.943761	1.000000
1.944273	6.449590	0.133564	1.000000
7.180719	0.985134	0.015947	1.000000
5.937289	3.328174	0.092524	1.000000
3.893866	3.626125	1.692181	1.000000
3.881910	7.610177	0.033071	1.000000
5.530756	5.201020	0.096572	1.000000
1.326514	0.585599	5.035153	1.000000
1.515428	1.842008	3.520798	1.000000
5.056406	7.382168	5.843075	1.000000
4.205670	6.932146	2.519105	1.000000
3.016594	2.453658	1.498027	1.000000
7.699320	7.951877	0.018715	1.000000
0.952300	2.783904	5.276730	1.000000
7.644797	2.395985	2.471139	1.000000
1.393385	0.312440	0.014208	1.000000
1.585925	5.491283	3.271476	1.000000
0.027701	5.720044	3.607372	1.000000
2.651165	0.506807	4.465563	1.000000
2.814561	3.804538	5.775594	1.000000
5.190923	5.154505	6.013144	1.000000
6.025970	0.876015	2.555117	1.000000
4.502104	0.392530	1.655917	1.000000
1.170612	7.760173	5.741422	1.000000
7.620995	7.805756	1.847775	1.000000
5.113911	6.454531	1.663995	1.000000
3.258110	1.501918	0.044618	1.000000
5.319648	4.841746	3.416727	1.000000
3.336003	7.215564	0.803078	1.000000
1.173131	0.229658	2.874555	1.000000
2.336733	6.973600	0.876848	1.000000
2.629385	2.128511	4.571264	1.000000
7.889616	6.946093	0.008236	1.000000
4.171686	6.142600	5.866066	1.000000
7.292559	7.583150	0.849329	1.000000
3.483159	5.827615	5.045990	1.000000
6.715873	0.987702	3.440292	1.000000
0.098401	6.632722	6.716618	1.000000
2.776114	5.230570	3.798995	1.000000
4.150894	2.043731	4.325289	1.000000
3.001421	1.241163	5.027112	1.000000
4.449229	1.468773	3.355125	1.000000
4.062798	5.966061	4.191479	1.000000
7.102427	6.079377	0.018286	1.000000
1.274226	4.499865	3.728888	1.000000
6.379290	4.995609	3.617184	1.000000
1.825931	2.780967	7.040422	1.000000
5.447598	0.454628	3.944319	1.000000
2.466413	7.049122	2.589850	1.000000
1.785780	5.093072	2.394394	1.000000
1.962471	6.588886	1.753817	1.000000
4.451236	4.216350	2.802794	1.000000
0.724574	7.455578	1.778507	1.000000
3.536249	2.002835	0.839900	1.000000
7.641854	6.473848	4.292976	1.000000
6.484750	0.326847	1.731529	1.000000
1.611119	4.743281	6.659538	1.000000
2.007451	6.328094	6.810169	1.000000
3.032131	3.404849	0.089677	1.000000
6.966354	7.011287	0.000398	1.000000
6.562705	1.329655	1.888239	1.000000
4.284874	6.488840	3.331265	1.000000
5.167527	6.405995	6.108708	1.000000
6.912854	1.209208	4.613394	1.000000
1.807959	4.401137	5.585429	1.000000
2.334762	0.510049	0.139759	1.000000
4.145309	4.585602	8.023135	1.000000
2.638782	7.603587	1.709348	1.000000
7.012623	7.519619	5.815579	1.000000
0.758457	1.520229	4.006270	1.000000
5.075120	0.115342	0.920735	1.000000
0.691488	7.577438	0.078486	1.000000
0.558426	2.196402	2.899831	1.000000
5.633725	0.834922	5.763413	1.000000
6.988472	2.038676	3.779502	1.000000
0.068938	5.834411	1.692843	1.000000
5.020994	0.379751	5.143406	1.000000
5.873747	7.914618	5.381993	1.000000
7.313309	0.312209	2.586618	1.000000
6.699996	1.899446	7.056902	1.000000
5.891963	6.842965	1.935513	1.000000
4.626192	7.857630	7.203274	1.000000
7.129118	4.538402	4.169199	1.000000
7.662777	5.488013	4.606146	1.000000
0.692888	1.570064	6.897745	1.000000
2.272466	3.894062	0.860974	1.000000
2.800206	4.926538	2.541583	1.000000
3.209770	4.573296	1.591062	1.000000
7.573183	1.152838	6.904264	1.000000
7.126966	2.089568	1.704602	1.000000
4.580032	5.003324	4.382101	1.000000
6.987293	5.178224	5.405202	1.000000
4.491012	0.389597	3.773175	1.000000
3.471850	7.098869	6.008810	1.000000
7.830168	1.443314	4.789962	1.000000
2.446874	3.843949	2.594505	1.000000
0.599293	7.082125	4.301724	1.000000
0.920954	0.216850	0.817478	1.000000
0.456450	2.246937	0.883790	1.000000
3.973717	4.666536	3.527437	1.000000
3.502336	5.272530	7.166763	1.000000
0.610108	5.602005	6.117486	1.000000
5.518177	5.418955	4.152600	1.000000
6.142519	2.339290	1.750858	1.000000
0.473862	0.507984	1.884221	1.000000
0.218169	7.907942	2.604574	1.000000
2.458751	4.926760	6.276236	1.000000
6.130678	5.702402	8.113202	1.000000
6.710258	7.425997	1.680536	1.000000
7.985578	6.190712	5.614451	1.000000
6.852495	6.146514	6.929877	1.000000
4.923345	5.160882	7.138179	1.000000
3.324787	6.644247	4.279660	1.000000
3.487590	0.464759	0.065431	1.000000
2.997047	3.748956	4.760402	1.000000
7.757197	6.847109	1.826178	1.000000
6.811571	6.500215	1.943504	1.000000
3.738025	7.625448	1.790796	1.000000
4.952008	6.412388	0.027980	1.000000
0.159835	1.452077	1.710654	1.000000
5.432038	6.028623	0.772794	1.000000
3.001276	2.465930	0.014442	1.000000
1.484793	0.827701	7.065774	1.000000
3.552561	4.939377	4.328320	1.000000
6.218354	7.801805	2.575861	1.000000
4.347127	6.985476	0.785512	1.000000
2.105654	2.622487	0.009799	1.000000
5.486989	1.322884	3.192725	1.000000
1.477056	4.157844	2.765927	1.000000
3.146058	5.839343	6.217509	1.000000
3.955971	5.532338	1.599813	1.000000
5.051582	1.289646	4.135489	1.000000
4.555601	6.110792	6.992163	1.000000
4.793387	3.099809	6.045296	1.000000
4.236686	7.923411	5.587571	1.000000
2.985407	2.211237	3.663115	1.000000
0.952744	3.258108	1.577040	1.000000
5.682136	2.173625	8.076412	1.000000
2.985728	4.654285	5.075305	1.000000
3.391053	6.291278	7.191268	1.000000
5.852266	4.273837	4.326395	1.000000
3.870464	3.893057	4.384066	1.000000
5.225182	1.588024	0.017533	1.000000
5.753535	2.134052	7.018852	1.000000
7.983797	4.794440	3.447893	1.000000
2.553187	6.177169	3.474740	1.000000
3.076697	2.549526	8.235353	1.000000
2.060292	0.005719	2.551506	1.000000
2.824900	7.637091	0.040237	1.000000
4.225286	4.637967	1.789366	1.000000
5.394576	0.449325	8.037908	1.000000
6.155238	5.904095	6.119573	1.000000
7.271124	4.302445	1.941051	1.000000
3.476249	2.880709	4.337275	1.000000
1.797615	3.581980	3.470389	1.000000
7.051571	2.142715	0.047435	1.000000
5.779304	7.353518	0.040968	1.000000
3.197174	7.793867	2.634016	1.000000
6.074870	2.322982	0.021833	1.000000
6.053271	2.726621	4.304626	1.000000
0.531897	3.175436	6.067856	1.000000
6.304236	6.868472	0.958691	1.000000
6.100136	4.839290	6.167403	1.000000
2.234209	4.486817	1.754177	1.000000
6.784937	4.033968	6.101505	1.000000
1.682880	1.628236	6.215021	1.000000
1.605563	2.482625	4.323031	1.000000
2.219051	0.519926	1.545363	1.000000
7.856173	6.751083	3.410141	1.000000
0.622819	7.021488	5.302739	1.000000
1.841031	7.458525	6.903506	1.000000
1.926697	5.427906	0.097530	1.000000
2.459648	4.878269	0.887699	1.000000
2.194059	0.735567	5.690808	1.000000
5.586380	3.983988	5.951089	1.000000
1.978875	7.917655	0.742163	1.000000
6.660938	1.665146	0.816414	1.000000
7.354246	3.442157	0.830811	1.000000
5.690443	3.122099	6.662831	1.000000
6.178178	0.057134	6.337844	1.000000
5.791223	5.783643	3.251947	1.000000
7.121146	5.704663	3.673304	1.000000
4.832909	7.411895	0.008590	1.000000
2.047759	1.315683	4.536199	1.000000
2.631976	1.330770	6.269524	1.000000
4.285683	0.895730	4.535106	1.000000
4.170796	1.398453	0.055125	1.000000
2.527371	2.044794	0.872874	1.000000
6.014313	3.106714	3.321871	1.000000
2.063402	7.742976	5.083570	1.000000
6.573925	5.206236	4.463295	1.000000
1.149953	1.308437	1.920848	1.000000
1.919494	3.428408	6.331217	1.000000
2.512147	5.926777	0.863618	1.000000
4.753253	4.183654	3.925805	1.000000
0.772935	4.250869	1.896353	1.000000
5.033268	0.809309	2.436810	1.000000
0.232042	1.915383	5.814850	1.000000
7.251346	5.128264	7.212827	1.000000
2.941805	7.498639	4.767900	1.000000
4.869801	3.585685	7.178795	1.000000
7.170893	2.924501	3.347174	1.000000
6.868354	3.087356	0.004306	1.000000
7.990567	2.751346	0.009627	1.000000
2.923626	3.253864	3.230015	1.000000
3.460437	3.335794	6.403460	1.000000
0.936885	5.454623	0.058376	1.000000
7.575640	7.083665	5.143252	1.000000
1.856332	1.192791	2.779791	1.000000
0.477544	4.430744	0.863557	1.000000
0.007522	4.244134	2.608994	1.000000
5.954066	0.857866	0.784235	1.000000
6.701258	0.543445	5.499664	1.000000
1.527283	6.110037	2.505172	1.000000
2.765159	0.752968	2.413180	1.000000
2.143937	7.035768	5.981037	1.000000
1.971171	3.621820	0.007842	1.000000
1.291550	7.305059	2.540330	1.000000
4.018943	5.008409	5.229234	1.000000
7.899106	4.814657	0.049353	1.000000
0.170772	4.087853	4.207470	1.000000
6.510416	1.126695	6.477697	1.000000
5.017215	0.680740	6.871655	1.000000
0.191773	7.418522	0.936391	1.000000
3.471678	1.778087	2.016813	1.000000
0.331964	3.393516	0.836644	1.000000
2.116624	2.652552	3.300249	1.000000
6.819530	6.913282	3.727233	1.000000
0.548810	2.228935	4.622338	1.000000
5.578141	5.141805	1.041764	1.000000
0.545573	5.897459	2.511356	1.000000
3.448508	1.306366	4.032637	1.000000
2.925678	6.354986	0.118611	1.000000
4.772541	4.597289	0.014961	1.000000
5.318719	7.960808	3.007116	1.000000
5.615798	4.353387	6.994637	1.000000
3.906798	7.434106	3.419276	1.000000
6.784343	5.234304	0.000074	1.000000
4.577851	0.462155	0.015147	1.000000
2.978956	5.286707	0.027409	1.000000
6.787841	2.709246	6.162515	1.000000
6.489016	3.248356	5.351825	1.000000
7.612063	4.953083	6.228825	1.000000
7.954811	1.054617	2.577165	1.000000
6.523238	6.053124	2.738557	1.000000
7.552993	0.208150	5.163640	1.000000
0.654263	2.242943	1.921795	1.000000
1.076554	2.758329	3.572006	1.000000
3.990241	3.430087	0.142068	1.000000
4.650639	2.035362	2.325606	1.000000
7.511689	6.097274	2.688489	1.000000
7.135059	5.436276	1.905002	1.000000
0.620651	7.415196	3.359893	1.000000
2.757575	1.072877	0.866632	1.000000
6.662200	3.632196	4.029005	1.000000
5.591614	0.822186	1.625228	1.000000
1.676981	0.929761	0.791038	1.000000
1.745982	3.520653	8.024040	1.000000
1.660541	7.459974	1.605278	1.000000
1.429761	2.872559	0.813875	1.000000
0.753079	4.451758	0.003460	1.000000
2.311950	4.193349	4.289671	1.000000
5.601221	7.878926	7.219438	1.000000
0.740157	7.550855	6.998587	1.000000
3.455768	4.559072	5.976355	1.000000
1.257860	3.420836	4.445114	1.000000
2.199019	4.657922	3.272914	1.000000
7.678932	2.229262	6.617795	1.000000
2.037103	4.116621	7.181209	1.000000
2.541942	1.992223	2.655888	1.000000
4.879293	1.042796	0.866245	1.000000
3.473426	3.937854	2.595850	1.000000
6.134977	6.947405	2.987436	1.000000
5.921016	5.801841	1.845675	1.000000
6.233721	4.277504	8.063106	1.000000
1.849328	5.525315	1.548936	1.000000
1.808830	6.847632	3.370089	1.000000
1.455945	0.706262	3.760761	1.000000
1.682974	5.458946	5.849015	1.000000
5.046452	3.496103	1.580134	1.000000
3.188464	7.484309	6.976246	1.000000
5.917864	6.784249	7.052447	1.000000
7.033493	3.324712	1.734438	1.000000
7.029183	6.567576	5.921506	1.000000
2.483482	5.841524	2.547506	1.000000
2.768675	0.938947	7.297992	1.000000
5.978388	7.810979	0.883054	1.000000
3.593481	7.912183	4.085284	1.000000
6.265166	6.159786	3.978915	1.000000
3.729865	0.983382	0.801845	1.000000
4.987835	4.984622	2.530609	1.000000
