512
0.000000 8.000000
0.000000 8.000000
0.000000 8.000000
6.294058	4.016327	6.907801	1.000000
4.963980	0.891062	2.639278	1.000000
0.902543	1.194277	0.853232	1.000000
4.762705	5.863685	0.715817	1.000000
2.104139	3.710883	5.704228	1.000000
3.474997	7.687292	3.472174	1.000000
7.787594	3.924714	0.167494	1.000000
0.706844	3.536798	0.000651	1.000000
5.560297	2.093555	6.116860	1.000000
5.875413	6.295921	5.504947	1.000000
3.395876	5.844998	6.106945	1.000000
5.545333	4.739154	2.431851	1.000000
4.569550	0.632702	5.221935	1.000000
0.105453	3.930087	1.812093	1.000000
2.539352	7.799711	4.074565	1.000000
7.458632	0.871042	1.781636	1.000000
4.312099	7.791445	0.908312	1.000000
5.938509	2.741943	3.711994	1.000000
7.993702	2.763375	1.673229	1.000000
1.354839	6.236536	4.796031	1.000000
7.012538	6.136376	4.783145	1.000000
1.451950	5.744496	5.784477	1.000000
5.360473	5.969144	2.493086	1.000000
6.040600	6.119177	0.073264	1.000000
3.608147	2.918246	0.837477	1.000000
1.770049	5.391228	4.081496	1.000000
0.338495	3.393911	4.993391	1.000000
1.013787	5.602478	1.807453	1.000000
6.430789	4.616998	2.555432	1.000000
4.095106	7.270633	8.118073	1.000000
5.696916	1.840192	0.893925	1.000000
5.318738	4.720778	4.170321	1.000000
2.653429	0.714756	6.551682	1.000000
6.085262	1.948239	7.000840	1.000000
7.518282	4.444575	2.400317	1.000000
6.534844	3.450147	0.892317	1.000000
3.910884	6.057974	3.649727	1.000000
1.459896	0.507985	1.814981	1.000000
4.634440	4.888092	0.881125	1.000000
5.582405	2.836157	0.849403	1.000000
4.823016	7.361440	1.687046	1.000000
3.774909	0.346566	1.618120	1.000000
6.659978	2.572510	4.475943	1.000000
2.215334	1.470374	1.766784	1.000000
5.614622	0.295412	0.141040	1.000000
4.970002	4.406690	3.352197	1.000000
4.586173	2.801282	0.917748	1.000000
1.160416	1.508352	0.034373	1.000000
4.867181	4.552372	5.737980	1.000000
0.917527	6.423834	0.018284	1.000000
6.466021	3.637009	2.746067	1.000000
3.209601	7.950821	0.686648	1.000000
5.128671	2.242080	1.681318	1.000000
7.544224	1.479978	4.244191	1.000000
7.581660	2.292303	0.951952	1.000000
5.631827	3.801584	0.851885	1.000000
7.009897	1.335915	5.955232	1.000000
0.068696	5.725315	0.008937	1.000000
7.997635	7.951946	3.781441	1.000000
5.467910	4.418578	0.045857	1.000000
5.354886	1.281090	1.821331	1.000000
5.514330	1.769682	4.930186	1.000000
3.011239	4.848927	3.455939	1.000000
6.730562	4.400666	0.889440	1.000000
4.279763	6.280712	6.466027	1.000000
2.052753	1.782799	4.924427	1.000000
1.714326	7.261844	5.112770	1.000000
3.192419	5.535757	1.627891	1.000000
5.870136	6.913824	1.820072	1.000000
4.254254	0.027576	2.367642	1.000000
7.525674	3.508414	2.742750	1.000000
1.961092	1.909534	5.990901	1.000000
5.673579	2.799013	4.637215	1.000000
5.183506	7.998270	2.458841	1.000000
5.890860	1.277222	5.749742	1.000000
3.769220	1.997489	6.552046	1.000000
3.580010	2.959348	6.775582	1.000000
2.449708	2.975558	2.461334	1.000000
4.636846	1.040446	6.219983	1.000000
4.208068	5.402123	0.041877	1.000000
7.606384	0.826791	3.443241	1.000000
4.361644	5.986615	2.544471	1.000000
4.824681	2.486536	3.353927	1.000000
4.428239	3.005625	2.478244	1.000000
5.544455	6.904484	0.925473	1.000000
1.538265	4.060134	0.949046	1.000000
3.980556	4.102915	3.944691	1.000000
5.648116	1.590389	2.700189	1.000000
1.706829	2.010473	0.833717	1.000000
1.631491	1.926382	2.618221	1.000000
0.127027	0.230608	0.808534	1.000000
3.571005	4.902269	2.576425	1.000000
3.033328	6.484305	1.648225	1.000000
0.098141	3.425995	3.737502	1.000000
0.092323	0.271274	2.643427	1.000000
1.337585	7.214602	1.013209	1.000000
0.395827	5.806097	6.149424	1.000000
0.267834	6.053312	4.726603	1.000000
1.039849	1.452804	4.445001	1.000000
0.477599	6.218198	2.619721	1.000000
7.020153	0.046397	3.487653	1.000000
1.279459	4.393967	0.060395	1.000000
0.389825	3.134817	2.584634	1.000000
0.019208	3.136301	6.167114	1.000000
7.060907	0.670569	0.944184	1.000000
0.467175	5.192220	0.922990	1.000000
5.146172	2.413740	0.038266	1.000000
4.714670	2.738222	4.294943	1.000000
2.185656	4.758546	6.178286	1.000000
2.933495	3.524668	3.333616	1.000000
3.021384	7.820054	5.788116	1.000000
0.455837	0.697421	0.068187	1.000000
2.790711	6.488221	5.426930	1.000000
6.801405	5.059299	4.825436	1.000000
0.664932	2.827695	6.951957	1.000000
4.953743	3.769018	4.370685	1.000000
7.251425	5.704476	5.636083	1.000000
7.536559	5.504204	0.838500	1.000000
7.079935	3.592821	6.126224	1.000000
3.729615	5.879819	0.814595	1.000000
6.712282	7.715233	5.219555	1.000000
4.670554	1.875055	0.837999	1.000000
1.966718	3.470041	1.616530	1.000000
0.068675	4.817484	1.757722	1.000000
2.026595	7.668760	3.249533	1.000000
2.209283	1.600509	3.586457	1.000000
6.423011	0.959262	0.032582	1.000000
7.588634	5.426624	4.357347	1.000000
3.267343	0.378137	4.140921	1.000000
1.548702	5.155912	1.022428	1.000000
2.560914	2.786418	0.857019	1.000000
6.773390	4.177781	5.101485	1.000000
7.590187	6.461503	0.925775	1.000000
4.297531	1.393936	1.777375	1.000000
4.280234	6.972759	2.701153	1.000000
0.654742	1.016914	2.552535	1.000000
0.665979	6.142273	0.930091	1.000000
5.096321	5.448512	1.826610	1.000000
4.095552	3.476957	4.815285	1.000000
6.922092	7.378179	7.060792	1.000000
0.574408	4.093800	2.630010	1.000000
2.178020	4.496510	0.032604	1.000000
7.453874	4.375476	4.359528	1.000000
0.231056	7.496212	4.905259	1.000000
1.648624	7.120544	4.106086	1.000000
3.683579	1.923826	2.442862	1.000000
1.764101	7.421682	0.002459	1.000000
3.982293	2.477768	0.016265	1.000000
7.732097	4.472963	0.951503	1.000000
3.180363	4.456938	0.006760	1.000000
5.047425	3.535401	0.014624	1.000000
4.232118	6.334468	0.018961	1.000000
7.943642	5.062090	5.356952	1.000000
2.116014	5.467879	5.046170	1.000000
4.510067	2.656151	6.527392	1.000000
6.420387	3.999843	0.006018	1.000000
2.006479	4.473642	8.078616	1.000000
6.256885	6.672651	4.328762	1.000000
7.176564	2.328297	5.414459	1.000000
3.639578	2.916531	4.122534	1.000000
6.647163	6.784177	5.609467	1.000000
5.619208	3.723968	2.335289	1.000000
5.606077	7.055904	5.060207	1.000000
2.197524	3.488214	6.665397	1.000000
4.529603	3.637753	5.810068	1.000000
6.490216	5.651914	0.878265	1.000000
2.196576	3.080547	4.320845	1.000000
6.064225	3.217063	1.722427	1.000000
6.202180	5.054649	5.654556	1.000000
7.568492	2.625610	6.936589	1.000000
5.437899	2.713538	2.558371	1.000000
3.770495	0.903348	2.601267	1.000000
6.327914	7.714160	4.232986	1.000000
2.280322	6.295829	4.399540	1.000000
2.591865	6.825644	7.081384	1.000000
5.170417	6.645765	6.216994	1.000000
1.036044	2.562349	0.018384	1.000000
7.443343	7.480699	2.684141	1.000000
3.666498	7.167531	5.255540	1.000000
4.998186	4.352610	1.587465	1.000000
1.635933	6.159218	0.792808	1.000000
0.157115	1.783814	0.031239	1.000000
3.005616	3.341711	1.587133	1.000000
3.928641	4.806300	7.161972	1.000000
5.333857	6.043247	4.220083	1.000000
5.698603	6.196879	8.123826	1.000000
1.327640	2.849908	2.499292	1.000000
5.286429	4.389573	6.954125	1.000000
2.830578	1.249697	5.467362	1.000000
0.968184	7.768255	3.665879	1.000000
6.713284	7.974525	0.021241	1.000000
7.800189	0.663918	5.670154	1.000000
6.141795	4.488785	1.668837	1.000000
1.260822	5.975420	7.090889	1.000000
3.452463	3.032103	2.413078	1.000000
4.509754	3.902228	0.891042	1.000000
1.438353	4.379523	4.162964	1.000000
6.453191	2.586019	2.706612	1.000000
3.242435	1.459803	3.473355	1.000000
3.421114	5.950708	2.610378	1.000000
3.551229	3.965559	0.969151	1.000000
0.959774	6.658736	1.753971	1.000000
4.970379	2.673479	5.369288	1.000000
2.737086	0.402030	3.321380	1.000000
2.058741	2.417509	1.631097	1.000000
7.018126	0.586344	4.332202	1.000000
6.633296	2.562683	1.038298	1.000000
4.080257	0.102572	6.410516	1.000000
5.568218	3.303041	6.557845	1.000000
7.868983	1.218617	0.982272	1.000000
2.344017	1.230620	0.017761	1.000000
4.004485	2.445375	1.705516	1.000000
3.699783	4.843868	0.752622	1.000000
1.491450	2.179220	7.212082	1.000000
4.661686	0.541215	7.210284	1.000000
7.003565	1.946376	3.488105	1.000000
3.999006	6.424428	1.693486	1.000000
3.651462	1.205619	4.513356	1.000000
6.963020	4.055566	3.583693	1.000000
4.587297	7.702139	3.338405	1.000000
6.637137	1.502126	2.655397	1.000000
3.649947	0.974359	6.040315	1.000000
2.132653	6.421283	0.100556	1.000000
7.442295	0.864061	0.011004	1.000000
5.982275	3.068810	0.006321	1.000000
4.023059	3.427000	1.611861	1.000000
3.892178	7.445282	0.001350	1.000000
5.199657	5.375615	0.037130	1.000000
1.943574	0.146649	5.967820	1.000000
0.238075	1.777167	3.578447	1.000000
3.447898	4.887540	6.296845	1.000000
3.195328	6.908748	2.497887	1.000000
2.963737	2.336620	1.724511	1.000000
7.797618	7.812520	0.005110	1.000000
1.500175	2.207600	4.095930	1.000000
7.754036	2.544116	3.057149	1.000000
1.568270	0.471013	0.085698	1.000000
1.549859	6.164478	2.485516	1.000000
7.962778	5.938128	3.577342	1.000000
1.820585	0.666732	3.708851	1.000000
3.845994	1.151544	7.035938	1.000000
4.040913	3.812521	6.794340	1.000000
6.038711	0.611199	2.783394	1.000000
4.742937	0.447188	1.663887	1.000000
0.949631	7.436979	6.002018	1.000000
7.733269	7.938522	1.682045	1.000000
4.930936	6.396372	1.649565	1.000000
3.256406	1.672353	0.035977	1.000000
4.787602	5.414416	3.577463	1.000000
3.472570	6.921452	0.877675	1.000000
1.128427	0.184192	2.810060	1.000000
2.504990	6.961912	0.814497	1.000000
3.722658	2.272540	4.812017	1.000000
0.015203	6.758685	0.123061	1.000000
3.730189	4.128926	5.643346	1.000000
7.236276	7.508937	0.845815	1.000000
2.813018	7.140069	4.772507	1.000000
6.511263	1.010099	3.560388	1.000000
7.725641	3.930221	5.469659	1.000000
4.301268	5.690417	4.442990	1.000000
4.354851	1.607041	5.281139	1.000000
2.989620	2.203884	6.018809	1.000000
6.090310	1.799154	3.779604	1.000000
4.715058	6.893312	4.722425	1.000000
7.017897	5.981411	0.000362	1.000000
0.624339	4.354813	4.663326	1.000000
5.622506	5.145009	3.279091	1.000000
6.463827	3.080605	7.085217	1.000000
5.335179	0.014287	4.549807	1.000000
2.195272	6.965858	2.627720	1.000000
1.480714	5.207117	2.660206	1.000000
1.976034	6.727154	1.657716	1.000000
4.654836	3.951283	2.470066	1.000000
0.653903	7.728699	1.714293	1.000000
3.699517	1.916029	1.005117	1.000000
6.992348	6.006532	3.571022	1.000000
6.747344	7.936297	1.733343	1.000000
0.926799	3.653152	6.069451	1.000000
2.484948	5.425410	7.065898	1.000000
2.835254	3.477152	0.051872	1.000000
7.018909	6.971198	0.007097	1.000000
6.340069	0.936395	1.794190	1.000000
4.857230	6.494035	3.431375	1.000000
5.437012	5.706608	6.073158	1.000000
7.808687	2.491338	4.115580	1.000000
2.033944	3.964058	4.770613	1.000000
2.638275	0.335496	0.026728	1.000000
3.971892	3.475034	8.043595	1.000000
2.637254	7.430820	1.652733	1.000000
6.069822	0.366402	5.240073	1.000000
0.008498	1.658094	5.057775	1.000000
5.216104	7.847357	0.950006	1.000000
0.778802	7.430268	0.025985	1.000000
0.536359	2.200773	2.503778	1.000000
5.381350	0.436033	5.811283	1.000000
7.346447	3.437609	4.452576	1.000000
0.032351	5.729336	1.768801	1.000000
4.407335	7.647586	5.607260	1.000000
5.286643	0.589384	3.637600	1.000000
7.002879	0.552798	2.617727	1.000000
0.044502	1.657366	6.065794	1.000000
6.955098	6.080658	1.583580	1.000000
1.521202	6.648734	6.163856	1.000000
6.314575	4.616527	4.047510	1.000000
0.994628	5.253964	4.954408	1.000000
0.946074	2.417312	5.986597	1.000000
2.626060	3.985983	0.851009	1.000000
2.436022	4.950192	2.496593	1.000000
3.098710	4.677818	1.651673	1.000000
0.878016	1.523294	6.659722	1.000000
7.013029	1.783616	1.708018	1.000000
3.433106	4.724048	4.669679	1.000000
0.144490	5.047923	7.121674	1.000000
5.402984	7.085353	4.013106	1.000000
3.988805	5.252396	5.395736	1.000000
1.298088	0.058153	4.725394	1.000000
1.591040	4.116951	2.460914	1.000000
7.887668	7.594498	5.866402	1.000000
1.082813	0.168556	0.824328	1.000000
0.602580	2.217540	0.907845	1.000000
3.884383	5.042045	3.814923	1.000000
4.540519	5.248841	6.415241	1.000000
0.322435	4.468537	6.149286	1.000000
4.626850	6.111217	5.410558	1.000000
6.103428	2.082626	1.746985	1.000000
0.445652	0.656839	1.665626	1.000000
0.658242	0.659799	3.637618	1.000000
2.649032	4.706319	5.268240	1.000000
1.054018	6.577503	8.049414	1.000000
6.946413	7.061489	1.832415	1.000000
7.538930	6.790005	4.171243	1.000000
7.404113	5.677714	6.985421	1.000000
5.891926	7.285779	6.253758	1.000000
3.622673	6.877252	4.178150	1.000000
3.733306	0.456753	0.007412	1.000000
1.564128	4.542126	5.487736	1.000000
0.028027	6.922716	1.814472	1.000000
7.476941	6.447209	2.688151	1.000000
3.848830	7.423117	1.774444	1.000000
5.131336	6.569967	0.060981	1.000000
0.113917	1.768095	1.751539	1.000000
5.612276	5.968788	1.125117	1.000000
2.944228	2.540503	0.012535	1.000000
1.582228	0.836766	7.003043	1.000000
3.070937	3.884744	4.407658	1.000000
6.489789	7.568603	2.602355	1.000000
4.441243	6.701645	0.927897	1.000000
2.016925	2.441287	0.047085	1.000000
5.849113	0.901343	4.371631	1.000000
1.016768	4.830662	3.363317	1.000000
3.610100	5.863116	7.163083	1.000000
4.134179	5.386082	1.651173	1.000000
4.288119	0.105664	4.362251	1.000000
2.395380	5.766893	6.108120	1.000000
4.417654	4.653016	4.681694	1.000000
3.595995	0.335937	5.130260	1.000000
3.247535	2.542256	3.171018	1.000000
1.040445	3.640001	1.752232	1.000000
6.227897	2.379759	8.145591	1.000000
3.633284	6.098322	5.052204	1.000000
1.467335	4.332374	6.842148	1.000000
5.551496	5.259530	4.959291	1.000000
2.915372	3.200643	5.361594	1.000000
5.350508	1.350140	0.099430	1.000000
4.906808	7.627631	6.847304	1.000000
7.962097	4.461460	3.379452	1.000000
2.740040	5.879813	3.442665	1.000000
3.838588	1.936326	8.064759	1.000000
2.283311	0.181822	2.389344	1.000000
2.884296	7.370112	0.059144	1.000000
4.011683	4.351135	1.754434	1.000000
5.153370	7.385431	8.086042	1.000000
5.636543	5.595630	7.055796	1.000000
7.035364	3.760867	1.844592	1.000000
4.112188	1.775797	3.850666	1.000000
1.971311	3.768438	3.703987	1.000000
7.180910	1.907313	0.035932	1.000000
6.018499	7.285886	0.076080	1.000000
3.172328	7.914978	2.458810	1.000000
6.231188	2.121750	0.049442	1.000000
6.339495	3.640446	4.395868	1.000000
1.780526	2.915980	5.983521	1.000000
6.464895	6.753831	0.823743	1.000000
0.045434	4.055062	7.052139	1.000000
2.079568	4.556550	1.590295	1.000000
5.710169	3.870929	5.717592	1.000000
6.717271	1.543801	4.733622	1.000000
1.077474	3.316084	4.212581	1.000000
2.734188	0.445452	1.563946	1.000000
0.001990	7.008456	3.348859	1.000000
7.484422	6.847416	6.347374	1.000000
0.676530	6.429680	5.462799	1.000000
2.128586	5.492211	0.150069	1.000000
2.676977	4.955334	0.782200	1.000000
1.785425	0.948597	5.275122	1.000000
6.487017	3.098130	5.435364	1.000000
2.147670	7.902167	0.929882	1.000000
6.647105	1.584360	0.784335	1.000000
7.444597	3.315961	0.948524	1.000000
6.255138	2.169030	5.409066	1.000000
7.755211	0.147604	6.893946	1.000000
6.370421	6.496383	2.517654	1.000000
6.970971	5.070961	3.371463	1.000000
4.904555	7.477836	0.027121	1.000000
2.765232	2.199458	4.178585	1.000000
0.913433	1.495259	5.433568	1.000000
4.684206	1.134415	4.332464	1.000000
4.149539	1.475405	0.061729	1.000000
2.623426	1.735911	0.934855	1.000000
5.071062	3.374319	3.215980	1.000000
0.755992	6.550374	3.990373	1.000000
6.247932	5.657334	4.217420	1.000000
1.275303	1.523263	1.694214	1.000000
2.771833	1.953286	7.028928	1.000000
2.729840	6.009546	0.841688	1.000000
4.095881	3.364649	3.283344	1.000000
1.105977	4.650508	1.646477	1.000000
5.064618	1.545501	3.531714	1.000000
1.666342	7.510076	6.876751	1.000000
6.492567	4.959822	7.125374	1.000000
2.469784	0.065373	4.992630	1.000000
4.983329	1.765539	7.134154	1.000000
6.948185	3.109769	3.594301	1.000000
7.107220	2.984118	0.040827	1.000000
0.137088	2.838413	0.044708	1.000000
2.676328	3.914955	2.378870	1.000000
3.003650	3.822547	6.264219	1.000000
1.173747	5.382810	0.027003	1.000000
7.293542	7.658934	4.412483	1.000000
1.670352	0.953850	2.715225	1.000000
0.601550	4.214657	0.761082	1.000000
1.219547	3.560604	3.272858	1.000000
5.977481	0.730255	0.936224	1.000000
7.594499	6.800501	5.295099	1.000000
1.158007	6.936816	3.116178	1.000000
2.677873	1.035387	2.564955	1.000000
0.730593	0.153104	6.765767	1.000000
1.835369	3.554472	0.024794	1.000000
0.432140	7.456170	2.576590	1.000000
6.553729	6.175804	6.502197	1.000000
7.380647	4.821249	0.051887	1.000000
0.493589	5.195720	4.103445	1.000000
0.074528	7.280889	7.237394	1.000000
7.072464	1.473421	7.110067	1.000000
0.356402	7.301565	0.878930	1.000000
3.298160	1.359938	1.679387	1.000000
0.537652	3.263973	1.012717	1.000000
1.192831	1.629258	3.369336	1.000000
6.823733	7.044348	3.445346	1.000000
0.670340	2.468347	4.551080	1.000000
5.594492	4.970000	0.947890	1.000000
0.334853	5.267380	2.740527	1.000000
2.702951	1.180255	4.442496	1.000000
3.245362	6.396556	0.048373	1.000000
4.281168	4.401134	0.026720	1.000000
5.799619	7.705428	3.334347	1.000000
3.869013	2.937023	5.696189	1.000000
4.275269	0.584519	3.392401	1.000000
6.142102	5.121839	0.037334	1.000000
4.628011	0.486814	0.182197	1.000000
3.098298	5.438369	0.030141	1.000000
6.445174	0.476338	6.629242	1.000000
7.289775	4.631590	6.066388	1.000000
1.329325	3.235133	5.140393	1.000000
7.641366	1.349734	2.614908	1.000000
6.367012	5.600181	2.864147	1.000000
0.285835	0.603135	4.627426	1.000000
0.947094	2.661021	1.666653	1.000000
0.792124	2.658749	3.381749	1.000000
3.759380	3.449836	0.043585	1.000000
4.726726	1.819333	2.514824	1.000000
7.306766	5.486600	2.524775	1.000000
6.987470	5.038100	1.730212	1.000000
1.055290	5.800470	3.408044	1.000000
3.139307	0.921286	0.764238	1.000000
5.857104	3.988203	3.433141	1.000000
5.719223	0.055119	1.696422	1.000000
1.985195	0.984123	0.882314	1.000000
2.931905	3.420709	8.142370	1.000000
1.452814	7.405303	2.243683	1.000000
1.573477	2.981351	0.767244	1.000000
0.338350	4.805156	0.012130	1.000000
2.390533	4.655494	4.215189	1.000000
5.458766	0.855489	6.818765	1.000000
0.701241	6.755987	6.665564	1.000000
2.855935	5.474926	4.467647	1.000000
1.954734	2.762551	3.347121	1.000000
1.997239	4.594735	3.264398	1.000000
6.742630	2.159594	6.363059	1.000000
2.595461	4.318866	7.099543	1.000000
2.607490	1.985930	2.581888	1.000000
5.068969	0.995209	0.957144	1.000000
3.639109	3.971043	2.777524	1.000000
5.409076	7.005519	2.717526	1.000000
6.100006	5.543572	1.937298	1.000000
7.279937	4.905347	8.057208	1.000000
2.089608	5.632649	1.592990	1.000000
1.852123	6.265303	3.414258	1.000000
0.786292	0.424101	5.590014	1.000000
2.348032	7.201700	5.918323	1.000000
4.980040	3.232899	1.670312	1.000000
3.772131	7.037944	7.071092	1.000000
5.894388	7.708169	7.126664	1.000000
7.069878	2.797429	2.008432	1.000000
5.837345	6.662193	7.089086	1.000000
2.472452	5.981983	2.426060	1.000000
2.862477	7.770365	6.873041	1.000000
6.234537	7.763655	0.915046	1.000000
2.838211	6.922469	3.470700	1.000000
5.983597	6.368625	3.372558	1.000000
4.063106	0.865846	0.852242	1.000000
4.567377	4.901248	2.613189	1.000000
