512
0.000000 8.000000
0.000000 8.000000
0.000000 8.000000
6.305542	3.749870	7.103015	1.000000
4.976391	0.768228	2.704213	1.000000
0.953173	1.101166	0.921339	1.000000
4.684892	5.873748	0.875170	1.000000
1.937281	3.822426	5.383183	1.000000
3.903291	7.246699	3.383986	1.000000
7.532625	3.885891	0.081264	1.000000
0.796714	3.666176	0.091097	1.000000
5.428718	2.380516	6.179117	1.000000
5.589002	6.422937	5.364606	1.000000
3.301655	6.329578	6.112511	1.000000
5.570457	4.879225	2.347286	1.000000
4.321011	0.468870	5.474981	1.000000
0.082171	3.754275	1.825599	1.000000
3.105553	7.731610	4.039378	1.000000
7.554213	0.906567	1.736915	1.000000
4.249361	0.023375	0.864800	1.000000
5.859684	2.971842	3.643754	1.000000
7.932506	2.665832	1.799529	1.000000
1.357945	6.192990	4.516267	1.000000
7.121520	5.950260	4.619608	1.000000
1.066878	5.343538	6.395888	1.000000
5.635733	6.022428	2.551622	1.000000
6.025874	6.286122	0.027550	1.000000
3.661844	2.889239	0.925185	1.000000
2.031734	5.525749	4.011351	1.000000
0.293508	3.014132	4.784375	1.000000
0.939242	5.474490	1.691154	1.000000
6.438714	4.500110	2.601957	1.000000
4.499251	7.387114	8.016125	1.000000
5.638609	1.789194	0.929159	1.000000
5.584721	4.736272	4.486792	1.000000
2.854678	1.148937	6.494844	1.000000
6.114222	1.694953	7.155832	1.000000
7.446991	4.453297	2.483310	1.000000
6.586843	3.575278	0.901116	1.000000
3.818788	6.281578	3.378224	1.000000
1.539692	0.430490	1.705495	1.000000
4.803615	4.947660	0.845844	1.000000
5.628871	2.863013	1.020075	1.000000
4.895958	7.485958	1.533968	1.000000
3.416506	0.188313	1.751100	1.000000
6.719129	2.208096	4.420451	1.000000
2.332583	1.546896	1.864676	1.000000
5.884002	0.433747	0.011470	1.000000
4.592524	4.296279	3.312010	1.000000
4.659794	2.940083	0.873362	1.000000
1.076790	1.438292	0.033726	1.000000
4.960210	4.591064	5.904766	1.000000
0.869684	6.515263	0.007458	1.000000
6.635293	3.471911	2.683481	1.000000
3.203390	0.118265	0.881405	1.000000
5.134832	2.193767	1.668387	1.000000
7.413553	1.401854	4.173775	1.000000
7.662070	2.376211	0.821530	1.000000
5.629856	3.896543	0.695555	1.000000
6.690936	0.988582	5.937981	1.000000
0.215846	5.616644	0.026106	1.000000
0.117635	7.686454	3.489177	1.000000
5.099004	4.416765	0.008161	1.000000
5.402753	1.183513	1.804465	1.000000
5.374062	1.986496	4.478118	1.000000
3.123110	4.556081	3.439678	1.000000
6.823138	4.560131	0.869402	1.000000
4.646980	6.482524	7.256758	1.000000
1.841423	1.866123	5.195181	1.000000
1.397876	6.880671	5.187011	1.000000
3.030847	5.482266	1.620109	1.000000
5.800005	7.028421	1.729336	1.000000
4.193374	7.879767	2.494967	1.000000
7.560891	3.443570	2.569882	1.000000
1.630651	1.708240	6.109049	1.000000
5.806212	2.907846	4.710992	1.000000
5.244085	7.794814	2.390053	1.000000
5.734126	1.113853	5.570360	1.000000
4.127793	2.054298	6.390518	1.000000
3.447781	2.777726	7.077267	1.000000
2.658276	2.953743	2.403715	1.000000
4.979404	1.357080	6.256931	1.000000
4.447618	5.350461	0.042610	1.000000
7.661570	0.652976	3.372792	1.000000
4.563042	5.807278	2.375830	1.000000
5.174202	2.296759	3.309261	1.000000
4.618859	2.651870	2.325495	1.000000
5.361351	7.080424	0.812563	1.000000
1.652221	4.056789	0.846241	1.000000
3.973910	3.866932	3.913588	1.000000
5.847713	1.660388	2.726944	1.000000
1.587632	2.000962	0.874163	1.000000
1.531630	1.914508	2.657214	1.000000
7.926197	0.341724	0.857699	1.000000
3.756851	4.941041	2.745204	1.000000
3.119313	6.539473	1.760586	1.000000
7.884078	3.436636	3.814302	1.000000
0.124039	0.274397	2.558033	1.000000
1.332780	7.215735	0.957198	1.000000
0.327949	5.752816	5.949354	1.000000
0.150947	6.007625	4.565620	1.000000
0.977673	1.144430	4.372407	1.000000
0.438385	6.296772	2.716528	1.000000
7.056924	7.913786	3.394605	1.000000
1.346736	4.593961	0.017156	1.000000
0.485030	3.109229	2.625796	1.000000
7.943519	2.924789	6.337049	1.000000
6.984300	0.764395	0.892038	1.000000
0.484010	5.113208	0.915060	1.000000
5.215722	2.447562	0.017453	1.000000
4.817287	2.683262	4.154158	1.000000
2.283215	4.322742	6.253851	1.000000
3.045322	3.247474	3.510002	1.000000
3.063671	0.237565	5.716857	1.000000
0.508434	0.551757	0.069990	1.000000
2.311315	6.414634	5.216616	1.000000
6.648428	5.172000	4.930892	1.000000
1.166187	2.990852	6.988792	1.000000
5.475125	3.814641	4.218371	1.000000
7.402264	5.961039	5.616413	1.000000
7.638943	5.673085	0.894698	1.000000
7.121335	3.613216	6.529202	1.000000
3.690458	6.045278	0.990149	1.000000
6.719232	7.513515	5.206132	1.000000
4.768633	2.004823	0.679318	1.000000
2.110921	3.517141	1.600255	1.000000
0.092007	4.785680	1.814862	1.000000
2.433681	7.518898	3.286195	1.000000
2.250514	1.558349	3.388374	1.000000
6.457375	1.220620	0.103803	1.000000
7.523882	5.080485	4.135275	1.000000
3.591099	0.689513	4.174345	1.000000
1.489518	4.979916	0.860229	1.000000
2.512850	2.876732	0.928926	1.000000
7.050842	3.943789	5.533803	1.000000
7.466140	6.671097	0.934133	1.000000
4.294432	1.173630	1.890920	1.000000
4.572878	7.024398	2.564941	1.000000
0.875892	1.057949	2.679285	1.000000
0.447917	6.258705	0.952012	1.000000
5.224645	5.492525	1.646944	1.000000
4.282096	3.220144	4.899868	1.000000
6.628416	7.298618	7.005707	1.000000
0.572090	4.112481	2.569053	1.000000
2.273289	4.450376	0.006410	1.000000
0.315800	4.205841	4.467458	1.000000
0.586941	7.272555	4.735918	1.000000
1.955098	7.116467	4.101005	1.000000
3.828346	2.043986	2.567752	1.000000
2.055450	7.485242	0.030982	1.000000
4.207279	2.475891	0.003097	1.000000
7.699760	4.630724	0.903591	1.000000
3.136755	4.694002	0.043378	1.000000
4.942082	3.358471	0.015861	1.000000
3.980278	6.223334	0.071631	1.000000
7.823248	4.904146	4.997928	1.000000
2.223431	5.463289	5.319156	1.000000
4.658369	2.787048	6.947691	1.000000
6.480423	4.041803	0.034525	1.000000
1.947267	4.652498	8.058276	1.000000
6.233664	6.622670	4.533009	1.000000
7.416731	2.239059	5.385865	1.000000
3.707528	2.738871	4.287556	1.000000
6.524346	6.367915	5.386582	1.000000
5.575021	3.928835	2.495547	1.000000
5.775045	7.313618	5.001433	1.000000
2.113195	3.172251	7.247543	1.000000
4.421457	3.720845	6.048308	1.000000
6.576875	5.625145	0.758713	1.000000
2.380860	2.875291	4.144610	1.000000
6.105621	3.210507	1.800490	1.000000
6.183239	4.617398	5.572453	1.000000
7.911797	2.268734	7.097536	1.000000
5.603688	2.968893	2.640706	1.000000
3.834962	0.850084	2.662642	1.000000
6.301097	7.775738	4.233978	1.000000
2.585378	6.335700	4.291882	1.000000
2.620494	6.433586	7.015182	1.000000
5.143881	6.675045	6.268270	1.000000
1.037294	2.454650	0.045811	1.000000
7.533860	7.505240	2.608394	1.000000
3.604219	7.007507	5.368906	1.000000
5.090346	4.365808	1.646377	1.000000
1.425977	6.081292	0.857145	1.000000
0.111071	1.911595	0.009950	1.000000
3.156317	3.516786	1.657535	1.000000
4.283904	4.849072	7.180895	1.000000
5.400888	6.028613	4.411414	1.000000
5.421114	6.393105	8.134246	1.000000
1.381746	2.938070	2.656254	1.000000
5.116795	4.264554	6.908313	1.000000
2.827413	1.656566	5.294059	1.000000
1.003863	7.556317	3.588699	1.000000
6.812331	0.168099	0.084943	1.000000
7.342227	0.607692	5.051518	1.000000
6.037288	4.218420	1.607208	1.000000
1.337104	6.163095	7.238488	1.000000
3.623740	2.987615	2.476533	1.000000
4.521556	3.836574	0.752908	1.000000
1.454499	4.564908	4.471043	1.000000
6.535072	2.561381	2.715583	1.000000
3.376676	1.368406	3.453868	1.000000
3.475901	5.862707	2.527292	1.000000
3.538350	3.853036	0.838214	1.000000
0.884615	6.560164	1.788377	1.000000
5.015442	2.549967	5.342420	1.000000
2.902740	0.565285	3.400497	1.000000
1.962639	2.491956	1.837735	1.000000
6.786488	0.671716	4.228518	1.000000
6.671496	2.650158	1.067841	1.000000
3.635894	0.298361	6.652773	1.000000
5.896461	3.353734	6.248586	1.000000
7.929999	1.289573	0.859220	1.000000
2.276951	1.375596	0.024853	1.000000
4.170544	2.327028	1.592862	1.000000
3.756329	5.098907	0.761105	1.000000
1.552069	2.009311	7.120167	1.000000
4.681393	0.475395	7.076758	1.000000
7.061133	1.875023	3.473809	1.000000
3.991934	6.313366	1.854722	1.000000
3.852373	1.656082	4.459163	1.000000
6.974098	3.948662	3.633588	1.000000
4.825240	7.567121	3.333440	1.000000
6.870852	1.610205	2.555624	1.000000
3.757512	1.044590	5.966987	1.000000
1.846883	6.578681	0.006075	1.000000
7.489138	0.771521	0.002144	1.000000
5.909169	3.139721	0.051818	1.000000
4.107924	3.494308	1.650089	1.000000
3.983760	7.202615	0.012684	1.000000
5.402624	5.411137	0.068413	1.000000
1.916119	7.862245	5.832268	1.000000
0.285044	1.639610	3.754572	1.000000
3.605039	4.631092	6.058565	1.000000
3.537153	6.908431	2.582405	1.000000
3.121280	2.392038	1.705898	1.000000
7.895284	7.747134	0.030767	1.000000
1.673574	2.081121	4.220302	1.000000
7.690372	2.549804	2.969991	1.000000
1.627027	0.501349	0.075032	1.000000
1.510798	6.032605	2.482747	1.000000
0.016775	5.684872	3.370342	1.000000
1.908880	0.446308	3.634880	1.000000
3.973525	1.292766	6.950036	1.000000
4.152510	3.603848	7.063097	1.000000
5.990731	0.576140	2.547429	1.000000
4.737168	0.371112	1.674364	1.000000
1.143816	7.432921	6.173497	1.000000
7.530109	7.885481	1.743069	1.000000
4.976396	6.449761	1.767925	1.000000
3.275656	1.674015	0.000903	1.000000
4.879389	5.371822	3.309053	1.000000
3.339805	7.070472	0.838791	1.000000
1.268564	0.021346	2.753935	1.000000
2.399783	7.051567	0.816885	1.000000
3.684410	2.225706	5.190471	1.000000
7.906880	6.675501	0.016167	1.000000
3.633713	3.901432	5.297320	1.000000
7.199341	7.596968	0.802058	1.000000
2.311393	7.378341	5.034885	1.000000
6.425917	0.723591	3.341826	1.000000
0.057894	3.760305	5.495431	1.000000
4.397753	5.827250	4.425347	1.000000
4.555289	1.383697	5.367381	1.000000
2.928276	2.464233	6.127550	1.000000
6.156612	1.631469	3.733351	1.000000
4.818389	7.038454	4.532207	1.000000
7.040548	5.953688	0.042102	1.000000
0.947468	3.773628	5.062160	1.000000
5.783144	5.043079	3.342922	1.000000
6.807483	2.687698	7.086832	1.000000
5.295885	0.177475	4.992951	1.000000
2.327668	6.967197	2.501707	1.000000
1.485764	5.115796	2.546113	1.000000
2.062234	6.583948	1.588969	1.000000
4.445635	3.855339	2.509836	1.000000
0.625261	7.680212	1.679626	1.000000
3.510419	1.878063	0.938967	1.000000
6.935433	6.036140	3.490927	1.000000
6.626487	0.281048	1.690329	1.000000
0.911843	3.477486	6.231509	1.000000
2.793061	5.254726	7.193526	1.000000
3.014630	3.732102	0.018278	1.000000
7.058568	7.033521	0.021849	1.000000
6.433315	1.202075	1.770869	1.000000
4.816790	6.496890	3.711855	1.000000
5.433347	5.577946	6.092942	1.000000
7.632402	2.443460	4.180069	1.000000
1.804347	3.632697	4.199836	1.000000
2.573811	0.411891	0.087388	1.000000
4.161994	3.231392	8.035918	1.000000
2.705777	7.473378	1.773976	1.000000
6.254750	0.406705	5.223303	1.000000
0.043397	1.421515	4.840650	1.000000
5.276153	0.165362	0.801240	1.000000
0.807944	7.502166	0.000047	1.000000
0.453903	2.078898	2.599607	1.000000
5.167137	0.207557	5.993597	1.000000
7.330548	3.207610	4.814908	1.000000
0.035398	5.880300	1.738321	1.000000
4.358634	7.497178	5.836728	1.000000
5.311335	0.419495	3.708973	1.000000
6.967830	0.557493	2.541994	1.000000
7.769110	1.394539	5.850360	1.000000
6.956293	6.050755	1.637198	1.000000
2.033257	6.719357	6.094822	1.000000
6.432724	4.716547	4.132379	1.000000
0.761354	5.449915	5.143854	1.000000
0.869371	2.357228	5.843126	1.000000
2.584643	3.852896	0.895345	1.000000
2.743984	5.014244	2.433960	1.000000
3.122539	4.477000	1.612928	1.000000
0.791698	1.306657	6.882901	1.000000
7.226534	1.926505	1.720210	1.000000
3.649860	4.691360	4.622027	1.000000
0.304528	4.882188	6.992770	1.000000
5.535888	7.122320	3.833462	1.000000
4.208769	5.147094	5.224581	1.000000
1.378746	7.908693	4.480900	1.000000
1.706849	3.958152	2.453323	1.000000
7.515001	7.689924	5.999857	1.000000
0.874006	0.072758	0.825716	1.000000
0.617937	1.988305	0.792413	1.000000
3.883846	5.291532	3.783134	1.000000
4.217789	5.452302	6.316026	1.000000
0.526916	4.659550	5.695042	1.000000
4.526473	6.253341	5.335711	1.000000
6.114718	2.142743	1.785234	1.000000
0.508976	0.690044	1.742669	1.000000
0.719604	0.574967	3.533433	1.000000
2.748058	4.541928	5.216180	1.000000
0.894365	6.543037	8.027646	1.000000
6.849375	7.126978	1.734463	1.000000
7.763547	7.033878	4.311552	1.000000
7.710600	5.638842	6.988887	1.000000
6.038351	7.010181	6.123060	1.000000
3.932382	6.873172	4.347978	1.000000
3.699396	0.597104	0.015386	1.000000
1.516511	4.666082	5.609460	1.000000
7.960829	6.952028	1.734489	1.000000
7.427921	6.550210	2.431089	1.000000
3.933952	7.261770	1.690077	1.000000
5.097173	6.346865	0.066161	1.000000
0.195146	1.704725	1.764294	1.000000
5.718913	6.109223	1.058826	1.000000
3.017714	2.735345	0.067081	1.000000
1.756176	0.760686	6.562555	1.000000
2.982476	3.701676	4.422976	1.000000
6.452542	7.707014	2.429941	1.000000
4.427493	6.808717	0.848207	1.000000
2.012000	2.367115	0.015551	1.000000
5.812023	1.021836	4.426329	1.000000
0.903565	4.788502	3.232500	1.000000
3.806987	5.975016	7.175747	1.000000
4.071858	5.375137	1.700830	1.000000
4.209335	7.873539	4.172562	1.000000
1.973181	5.876116	6.564514	1.000000
4.649751	4.206075	4.663419	1.000000
3.470532	7.808515	4.897385	1.000000
3.279200	2.325807	3.518495	1.000000
1.072303	3.524853	1.628747	1.000000
6.064594	2.435520	8.168679	1.000000
3.505156	6.080042	4.835919	1.000000
1.330922	4.243392	6.868631	1.000000
5.749526	5.409801	5.138276	1.000000
2.919690	2.924885	4.951546	1.000000
5.446304	1.309174	0.072905	1.000000
4.454399	7.400282	6.905229	1.000000
7.902691	4.459528	3.378337	1.000000
2.941856	5.672654	3.502100	1.000000
3.742148	1.811633	8.021075	1.000000
2.272529	0.150395	2.422175	1.000000
3.082522	7.533157	0.017252	1.000000
4.161075	4.444741	1.345161	1.000000
5.586292	7.634813	8.032783	1.000000
5.354339	5.695067	7.053509	1.000000
7.176237	4.009879	1.621707	1.000000
4.311060	1.608891	3.643262	1.000000
2.159233	3.591705	3.235284	1.000000
7.124814	1.997735	0.034264	1.000000
6.124355	7.341356	0.032532	1.000000
3.254482	7.822995	2.795679	1.000000
6.171114	2.170903	0.034161	1.000000
6.340404	3.741954	4.570812	1.000000
1.962292	2.777239	5.991055	1.000000
6.516842	6.632314	0.911872	1.000000
0.137711	3.708599	7.111798	1.000000
2.147367	4.609881	1.759723	1.000000
5.283988	3.676622	5.364528	1.000000
6.688304	1.511508	5.133745	1.000000
0.964356	3.221287	4.058010	1.000000
2.552895	0.605785	1.529274	1.000000
7.754393	6.761939	3.359319	1.000000
7.506695	6.504542	6.448943	1.000000
0.469299	6.807240	5.726860	1.000000
2.184934	5.550013	0.010434	1.000000
2.607206	4.923192	0.790274	1.000000
1.771846	0.859261	5.291802	1.000000
6.898504	2.969966	5.827922	1.000000
2.020386	7.979091	0.970968	1.000000
6.666485	1.722329	0.952229	1.000000
7.589856	3.444597	0.939769	1.000000
6.184154	2.288575	5.499466	1.000000
0.103482	0.731499	6.748889	1.000000
6.473885	6.536377	2.750298	1.000000
6.919309	5.043190	3.401676	1.000000
5.157646	7.530771	0.010135	1.000000
2.734816	1.886937	4.135695	1.000000
0.764920	1.255863	5.603186	1.000000
4.595934	0.924576	4.442231	1.000000
4.233024	1.506225	0.019788	1.000000
2.554759	1.897344	0.855147	1.000000
4.988651	3.353583	3.328675	1.000000
0.798384	6.685735	3.786519	1.000000
6.218342	5.645599	4.076419	1.000000
1.257803	1.501046	1.777365	1.000000
2.551046	2.016646	7.022387	1.000000
2.608761	5.907032	0.816748	1.000000
4.111714	2.858299	3.390583	1.000000
1.090889	4.523903	1.718816	1.000000
5.177563	1.414822	3.794615	1.000000
1.433742	7.343071	7.160057	1.000000
6.848029	4.771883	7.057045	1.000000
2.714308	0.398742	4.685894	1.000000
4.985728	1.842675	7.152669	1.000000
6.832900	3.039988	3.731819	1.000000
6.895464	3.050164	0.065292	1.000000
7.880253	2.914021	0.029166	1.000000
2.651782	4.052873	2.439216	1.000000
2.969889	3.638997	6.072633	1.000000
1.153552	5.505806	0.092568	1.000000
7.225684	7.807897	4.446917	1.000000
1.842981	1.059293	2.584052	1.000000
0.612412	4.060973	0.893069	1.000000
1.130955	3.708709	3.306905	1.000000
5.953170	0.861601	0.960767	1.000000
7.601467	7.064134	5.269166	1.000000
1.336376	7.058027	2.866978	1.000000
2.810712	1.029894	2.545421	1.000000
0.856997	0.425978	6.231006	1.000000
1.845689	3.508801	0.114957	1.000000
0.548779	7.292153	2.526712	1.000000
6.629566	6.137687	6.940587	1.000000
7.306831	4.930921	0.021085	1.000000
0.473486	5.120456	4.039144	1.000000
0.137199	7.742231	6.811731	1.000000
7.030031	1.148513	7.107855	1.000000
0.174322	7.293810	0.820959	1.000000
3.300587	1.255572	1.712787	1.000000
0.603136	3.122918	0.870083	1.000000
1.260562	1.482456	3.502882	1.000000
6.710419	7.041603	3.788679	1.000000
0.688762	2.022306	4.508305	1.000000
5.765052	4.977911	0.879945	1.000000
0.448027	5.365698	2.562134	1.000000
2.064753	1.068717	4.333552	1.000000
2.929310	6.518079	0.014246	1.000000
4.081746	4.408711	0.071000	1.000000
6.018185	7.806534	3.331594	1.000000
3.804883	2.948234	5.932916	1.000000
4.382038	0.636546	3.480362	1.000000
6.309198	5.007639	0.030900	1.000000
4.770317	0.583919	0.048133	1.000000
3.267516	5.552206	0.085381	1.000000
6.214828	0.037900	6.094649	1.000000
7.331710	5.117451	6.170930	1.000000
1.470143	2.711055	5.007247	1.000000
7.904993	1.343112	2.686674	1.000000
6.343525	5.500089	2.755146	1.000000
0.099727	0.422560	4.279872	1.000000
1.044092	2.530721	1.681426	1.000000
0.778450	2.499613	3.488009	1.000000
3.952306	3.417204	0.022157	1.000000
4.713530	1.688128	2.657347	1.000000
7.318526	5.533787	2.630504	1.000000
7.057001	5.071845	1.635644	1.000000
1.123563	5.719245	3.508564	1.000000
3.043767	1.059813	0.754554	1.000000
5.957066	3.870093	3.396063	1.000000
5.677532	0.224483	1.695236	1.000000
1.921030	0.994403	0.899888	1.000000
3.044253	3.418893	8.127858	1.000000
1.465070	7.376088	1.961968	1.000000
1.538085	2.992172	0.838743	1.000000
0.299808	4.585604	0.033984	1.000000
2.477152	4.600712	4.308194	1.000000
5.646767	0.828442	6.755005	1.000000
0.607715	6.572568	6.649510	1.000000
2.932655	5.333307	4.627961	1.000000
2.062007	2.503588	3.311528	1.000000
2.010741	4.583808	3.333529	1.000000
6.856997	1.879261	6.384021	1.000000
2.937042	4.336988	7.011924	1.000000
2.799906	2.043709	2.666129	1.000000
4.925836	1.109067	0.898158	1.000000
3.688018	3.763384	2.998704	1.000000
5.538191	6.948689	2.786362	1.000000
6.199477	5.451028	1.846028	1.000000
7.180230	5.314286	8.051619	1.000000
1.949509	5.601792	1.559762	1.000000
1.910415	6.410507	3.452706	1.000000
0.298470	0.151508	5.256778	1.000000
2.893587	7.361664	5.936293	1.000000
5.063007	3.304862	1.690718	1.000000
3.392178	7.274471	6.929766	1.000000
5.732127	7.771252	7.039115	1.000000
7.028377	2.977613	1.916948	1.000000
5.634241	6.782675	7.206042	1.000000
2.446087	5.995404	2.533118	1.000000
2.595909	0.048840	6.883693	1.000000
6.158814	7.717560	0.992376	1.000000
3.025564	6.714626	3.566212	1.000000
5.789057	6.350763	3.432455	1.000000
3.968549	0.956749	0.978342	1.000000
4.586250	4.850281	2.285389	1.000000
