512
0.000000 8.000000
0.000000 8.000000
0.000000 8.000000
5.245760	1.979220	6.119350	1.000000
5.072102	7.448865	2.929551	1.000000
0.743777	1.055272	0.863097	1.000000
4.759070	5.760662	0.901973	1.000000
0.035539	4.495423	6.855193	1.000000
3.396342	7.102452	3.061970	1.000000
7.989123	3.761911	0.010012	1.000000
0.882723	3.414925	0.012216	1.000000
4.818640	4.900471	7.254193	1.000000
6.224389	6.585792	4.530098	1.000000
4.396872	7.503286	4.776942	1.000000
6.443923	4.967140	2.806603	1.000000
3.300584	0.427174	5.263505	1.000000
0.005706	3.733921	1.641988	1.000000
2.854639	0.861352	4.529557	1.000000
7.478920	0.982549	1.773775	1.000000
4.058785	7.866726	0.938883	1.000000
5.117567	2.236524	3.388113	1.000000
0.103461	2.686774	1.782146	1.000000
2.384714	4.495393	5.210369	1.000000
6.374551	7.808978	5.792747	1.000000
1.310377	6.238536	4.098910	1.000000
4.504850	4.862807	3.040635	1.000000
6.150006	6.191355	0.031435	1.000000
3.573241	2.786506	0.941495	1.000000
3.142829	5.648266	4.528657	1.000000
0.366038	3.416807	6.960437	1.000000
0.861325	5.743467	1.561947	1.000000
7.334868	4.321303	3.097395	1.000000
3.840552	7.229731	8.052143	1.000000
5.873223	1.945261	0.849160	1.000000
4.488812	6.625202	4.121503	1.000000
2.780523	1.676254	6.392597	1.000000
6.505372	2.506383	6.532871	1.000000
7.943120	5.210697	2.784002	1.000000
6.480611	3.921620	1.004277	1.000000
2.947369	5.365681	3.225614	1.000000
1.715926	0.690615	1.684494	1.000000
4.667110	4.806197	0.779376	1.000000
5.531487	2.922906	1.069339	1.000000
4.575639	7.394208	1.546971	1.000000
3.413062	1.518420	1.654366	1.000000
0.357852	1.823173	3.733512	1.000000
2.455821	1.466297	1.849869	1.000000
5.738519	0.472076	0.017264	1.000000
4.695960	3.295203	5.027303	1.000000
4.506758	2.833199	0.793023	1.000000
1.201373	1.405086	0.035762	1.000000
4.245744	4.017406	6.992900	1.000000
1.158672	6.590690	0.051706	1.000000
6.685952	3.440584	2.871995	1.000000
3.083672	0.079875	0.836559	1.000000
5.152322	2.506396	1.921275	1.000000
6.106492	2.047083	3.663439	1.000000
7.564724	2.457364	0.807436	1.000000
5.544713	3.931541	1.069657	1.000000
5.200810	1.310411	5.295633	1.000000
0.276247	5.817151	0.055298	1.000000
7.118931	7.427164	4.649794	1.000000
6.129040	4.445260	0.149356	1.000000
5.487562	1.480751	1.717541	1.000000
5.615278	2.303968	4.572841	1.000000
2.558919	4.264534	3.392428	1.000000
6.637055	5.115114	1.059356	1.000000
3.040879	6.626206	6.232048	1.000000
1.027554	1.643855	5.868757	1.000000
7.044528	5.777818	4.054967	1.000000
3.027427	5.503841	1.781775	1.000000
5.692808	7.540589	1.941914	1.000000
4.488486	0.043730	2.402824	1.000000
7.588729	3.206741	2.522146	1.000000
2.284713	3.434882	5.434480	1.000000
3.751925	1.839433	4.266641	1.000000
5.277868	6.481155	2.673622	1.000000
4.384254	1.508201	5.963008	1.000000
2.105242	2.787285	7.175656	1.000000
2.822150	3.496234	7.074663	1.000000
2.568956	2.739247	2.628284	1.000000
3.706506	3.279920	5.825424	1.000000
4.302337	5.367788	0.002095	1.000000
0.248977	0.619111	4.312248	1.000000
4.672974	5.699199	2.321669	1.000000
4.727468	3.104183	3.706790	1.000000
4.650644	2.972441	2.634879	1.000000
5.358281	7.014213	0.884079	1.000000
1.459999	3.902397	0.730435	1.000000
4.134886	2.116929	5.193930	1.000000
5.800325	1.922850	2.655207	1.000000
1.758899	2.135007	0.757199	1.000000
1.847732	1.949062	2.393592	1.000000
0.010740	0.344675	1.050379	1.000000
3.760361	5.053445	2.461968	1.000000
3.135298	6.506844	1.803935	1.000000
0.383376	3.312628	4.291352	1.000000
0.451829	7.063206	2.586354	1.000000
1.233609	7.207244	0.849994	1.000000
2.488481	6.274704	4.174392	1.000000
5.616792	5.173454	5.357110	1.000000
0.664205	0.749062	3.370724	1.000000
0.676958	5.835568	3.211895	1.000000
6.466024	1.147389	3.397636	1.000000
2.029637	4.347857	0.004306	1.000000
0.631739	3.196520	2.471981	1.000000
7.537665	2.977571	6.129228	1.000000
6.911048	0.579007	0.913033	1.000000
0.618235	5.269307	0.727711	1.000000
5.160023	2.410696	0.139946	1.000000
5.242240	3.772062	3.280104	1.000000
7.651994	4.728280	5.818402	1.000000
4.147990	3.675818	3.126331	1.000000
3.689639	0.895366	6.184286	1.000000
0.506279	0.644457	0.054551	1.000000
0.089256	5.876738	5.908453	1.000000
0.824143	4.740268	5.277419	1.000000
7.920220	4.004700	5.197102	1.000000
6.483863	3.974109	3.746320	1.000000
6.095549	3.640210	5.180889	1.000000
7.747393	5.490245	0.999015	1.000000
6.846349	2.613310	5.289823	1.000000
3.698880	6.063973	0.922410	1.000000
6.104803	1.178188	4.696434	1.000000
4.923771	1.961864	1.068348	1.000000
2.010945	3.600041	1.579466	1.000000
0.181659	5.020869	1.712319	1.000000
1.690023	7.178037	4.000569	1.000000
2.271025	1.172155	3.782057	1.000000
6.486848	1.104322	0.111043	1.000000
1.025298	5.247987	4.132716	1.000000
3.823198	0.420754	3.096205	1.000000
1.587219	4.876499	0.913455	1.000000
2.464876	2.956226	0.850621	1.000000
7.707086	2.621028	4.305054	1.000000
7.572750	6.674177	0.928134	1.000000
4.484589	1.390926	1.703641	1.000000
5.220705	7.490647	4.163768	1.000000
1.126273	1.242936	2.454246	1.000000
0.527131	6.373988	0.779581	1.000000
5.514124	5.532481	1.719609	1.000000
3.209008	2.580265	5.271414	1.000000
0.207827	0.487322	6.139685	1.000000
0.863765	4.775301	3.104600	1.000000
3.046158	4.696152	0.010929	1.000000
0.471294	3.758053	3.324661	1.000000
0.668966	5.808911	4.906692	1.000000
1.808554	0.337204	3.638115	1.000000
3.988420	2.487655	3.378199	1.000000
1.742705	7.446968	0.027736	1.000000
4.206798	2.386855	0.002323	1.000000
7.398387	4.491656	1.108902	1.000000
3.992764	4.444270	0.007175	1.000000
4.945866	3.395049	0.003051	1.000000
4.149740	6.285758	0.054963	1.000000
0.981276	7.510412	6.127892	1.000000
2.035686	5.098804	7.149094	1.000000
0.839052	2.052790	7.055595	1.000000
7.100937	4.242030	0.156513	1.000000
4.282217	5.982628	8.074631	1.000000
6.264765	7.414561	4.000460	1.000000
6.219386	1.813891	5.508108	1.000000
1.848708	2.089456	6.637662	1.000000
7.418826	7.907768	3.661288	1.000000
5.916030	4.178625	2.696730	1.000000
5.678178	6.817564	5.379318	1.000000
7.777258	5.473325	6.897217	1.000000
4.292997	4.201528	5.657307	1.000000
6.912446	6.094868	1.201452	1.000000
2.457344	2.857378	4.687489	1.000000
6.025472	3.496779	1.780794	1.000000
5.000465	5.052582	6.288119	1.000000
5.322108	3.785324	4.334377	1.000000
5.685178	2.890384	2.854720	1.000000
3.979485	1.101741	2.578183	1.000000
5.492256	6.612421	3.736512	1.000000
1.880051	5.429299	4.785421	1.000000
0.820204	5.391273	6.540411	1.000000
5.849934	7.221434	6.379159	1.000000
1.165154	2.515560	0.068862	1.000000
7.356230	7.314700	2.747793	1.000000
5.001253	0.484667	4.576075	1.000000
5.023738	4.582678	1.618323	1.000000
1.579344	5.994708	0.831597	1.000000
0.219343	1.725330	0.008143	1.000000
2.911192	3.491714	1.740171	1.000000
3.638419	6.898650	4.860184	1.000000
5.033476	5.822687	3.237537	1.000000
5.202408	5.393491	8.057808	1.000000
1.597727	3.184544	2.468797	1.000000
2.939458	5.677466	6.559431	1.000000
2.236215	0.100394	7.306232	1.000000
0.355910	7.871014	5.015870	1.000000
6.774942	0.034268	0.039853	1.000000
1.610009	0.218850	6.148995	1.000000
6.185311	4.642067	1.749523	1.000000
7.968409	6.850891	5.133040	1.000000
3.630828	2.833080	2.532082	1.000000
4.441772	3.889190	0.869958	1.000000
1.520953	4.501006	4.581731	1.000000
6.662861	2.403406	2.762176	1.000000
3.434411	1.276273	3.630911	1.000000
3.472144	6.191948	2.619008	1.000000
3.397876	3.756686	0.924720	1.000000
0.925054	6.797211	1.596643	1.000000
4.895948	4.609307	4.887527	1.000000
2.490040	7.466712	3.544861	1.000000
2.041294	2.650347	1.697556	1.000000
7.706101	1.513528	4.405753	1.000000
6.528491	2.765231	0.850066	1.000000
3.243455	1.004283	7.105738	1.000000
7.064875	3.554370	5.547877	1.000000
7.794473	1.463741	0.922289	1.000000
2.337256	1.431311	0.001671	1.000000
4.181015	2.433525	1.707856	1.000000
3.685772	5.071296	0.832083	1.000000
3.417075	1.503719	5.284802	1.000000
3.598257	2.304996	6.206851	1.000000
0.453799	2.724994	3.356178	1.000000
4.093260	6.422419	1.818056	1.000000
2.415971	2.130065	5.545156	1.000000
7.492357	3.914043	4.053539	1.000000
3.477767	6.567214	3.981793	1.000000
7.063679	1.519006	2.706027	1.000000
4.811277	2.285956	7.052813	1.000000
2.104530	6.325662	0.045762	1.000000
7.548501	0.864234	0.010381	1.000000
5.986343	3.378535	0.150975	1.000000
4.060812	3.408144	1.728740	1.000000
3.825248	7.277972	0.024991	1.000000
5.293531	5.331536	0.002725	1.000000
1.316487	0.629160	5.325894	1.000000
0.831271	2.408715	4.361535	1.000000
5.487358	7.813883	5.120490	1.000000
3.649297	7.424235	1.916276	1.000000
3.097516	2.463567	1.845845	1.000000
7.840865	7.947162	0.122492	1.000000
0.527226	3.956414	6.134103	1.000000
7.784578	2.191900	2.706849	1.000000
1.510555	0.478246	0.049229	1.000000
1.794500	5.606945	3.387703	1.000000
0.048994	6.053309	4.118779	1.000000
2.255257	0.080881	4.562848	1.000000
2.735816	2.838607	6.183551	1.000000
6.034854	3.654956	6.337414	1.000000
6.253662	0.910494	2.444955	1.000000
4.658745	0.396626	1.488665	1.000000
0.877373	6.407654	6.903699	1.000000
7.634430	7.752367	1.806293	1.000000
5.083109	6.508933	1.699141	1.000000
3.339156	1.370913	0.040681	1.000000
5.613866	4.798819	3.523117	1.000000
3.316316	7.078143	0.921734	1.000000
1.285335	0.234068	2.519740	1.000000
2.270197	7.092189	0.763373	1.000000
2.701627	1.850824	4.596720	1.000000
0.025027	6.744452	0.006981	1.000000
4.939464	7.321147	5.765272	1.000000
7.154549	7.673278	0.923774	1.000000
4.534572	6.566878	5.129928	1.000000
7.619557	1.023886	3.450047	1.000000
7.655724	7.886942	6.789389	1.000000
2.353685	5.094710	4.031913	1.000000
4.178155	1.077461	4.831100	1.000000
3.506808	2.034635	7.082446	1.000000
4.476047	1.311606	3.405632	1.000000
4.066113	5.722381	3.258789	1.000000
7.186066	6.073769	0.067747	1.000000
1.491305	4.006557	3.527124	1.000000
6.821062	4.892573	3.738766	1.000000
1.408768	3.229066	6.508069	1.000000
5.762172	0.432450	4.049315	1.000000
2.292977	6.811979	2.470704	1.000000
1.199471	5.268869	2.305017	1.000000
1.942590	6.601778	1.508483	1.000000
4.774842	4.149487	2.504954	1.000000
0.569689	7.709771	1.923104	1.000000
3.774233	1.824840	0.841282	1.000000
7.456617	6.951931	3.943483	1.000000
6.613585	0.263247	1.765597	1.000000
1.249254	4.600990	7.065337	1.000000
3.276345	7.234829	7.153823	1.000000
2.899698	3.585042	0.073177	1.000000
7.029207	7.121994	0.085919	1.000000
6.458558	1.246705	1.556821	1.000000
4.345032	6.795571	2.618088	1.000000
5.039095	6.300692	6.142078	1.000000
6.912982	0.843357	4.262686	1.000000
1.799367	4.168544	6.133366	1.000000
2.568315	0.563836	0.144763	1.000000
3.851203	4.401201	8.020598	1.000000
2.597711	7.427005	1.602740	1.000000
7.385116	7.401561	5.748630	1.000000
1.384127	0.901413	4.319284	1.000000
5.206758	7.983000	0.772923	1.000000
0.748952	7.547814	0.021196	1.000000
0.873175	2.127243	2.645057	1.000000
6.141170	0.795254	5.823075	1.000000
6.839071	2.002284	4.423851	1.000000
7.598217	5.874596	2.106801	1.000000
4.616499	0.325188	5.591083	1.000000
6.435812	0.067207	4.824929	1.000000
7.144314	0.386611	2.547648	1.000000
6.574446	0.831211	6.937280	1.000000
6.031243	6.644902	1.907932	1.000000
4.265418	7.707416	7.020191	1.000000
6.998288	4.333625	4.962951	1.000000
7.621037	5.113350	4.727295	1.000000
0.976314	1.047933	6.647651	1.000000
2.487181	4.136813	0.912600	1.000000
2.776942	4.811227	2.470775	1.000000
3.224535	4.513543	1.618128	1.000000
7.062554	0.430775	6.137165	1.000000
7.214937	2.011119	1.826092	1.000000
3.956957	5.225089	4.161345	1.000000
5.983889	5.876919	5.844636	1.000000
4.920122	0.315445	3.542905	1.000000
2.740886	7.541607	5.230491	1.000000
0.183503	0.899667	5.154870	1.000000
2.458619	3.754657	2.613917	1.000000
1.255405	7.911340	4.397116	1.000000
1.034459	0.222826	0.981295	1.000000
0.676296	2.136352	0.840349	1.000000
3.580220	4.429813	3.294858	1.000000
3.817708	5.146157	7.163923	1.000000
1.592265	5.170119	5.636224	1.000000
4.973778	5.436357	4.107611	1.000000
6.214043	2.310669	1.846614	1.000000
0.523247	0.755567	1.858112	1.000000
0.196638	0.159201	2.725192	1.000000
2.579751	4.862453	6.134804	1.000000
6.858235	5.923879	8.156657	1.000000
6.649141	7.356728	1.635287	1.000000
7.395573	5.961307	5.132760	1.000000
6.602196	6.356162	7.098295	1.000000
5.470383	4.256846	5.776827	1.000000
2.788067	6.543698	5.172326	1.000000
3.617812	0.342627	0.044594	1.000000
3.189956	4.389235	4.183232	1.000000
7.853269	6.742745	1.826184	1.000000
6.893563	6.570680	2.349658	1.000000
3.730087	0.409975	1.703488	1.000000
5.136800	6.409037	0.050609	1.000000
0.404791	1.712980	1.780845	1.000000
5.885462	6.090640	0.969005	1.000000
3.172633	2.439196	0.046054	1.000000
0.109646	7.130001	7.140651	1.000000
3.629117	4.814034	5.051200	1.000000
6.093977	7.196683	2.765194	1.000000
4.372860	6.812811	0.792616	1.000000
2.264221	2.393967	0.030419	1.000000
5.511400	1.057395	3.309736	1.000000
1.370795	4.210657	2.512704	1.000000
2.959593	5.587314	5.472693	1.000000
4.157778	5.450141	1.599527	1.000000
5.132946	1.414397	4.209252	1.000000
4.487553	5.837188	6.941234	1.000000
4.445129	2.578369	5.994995	1.000000
3.482488	7.484964	5.885464	1.000000
3.047644	2.673144	3.855736	1.000000
1.064279	3.645745	1.682684	1.000000
5.233115	1.417026	8.035401	1.000000
3.257452	3.629440	5.035457	1.000000
1.978608	7.224260	6.169178	1.000000
5.919257	4.707675	4.457011	1.000000
4.004955	4.055758	4.575601	1.000000
5.525715	1.486494	0.033514	1.000000
5.912132	2.845558	7.313755	1.000000
7.753310	5.114382	3.720468	1.000000
2.676023	6.350913	3.310883	1.000000
3.293382	2.365805	8.080734	1.000000
2.233712	7.874988	2.484449	1.000000
2.831881	7.624907	0.028512	1.000000
4.137003	4.407769	1.681887	1.000000
5.770215	0.448495	8.074719	1.000000
5.686349	5.833465	6.949857	1.000000
6.975745	3.932987	2.134346	1.000000
3.936571	2.910340	4.590549	1.000000
2.193041	3.244636	3.393296	1.000000
7.209486	1.991363	0.059261	1.000000
5.928517	7.221814	0.005125	1.000000
3.165424	7.905609	2.569397	1.000000
6.230486	2.339048	0.032550	1.000000
4.655558	2.242548	4.371617	1.000000
0.288998	2.958070	5.225825	1.000000
6.405293	6.818712	0.875685	1.000000
5.936142	4.843247	6.746905	1.000000
2.070256	4.548549	1.718195	1.000000
6.521888	4.892434	5.563395	1.000000
0.569227	2.619640	6.126088	1.000000
1.523354	2.484134	5.564012	1.000000
2.708888	0.415918	1.701467	1.000000
0.569079	6.814288	3.577519	1.000000
1.351024	6.483361	5.206842	1.000000
1.941219	6.152810	6.978763	1.000000
2.338346	5.347871	0.051840	1.000000
2.615986	5.143542	1.024741	1.000000
2.512825	0.865110	5.812282	1.000000
4.683435	3.330706	6.527567	1.000000
2.021542	0.023403	0.904874	1.000000
6.813932	1.692494	0.846720	1.000000
7.381074	3.598737	0.865150	1.000000
6.660952	3.946953	7.242237	1.000000
5.376413	1.075584	6.464048	1.000000
6.101103	5.687088	3.907507	1.000000
7.016642	5.796244	2.989056	1.000000
4.883089	7.424510	0.000785	1.000000
1.675255	1.847227	4.357654	1.000000
2.005726	1.159421	5.016314	1.000000
4.000569	0.387780	4.158700	1.000000
4.565675	1.482977	0.008993	1.000000
2.837157	2.089259	1.020176	1.000000
5.992572	3.132789	3.796413	1.000000
0.848351	6.990542	4.528868	1.000000
6.484129	5.474876	4.720614	1.000000
1.417371	1.665551	1.542940	1.000000
1.224061	3.869979	5.308776	1.000000
2.757880	6.165685	0.973589	1.000000
4.644314	4.379049	3.858373	1.000000
1.078519	4.617602	1.673838	1.000000
4.999809	1.021312	2.419498	1.000000
7.847500	2.140431	5.480147	1.000000
6.956918	5.544392	6.278114	1.000000
1.841176	7.385805	5.016552	1.000000
5.532237	3.895861	7.280756	1.000000
7.340547	3.111798	3.478865	1.000000
7.029501	3.015832	0.013440	1.000000
0.089939	2.752195	0.030531	1.000000
3.141145	3.535504	3.151207	1.000000
3.811852	3.086847	6.976375	1.000000
1.290531	5.531233	0.001744	1.000000
0.309654	7.677260	4.143002	1.000000
2.079604	0.825848	2.689523	1.000000
0.473981	4.243794	0.790837	1.000000
0.318593	4.254333	2.423357	1.000000
5.949815	0.853985	0.907255	1.000000
7.278172	1.310614	5.341320	1.000000
1.423885	6.267868	2.393903	1.000000
3.077203	0.918864	2.376371	1.000000
0.576156	0.194719	7.081683	1.000000
1.935341	3.335776	0.056766	1.000000
1.440305	7.264150	2.642416	1.000000
4.590138	5.492029	5.195007	1.000000
7.637059	5.006353	0.095759	1.000000
0.436345	4.288965	4.259701	1.000000
5.896711	0.116228	6.824320	1.000000
4.506810	1.201625	6.945420	1.000000
0.238414	7.384668	0.994018	1.000000
3.507416	1.878651	2.563840	1.000000
0.437773	3.184642	0.925302	1.000000
2.150359	2.315317	3.612197	1.000000
6.443632	0.040908	3.127013	1.000000
7.324662	2.088898	3.545682	1.000000
5.737648	5.065026	0.815031	1.000000
0.556299	6.140091	2.341799	1.000000
2.822766	0.489094	3.398256	1.000000
3.086558	6.633669	0.049687	1.000000
5.184098	4.336492	0.007258	1.000000
5.485555	0.242385	2.731592	1.000000
6.056121	1.713854	6.991388	1.000000
4.274562	7.424451	3.678276	1.000000
6.618139	5.298314	0.051680	1.000000
4.640752	0.506990	0.007743	1.000000
3.272839	5.615822	0.123833	1.000000
5.386148	3.236292	5.648896	1.000000
7.235862	3.982314	6.499955	1.000000
7.458004	6.478538	6.204973	1.000000
0.084010	1.198030	2.631201	1.000000
6.021124	5.900451	2.909040	1.000000
7.427761	0.335919	5.108027	1.000000
1.046079	2.538965	1.833642	1.000000
1.305776	2.866789	3.606837	1.000000
3.871596	3.342976	0.129356	1.000000
4.429468	1.980273	2.526088	1.000000
7.766237	6.368021	3.113941	1.000000
7.297309	4.874543	2.071445	1.000000
0.855052	7.766538	3.357024	1.000000
2.867445	1.066711	0.945789	1.000000
6.640940	3.247086	4.472863	1.000000
5.614662	0.476152	1.755444	1.000000
1.748764	1.088362	0.795267	1.000000
2.641130	4.899268	8.130870	1.000000
1.493100	7.645242	1.740374	1.000000
1.439273	2.923697	1.069153	1.000000
1.056637	4.590912	0.065147	1.000000
2.308482	3.823942	4.341095	1.000000
4.986647	0.119489	6.533962	1.000000
1.491914	7.265945	7.132201	1.000000
3.648940	4.933515	6.025929	1.000000
1.391471	3.433129	4.449384	1.000000
1.864863	4.858666	2.947479	1.000000
7.400494	1.238842	6.642915	1.000000
2.930278	3.891077	6.086990	1.000000
2.463683	1.633350	2.927593	1.000000
5.060072	0.981880	0.941528	1.000000
3.503253	3.948793	2.407813	1.000000
6.643736	6.689064	3.472484	1.000000
6.479976	5.549791	2.019101	1.000000
5.996049	3.322253	8.274994	1.000000
1.966972	5.531551	1.733840	1.000000
1.536537	6.558127	3.215114	1.000000
1.393871	1.495754	3.414516	1.000000
2.045229	6.321915	5.981235	1.000000
5.000545	3.461727	1.725381	1.000000
3.060913	0.175179	6.607936	1.000000
5.067462	7.082174	7.038376	1.000000
6.998965	3.102198	1.584800	1.000000
6.711192	6.644582	5.517017	1.000000
2.348458	5.781369	2.520348	1.000000
1.960229	1.031339	7.088260	1.000000
6.193920	7.793085	0.820881	1.000000
3.294253	7.595854	4.054666	1.000000
5.423655	6.063254	4.718143	1.000000
4.126764	0.980331	0.881461	1.000000
5.406780	5.179487	2.598223	1.000000
