512
0.000000 8.000000
0.000000 8.000000
0.000000 8.000000
5.758585	2.156317	7.110046	1.000000
5.293553	0.812636	2.543175	1.000000
0.852694	1.280648	0.862905	1.000000
4.431129	6.099366	0.901167	1.000000
2.254200	2.733157	6.251365	1.000000
4.430223	6.832007	2.481079	1.000000
7.989207	3.828155	0.104343	1.000000
0.973224	3.580547	0.004554	1.000000
3.898492	3.158830	5.795496	1.000000
6.229724	6.012827	5.438766	1.000000
3.619007	6.343881	5.237224	1.000000
5.889933	5.823537	2.492385	1.000000
5.078219	0.618079	4.170951	1.000000
7.697378	3.850918	1.701712	1.000000
3.333791	7.540973	5.010823	1.000000
7.528704	0.975069	1.972217	1.000000
4.096627	0.242704	0.850000	1.000000
6.678817	3.112385	3.509605	1.000000
7.997731	2.921625	1.872644	1.000000
0.334132	6.009418	5.144528	1.000000
7.197408	6.093564	4.131238	1.000000
1.102131	6.545714	5.392987	1.000000
5.896136	6.314734	1.566187	1.000000
5.865986	6.265129	0.036031	1.000000
3.389391	3.290128	1.015773	1.000000
1.927933	5.188083	4.335441	1.000000
0.521853	3.285475	5.568495	1.000000
1.203468	5.789127	1.720803	1.000000
5.542710	4.734856	2.598585	1.000000
5.098793	7.515022	8.021810	1.000000
5.826446	2.050422	0.899551	1.000000
4.276190	5.001813	5.268761	1.000000
4.851858	0.033930	5.289760	1.000000
7.786234	1.507943	6.883432	1.000000
6.422962	4.955722	3.648858	1.000000
6.375499	3.799378	0.804855	1.000000
3.253376	6.588286	3.204789	1.000000
1.476523	0.560973	1.675074	1.000000
4.754505	4.958996	0.872582	1.000000
5.548918	3.012324	0.820582	1.000000
4.906378	7.287031	1.665856	1.000000
3.588502	0.481998	1.713323	1.000000
5.316214	2.333545	4.589369	1.000000
2.429071	1.565039	1.666233	1.000000
5.580361	0.509641	0.053235	1.000000
4.044877	4.360505	3.713152	1.000000
4.491310	2.980619	1.024576	1.000000
1.449303	1.475050	0.050389	1.000000
3.483173	5.459657	5.628713	1.000000
0.835340	6.589234	0.034159	1.000000
6.315366	4.093642	2.594205	1.000000
3.137017	0.188595	0.764764	1.000000
5.292374	2.466396	1.629430	1.000000
6.694557	1.603280	4.364884	1.000000
7.695905	2.578364	0.973907	1.000000
5.394965	4.007368	0.831561	1.000000
6.435994	0.893573	6.201292	1.000000
0.183621	5.756581	0.005295	1.000000
7.588077	7.983681	3.648886	1.000000
5.871107	4.310656	0.040171	1.000000
5.409244	1.418271	1.608318	1.000000
5.769626	1.442008	4.321506	1.000000
3.382994	5.172220	3.581894	1.000000
6.773148	4.628056	0.964456	1.000000
3.522059	5.575150	7.100881	1.000000
2.543092	1.767343	6.228187	1.000000
1.768336	5.780449	6.725152	1.000000
3.409153	5.608544	1.701824	1.000000
5.831018	7.317755	1.621212	1.000000
4.239650	7.882089	2.425770	1.000000
7.239157	3.474026	2.500687	1.000000
3.521941	1.130387	5.955653	1.000000
5.737771	2.599576	5.954733	1.000000
5.423618	7.770500	2.424012	1.000000
5.495014	0.877522	5.134234	1.000000
2.981705	3.593095	6.184412	1.000000
4.840251	3.096100	6.671526	1.000000
2.172703	2.874765	2.398117	1.000000
4.797226	6.941503	5.599739	1.000000
4.470904	5.540722	0.070786	1.000000
7.815295	1.423286	3.611405	1.000000
4.849887	6.007497	2.762676	1.000000
5.292654	2.235747	3.579781	1.000000
4.593717	3.113939	2.567791	1.000000
5.338889	6.899781	0.817902	1.000000
1.381983	3.706895	0.993394	1.000000
4.809907	4.143763	4.595039	1.000000
6.084069	1.481727	2.398769	1.000000
1.753602	1.980405	0.938860	1.000000
1.708974	2.023242	2.818579	1.000000
7.936575	0.463967	0.963591	1.000000
3.609015	3.900682	2.754542	1.000000
2.925130	6.682941	1.666929	1.000000
7.633507	3.493611	3.392486	1.000000
0.035567	0.382877	2.575030	1.000000
1.260080	7.371153	0.912374	1.000000
0.405068	5.814316	6.816861	1.000000
7.112921	4.122223	5.024770	1.000000
0.763309	1.357218	4.272359	1.000000
0.605109	6.292609	2.362274	1.000000
6.723326	0.887060	3.669980	1.000000
1.500282	4.625014	0.031191	1.000000
0.375540	3.158790	2.701103	1.000000
0.384287	2.650331	6.456419	1.000000
6.979464	0.666952	0.992272	1.000000
0.557618	5.309388	0.829801	1.000000
5.335588	2.429775	0.022127	1.000000
3.622735	3.232077	3.876951	1.000000
2.872881	4.543207	5.885608	1.000000
2.383429	2.646055	3.455975	1.000000
4.370497	0.868859	4.949106	1.000000
0.543698	0.639523	0.010800	1.000000
0.795378	5.476211	5.948601	1.000000
7.326522	5.652384	4.961921	1.000000
1.238636	3.465532	6.323609	1.000000
6.099169	3.726445	4.167039	1.000000
7.688089	5.306842	5.883491	1.000000
7.483690	5.388299	1.018002	1.000000
6.697937	3.487482	7.257919	1.000000
3.457184	6.103715	0.825110	1.000000
6.781968	7.709126	4.839326	1.000000
4.764160	2.051753	0.784508	1.000000
2.079806	3.766353	1.782271	1.000000
0.253021	4.803192	1.616059	1.000000
2.709246	7.504963	3.313712	1.000000
2.655820	1.543083	3.409578	1.000000
6.675825	1.228889	0.086363	1.000000
7.859019	4.485067	3.712184	1.000000
4.073205	0.377267	4.146280	1.000000
1.793124	5.355651	0.861402	1.000000
2.396969	3.383628	0.842288	1.000000
6.375596	3.257453	5.157559	1.000000
7.378393	6.668254	0.835782	1.000000
4.488601	1.430223	1.684902	1.000000
3.921623	6.627336	1.573972	1.000000
0.957836	1.227457	2.505929	1.000000
0.304007	6.388595	0.865402	1.000000
5.301866	5.357499	1.703706	1.000000
4.947325	3.150891	4.198620	1.000000
6.843729	7.372397	6.625774	1.000000
0.280027	4.226344	2.661318	1.000000
2.705769	4.556860	0.023942	1.000000
7.229647	3.257459	4.265775	1.000000
0.294421	0.116411	4.491196	1.000000
2.193249	0.042278	4.031877	1.000000
3.945094	1.861178	2.546067	1.000000
1.729269	7.485886	0.000369	1.000000
4.365231	2.650041	0.015654	1.000000
7.665620	4.462593	0.878730	1.000000
3.834206	4.574747	0.036124	1.000000
4.914984	3.426308	0.070704	1.000000
3.736976	6.719074	0.006637	1.000000
7.051300	4.623319	6.546635	1.000000
1.182207	5.374825	4.982556	1.000000
3.502307	1.637748	6.971454	1.000000
6.975435	4.079080	0.112762	1.000000
1.360429	4.022280	8.104336	1.000000
6.356724	6.578623	4.542968	1.000000
7.854215	2.785913	4.773140	1.000000
3.618362	1.441198	4.522028	1.000000
7.088196	6.646698	5.155340	1.000000
5.467917	3.668450	2.492032	1.000000
4.491312	6.198183	4.949409	1.000000
2.096997	3.915062	6.879189	1.000000
5.836462	3.568027	6.193541	1.000000
6.399815	5.897566	0.854655	1.000000
1.792275	3.039048	4.219766	1.000000
6.133391	3.039205	1.767522	1.000000
6.622646	5.676693	6.384138	1.000000
0.431751	1.625839	5.254855	1.000000
5.606554	2.419636	2.588277	1.000000
4.259897	0.880186	2.636013	1.000000
5.719729	7.831986	4.977781	1.000000
1.510450	7.213908	3.988752	1.000000
3.112309	7.076857	7.030210	1.000000
4.713268	5.310617	6.937194	1.000000
1.020605	2.268717	0.001922	1.000000
7.353583	7.447668	2.513016	1.000000
4.339787	6.703764	6.823298	1.000000
4.884473	4.418633	1.720294	1.000000
1.329587	6.205990	0.879090	1.000000
0.357288	1.624065	0.055362	1.000000
3.112910	3.720051	1.876106	1.000000
4.013183	3.960602	7.161508	1.000000
4.517932	5.171225	4.237277	1.000000
5.844760	6.206623	8.050806	1.000000
1.355361	3.298773	2.442441	1.000000
5.613418	3.194328	7.289272	1.000000
2.758571	1.572540	5.173331	1.000000
0.484631	7.397109	3.979331	1.000000
6.753476	0.164826	0.007779	1.000000
6.621541	0.880130	5.221579	1.000000
5.864383	4.194708	1.677554	1.000000
0.734113	6.526992	4.313881	1.000000
3.464176	2.930304	2.517092	1.000000
4.332152	3.921514	0.927858	1.000000
1.154539	4.749600	3.975412	1.000000
6.477540	2.701706	2.605728	1.000000
3.604669	1.378569	3.433531	1.000000
3.223521	5.114390	2.557992	1.000000
3.227194	4.262402	0.978497	1.000000
0.921988	6.854011	1.658355	1.000000
5.289488	3.431534	5.107414	1.000000
3.064443	0.710193	4.025729	1.000000
1.838105	2.815064	1.469444	1.000000
6.241661	0.413260	4.320854	1.000000
6.492216	2.791824	0.854689	1.000000
3.666752	7.129037	6.099158	1.000000
6.710469	3.990532	5.939014	1.000000
7.773642	1.550246	0.962752	1.000000
2.479420	1.674137	0.127204	1.000000
4.340082	2.413300	1.886217	1.000000
3.723146	5.092142	0.950349	1.000000
1.121378	1.887648	6.890840	1.000000
4.876050	0.132796	6.873020	1.000000
7.228804	2.232057	3.846670	1.000000
3.585254	5.984864	2.584663	1.000000
3.168287	0.633822	5.092846	1.000000
7.111284	4.838625	4.395613	1.000000
4.969134	7.250013	3.241779	1.000000
6.903341	1.422377	2.835901	1.000000
4.437522	1.898749	5.318692	1.000000
1.810482	6.541428	0.011139	1.000000
7.546219	0.973705	0.040637	1.000000
6.121623	3.262910	0.035380	1.000000
4.126904	3.797114	1.963291	1.000000
3.703804	7.828125	0.046665	1.000000
5.430858	5.253164	0.033071	1.000000
1.862500	7.047785	5.137907	1.000000
0.916212	1.689598	3.374966	1.000000
2.781155	6.155714	6.090813	1.000000
3.113694	0.001675	2.381761	1.000000
3.108464	2.653633	1.632070	1.000000
7.763016	7.798119	0.040925	1.000000
2.780022	2.270300	4.271550	1.000000
7.656886	2.348706	2.748382	1.000000
1.530688	0.501097	0.048440	1.000000
1.627955	6.777022	2.625858	1.000000
0.565029	5.072284	3.303103	1.000000
1.228782	0.302376	4.012566	1.000000
2.569001	2.171485	7.128386	1.000000
5.504903	4.978850	6.310334	1.000000
6.206800	0.497718	2.605122	1.000000
4.635285	0.400461	1.631890	1.000000
2.694323	7.945269	6.143554	1.000000
7.597453	7.913384	1.703679	1.000000
4.956210	6.294866	1.752970	1.000000
3.638221	1.945936	0.037746	1.000000
5.584572	5.537986	3.702673	1.000000
3.199943	7.051696	0.799149	1.000000
2.498332	0.558362	3.199821	1.000000
2.170022	7.050384	0.950587	1.000000
2.038739	3.855398	5.654820	1.000000
7.836093	6.782191	0.013519	1.000000
3.402772	3.056520	7.205684	1.000000
7.192533	7.678205	0.857228	1.000000
1.202113	7.764891	4.918201	1.000000
6.242915	2.015033	3.300774	1.000000
7.232887	3.144083	5.716499	1.000000
3.597103	5.450749	4.418882	1.000000
4.160502	2.388859	4.343021	1.000000
1.592416	4.896469	5.985036	1.000000
5.776716	1.153312	3.410381	1.000000
3.381713	6.739133	4.158083	1.000000
7.065297	6.002857	0.154421	1.000000
0.110773	3.803799	4.546985	1.000000
4.899663	4.987647	3.298929	1.000000
7.929650	3.589985	6.832132	1.000000
5.724495	0.155181	3.378126	1.000000
2.423304	7.163218	2.380162	1.000000
1.522222	5.790183	2.642248	1.000000
1.966782	6.545717	1.734767	1.000000
4.690898	4.269419	2.657581	1.000000
0.601456	7.806104	1.899677	1.000000
3.772931	2.380011	1.035192	1.000000
7.560234	5.414565	3.501107	1.000000
6.648031	7.967098	1.920404	1.000000
0.784092	4.186125	5.899932	1.000000
2.604248	5.296130	6.414544	1.000000
2.842167	3.597652	0.047855	1.000000
6.844239	7.144370	0.033336	1.000000
6.483494	0.996358	1.722999	1.000000
4.813863	6.479369	3.778477	1.000000
6.717999	5.068928	5.661644	1.000000
1.102138	2.216058	4.593646	1.000000
3.131536	4.445704	4.314322	1.000000
2.528184	0.486003	0.004520	1.000000
4.113826	4.645502	8.204212	1.000000
2.741681	7.648219	1.529805	1.000000
5.677628	0.209381	6.259043	1.000000
7.773833	1.739875	4.508779	1.000000
5.090693	7.909658	0.889226	1.000000
0.774176	7.601135	0.032417	1.000000
0.707220	2.239736	2.580061	1.000000
5.310593	6.923769	4.780678	1.000000
6.115105	2.591467	4.206754	1.000000
0.183326	5.764248	1.697036	1.000000
5.219721	5.883704	5.837979	1.000000
5.138480	7.627906	4.123847	1.000000
7.095536	0.416060	2.811318	1.000000
7.396148	1.815129	5.485662	1.000000
6.916612	5.963785	1.681681	1.000000
2.248992	7.198601	6.518566	1.000000
5.605057	4.698067	4.314533	1.000000
0.286964	4.718469	5.317853	1.000000
2.066560	1.288369	7.204256	1.000000
2.121458	4.351472	0.918706	1.000000
2.412760	5.398666	3.039870	1.000000
2.671040	4.797860	1.796998	1.000000
3.965097	0.733252	6.791932	1.000000
7.283407	1.848396	1.908717	1.000000
4.093840	3.564584	4.643667	1.000000
0.272643	4.650227	6.534475	1.000000
5.416087	5.981578	4.627413	1.000000
4.003470	4.645858	6.116732	1.000000
0.549907	0.073515	5.702827	1.000000
1.262913	4.243055	2.392251	1.000000
6.955135	0.398046	7.025276	1.000000
0.902400	0.288546	0.881457	1.000000
0.634928	2.212721	0.879409	1.000000
4.196252	5.783830	3.589689	1.000000
2.107525	5.540496	5.517050	1.000000
0.252883	6.463557	5.993153	1.000000
4.101710	5.911020	6.158787	1.000000
6.363409	2.072768	1.707182	1.000000
0.568435	0.810051	1.680780	1.000000
0.466080	0.726558	3.452360	1.000000
2.843079	5.698024	4.971251	1.000000
1.444250	6.980572	8.035211	1.000000
6.862778	6.994373	1.638930	1.000000
0.065996	6.236148	3.583686	1.000000
6.643938	6.341239	7.149586	1.000000
6.106149	6.944843	5.771527	1.000000
3.965415	7.277412	3.382650	1.000000
3.588761	0.891032	0.060027	1.000000
2.048658	3.949008	4.158073	1.000000
7.954490	6.774613	1.843278	1.000000
7.589298	6.502412	2.826298	1.000000
3.774927	7.549977	1.574571	1.000000
4.816175	6.507310	0.036914	1.000000
0.263709	1.778369	1.787131	1.000000
5.336164	5.846383	0.798645	1.000000
3.181024	2.723680	0.256664	1.000000
3.302029	2.505194	6.250895	1.000000
2.730630	3.443113	4.966623	1.000000
6.346600	7.328806	2.830533	1.000000
4.258984	7.161099	0.774206	1.000000
2.158627	2.603765	0.030480	1.000000
4.759719	2.746641	5.711189	1.000000
0.865379	3.801476	3.304267	1.000000
5.175329	4.124608	6.728665	1.000000
4.354239	5.392511	1.808130	1.000000
3.744568	0.312622	3.233963	1.000000
1.143170	4.115509	4.905131	1.000000
4.687832	3.893010	5.608314	1.000000
4.196735	7.443990	4.483333	1.000000
3.308633	2.329073	3.278124	1.000000
0.645416	3.762723	1.748337	1.000000
7.557789	0.268872	8.040982	1.000000
1.790593	6.229990	4.673886	1.000000
1.113891	4.695868	7.104448	1.000000
5.404190	5.035920	5.206244	1.000000
2.188536	2.451837	5.094437	1.000000
5.580589	1.490739	0.139610	1.000000
3.876614	7.697639	7.026771	1.000000
7.253044	4.435345	2.695950	1.000000
2.652369	5.797736	3.972555	1.000000
3.600775	3.655869	8.195774	1.000000
1.988831	0.132508	2.388478	1.000000
2.686471	7.478973	0.056244	1.000000
3.788844	4.640410	1.777138	1.000000
7.058256	7.096486	8.041140	1.000000
5.527780	6.007177	7.040654	1.000000
6.748208	3.832717	1.693701	1.000000
4.315910	2.475721	3.321477	1.000000
2.023386	3.558589	3.197206	1.000000
7.420967	2.056191	0.025892	1.000000
5.913950	7.436842	0.010566	1.000000
3.299422	7.732044	4.095980	1.000000
6.332775	2.103908	0.031177	1.000000
6.099523	4.412915	5.075276	1.000000
1.619509	2.822800	7.256897	1.000000
6.355055	6.937047	0.825597	1.000000
7.675223	4.090148	5.859492	1.000000
1.814891	4.982927	2.197196	1.000000
7.337992	2.663602	7.004374	1.000000
6.165025	1.684286	5.195395	1.000000
0.730507	3.060402	4.212355	1.000000
2.460916	0.626019	1.622165	1.000000
0.636043	7.275406	2.739597	1.000000
0.317106	7.152421	5.130481	1.000000
1.603160	7.568898	5.940942	1.000000
2.291705	5.521076	0.023236	1.000000
2.800435	5.109880	0.892554	1.000000
2.382928	7.963513	5.018204	1.000000
6.864180	2.471956	4.900012	1.000000
2.191135	0.046473	0.810198	1.000000
6.838378	1.750948	0.884505	1.000000
7.377181	3.555319	0.873788	1.000000
6.781490	2.206362	6.000535	1.000000
5.793551	0.767041	7.062400	1.000000
6.611862	6.423802	2.463600	1.000000
6.253811	5.443146	4.581381	1.000000
4.903081	7.471992	0.005685	1.000000
3.499663	2.654508	4.954378	1.000000
1.250668	0.714833	5.188162	1.000000
4.780802	1.625053	4.374397	1.000000
4.584622	1.552324	0.003608	1.000000
2.716044	2.246486	0.932275	1.000000
5.710791	3.103639	3.386224	1.000000
0.979368	6.598223	3.367073	1.000000
6.442746	5.961465	3.491050	1.000000
1.364725	1.614898	1.693329	1.000000
1.418272	0.510623	6.649554	1.000000
2.426026	6.067638	0.919558	1.000000
4.547662	3.581056	3.447408	1.000000
1.223107	4.824688	1.381783	1.000000
4.638879	1.376226	3.527895	1.000000
0.893238	7.412610	6.729403	1.000000
6.187566	5.224051	7.193017	1.000000
2.784733	6.802491	5.405207	1.000000
4.728423	1.608558	6.990068	1.000000
6.799875	4.031002	3.463304	1.000000
7.217213	3.019083	0.001946	1.000000
0.253494	2.898369	0.004646	1.000000
2.608582	4.324676	2.671457	1.000000
2.414443	4.606434	4.985690	1.000000
1.212056	5.594653	0.022085	1.000000
7.448776	7.082262	4.356601	1.000000
1.935816	1.088770	2.414959	1.000000
0.589532	4.150206	0.824141	1.000000
1.234828	2.636815	3.405459	1.000000
6.007591	0.919977	0.824831	1.000000
7.541879	7.265891	5.659613	1.000000
1.744383	7.588950	3.132152	1.000000
2.949517	1.038968	2.466273	1.000000
0.936790	1.238914	5.998453	1.000000
1.896309	3.457508	0.082101	1.000000
1.033070	0.257564	2.588172	1.000000
7.275335	6.471513	6.217706	1.000000
7.472566	4.951728	0.027954	1.000000
0.216038	5.059281	4.431131	1.000000
0.476371	0.714441	7.022924	1.000000
5.976710	7.764830	7.076175	1.000000
0.223196	7.489391	1.018386	1.000000
3.429195	1.594114	1.688882	1.000000
0.439143	3.190712	0.930362	1.000000
1.613564	1.003582	3.370280	1.000000
6.945970	6.916179	3.621011	1.000000
1.354101	1.969542	5.650273	1.000000
5.830426	5.012623	0.905089	1.000000
0.855219	5.203847	2.311458	1.000000
2.165419	1.142354	4.536547	1.000000
2.773041	6.421739	0.000917	1.000000
4.819886	4.427104	0.037166	1.000000
6.643235	7.879082	3.555588	1.000000
3.565189	3.978180	5.401977	1.000000
4.644391	0.217308	3.213450	1.000000
6.505093	5.023726	0.127342	1.000000
4.532929	0.522277	0.066139	1.000000
3.355026	5.544484	0.069550	1.000000
6.887955	7.994592	5.834725	1.000000
7.478197	5.566959	6.951442	1.000000
1.465420	3.015138	5.231205	1.000000
0.023990	1.400046	2.689532	1.000000
6.851034	5.370334	2.770851	1.000000
7.513864	0.716187	4.469235	1.000000
0.901342	2.588413	1.720935	1.000000
0.121587	2.577394	3.596513	1.000000
3.861544	3.532670	0.073983	1.000000
4.934861	1.694168	2.567713	1.000000
7.888397	5.420007	2.568983	1.000000
7.095590	4.963436	1.820910	1.000000
1.267100	5.629635	3.645325	1.000000
2.944859	1.077269	0.799676	1.000000
5.418052	4.155942	3.497830	1.000000
5.652488	0.304226	1.565140	1.000000
1.903715	1.005936	0.880828	1.000000
2.657308	4.551983	8.028045	1.000000
1.755774	7.580385	1.648650	1.000000
1.335383	2.865025	0.649344	1.000000
0.528736	4.805953	0.037178	1.000000
2.551286	4.640561	3.636606	1.000000
5.527117	1.369152	6.275242	1.000000
7.823574	6.921610	6.872723	1.000000
2.439619	6.970950	4.164602	1.000000
1.759881	2.050533	3.966829	1.000000
1.481494	4.851217	3.106183	1.000000
6.573903	1.587718	7.079215	1.000000
3.187411	4.509413	6.760163	1.000000
2.802148	2.072687	2.466825	1.000000
4.940680	1.069679	0.835775	1.000000
2.949075	3.746834	3.459932	1.000000
5.553072	6.742229	2.401181	1.000000
6.197990	5.134271	1.916273	1.000000
7.694653	4.816401	8.046995	1.000000
2.317958	5.668559	1.740970	1.000000
2.003225	6.276960	3.436771	1.000000
7.748639	0.693337	5.611396	1.000000
2.305964	0.742102	5.663541	1.000000
5.047280	3.413297	1.695306	1.000000
2.794991	0.610187	6.985535	1.000000
4.573142	0.917757	5.904726	1.000000
7.073274	2.861231	1.617165	1.000000
5.228347	7.108873	7.088658	1.000000
2.501374	6.175742	2.548060	1.000000
3.688219	0.224408	5.788923	1.000000
6.214582	7.992995	0.846133	1.000000
3.546102	7.086409	2.409218	1.000000
5.804700	6.692510	3.596450	1.000000
3.971547	1.329009	0.905756	1.000000
4.125209	5.121434	2.705436	1.000000
