512
0.000000 8.000000
0.000000 8.000000
0.000000 8.000000
6.094239	3.081602	6.972008	1.000000
4.966515	0.899543	2.619660	1.000000
0.926871	1.113210	0.842356	1.000000
4.546347	5.903143	0.767497	1.000000
2.065824	3.559929	6.081632	1.000000
3.749212	6.945702	3.291191	1.000000
7.482532	3.662223	0.103148	1.000000
0.565901	3.591292	0.000034	1.000000
5.432230	2.579779	6.364233	1.000000
5.650135	6.343186	5.068052	1.000000
3.130640	6.361049	6.039731	1.000000
5.480491	5.371125	2.497389	1.000000
4.606425	0.339607	5.147959	1.000000
0.135426	3.498327	1.853092	1.000000
2.940281	7.867599	4.568694	1.000000
7.352907	0.930636	1.698295	1.000000
4.137703	0.026563	0.792161	1.000000
5.970393	3.243460	3.392773	1.000000
7.928646	2.524352	2.098589	1.000000
1.401040	5.617267	4.777227	1.000000
7.187091	6.102142	4.511569	1.000000
1.523133	5.150555	5.913648	1.000000
5.758891	6.328392	1.957069	1.000000
6.088573	6.294904	0.013779	1.000000
3.306307	2.936259	0.819396	1.000000
1.682795	5.278805	3.961650	1.000000
7.804924	3.052642	4.615152	1.000000
1.127058	5.828599	1.530523	1.000000
6.258528	4.568932	2.540809	1.000000
4.544218	7.406815	8.059879	1.000000
5.932834	1.554801	0.888377	1.000000
4.867361	4.813841	4.115790	1.000000
3.396882	0.907882	7.184056	1.000000
7.202604	1.570771	6.977194	1.000000
7.608051	4.307856	2.380339	1.000000
6.641276	3.573202	0.807634	1.000000
3.191846	6.189616	3.510478	1.000000
1.555925	0.530337	1.686270	1.000000
4.798915	4.901383	0.715452	1.000000
5.588461	2.721636	0.796759	1.000000
4.748412	7.493323	1.706220	1.000000
3.603555	0.474916	1.632816	1.000000
6.663933	2.280546	4.652725	1.000000
2.306391	1.411862	1.840713	1.000000
5.661297	0.281507	0.054251	1.000000
4.206206	4.376594	3.261523	1.000000
4.548202	3.030957	0.791098	1.000000
1.323285	1.642740	0.086380	1.000000
4.970727	4.910732	6.077172	1.000000
0.645676	6.522312	0.006810	1.000000
6.636767	3.610398	2.669735	1.000000
3.033226	0.082921	0.823695	1.000000
5.144903	2.495792	1.612182	1.000000
6.957408	1.315680	4.302516	1.000000
7.625547	2.357672	0.894166	1.000000
5.618339	3.760148	0.851863	1.000000
7.127732	0.837949	6.126434	1.000000
0.066122	5.533213	0.001289	1.000000
7.941780	7.770907	3.391918	1.000000
5.345421	4.444669	0.069824	1.000000
5.459333	1.482921	1.787465	1.000000
5.746183	2.044448	4.194951	1.000000
3.225754	4.766687	3.126656	1.000000
6.709039	4.524915	0.952771	1.000000
4.571743	6.788484	7.197700	1.000000
1.525069	2.670046	5.092915	1.000000
1.396321	7.378764	5.407507	1.000000
2.951133	5.749314	1.655648	1.000000
5.770221	7.226595	1.779328	1.000000
4.216600	7.928206	2.481594	1.000000
7.608814	3.220737	2.769392	1.000000
2.552372	1.524773	6.159847	1.000000
5.804065	3.049465	4.380492	1.000000
5.180247	7.750186	2.543979	1.000000
5.478816	0.795556	5.449792	1.000000
4.198613	2.643643	6.051574	1.000000
3.507531	3.124841	7.123383	1.000000
2.528625	3.057165	2.496217	1.000000
4.682422	1.355435	5.902101	1.000000
4.170358	5.502569	0.017148	1.000000
7.481046	0.858900	3.511936	1.000000
4.600819	5.957013	2.497918	1.000000
5.371202	2.448062	3.219733	1.000000
4.430861	2.881620	2.419260	1.000000
5.298120	6.775092	1.036944	1.000000
1.590903	4.043189	0.994483	1.000000
4.330128	3.674993	3.958364	1.000000
5.778812	1.644488	2.720620	1.000000
1.673208	2.095530	0.918355	1.000000
1.629117	1.837334	2.583980	1.000000
0.127599	0.156245	0.858954	1.000000
3.667683	4.232520	2.403220	1.000000
3.092817	6.769324	1.677404	1.000000
0.201029	2.860389	3.779025	1.000000
0.113070	0.171072	2.411433	1.000000
1.483864	7.113462	0.949609	1.000000
0.360747	6.023156	6.598182	1.000000
0.237999	5.583707	4.899386	1.000000
0.870547	0.983657	4.416182	1.000000
0.769408	6.231049	2.640404	1.000000
6.690591	7.983733	3.268338	1.000000
1.062760	4.507877	0.278238	1.000000
0.554945	3.031468	2.566223	1.000000
7.765588	3.356881	6.539377	1.000000
7.159515	0.419175	0.827395	1.000000
0.501297	5.115452	0.801020	1.000000
5.102307	2.450712	0.006706	1.000000
4.897135	2.707650	4.064481	1.000000
2.347837	4.817849	6.224774	1.000000
2.933080	2.866958	3.510735	1.000000
3.152602	0.878757	5.750555	1.000000
0.664907	0.541764	0.035905	1.000000
2.388734	6.156759	5.461301	1.000000
6.713887	5.153442	4.573195	1.000000
0.633900	2.934692	7.119662	1.000000
5.447256	3.869965	3.924826	1.000000
7.650941	5.783218	5.676486	1.000000
7.571419	5.347772	1.138310	1.000000
6.834833	3.825323	6.692306	1.000000
3.433595	6.201080	0.880523	1.000000
6.595934	6.854073	5.211071	1.000000
4.843439	1.857744	0.940101	1.000000
2.092089	3.570689	1.751369	1.000000
0.069888	4.793496	1.693999	1.000000
2.264181	7.860654	3.548355	1.000000
2.272735	1.546843	3.510073	1.000000
6.555725	1.238519	0.017585	1.000000
7.632986	5.299659	4.040867	1.000000
3.581452	0.625734	4.448741	1.000000
1.558777	5.034754	0.792720	1.000000
2.327652	3.099029	0.813120	1.000000
7.401840	4.216018	4.626210	1.000000
7.430260	6.380253	1.043729	1.000000
4.380646	1.478729	1.616774	1.000000
4.415709	6.980856	2.499989	1.000000
0.971445	0.977624	2.521299	1.000000
0.374928	6.157288	0.851377	1.000000
5.075851	5.369473	1.554760	1.000000
4.275760	3.090365	4.781934	1.000000
6.680530	6.682436	7.066294	1.000000
0.660941	4.234130	2.327161	1.000000
2.139751	4.615998	0.010817	1.000000
0.506266	4.178003	4.187868	1.000000
0.849943	6.790797	4.855172	1.000000
1.648244	7.352789	4.174061	1.000000
3.879049	1.941941	2.505235	1.000000
2.020538	7.659107	0.060108	1.000000
4.092890	2.462877	0.061074	1.000000
7.611853	4.350132	0.884032	1.000000
3.124293	4.481280	0.008147	1.000000
4.897034	3.625271	0.024993	1.000000
4.014881	6.475055	0.147102	1.000000
7.480312	4.817871	5.480484	1.000000
2.214300	5.157932	5.010274	1.000000
4.753908	3.046443	7.204711	1.000000
6.353647	4.282929	0.063533	1.000000
2.046215	4.324065	8.034540	1.000000
6.309655	6.925494	4.234339	1.000000
0.314561	2.701603	5.494052	1.000000
3.898370	2.288363	4.258967	1.000000
6.643481	5.927800	5.364181	1.000000
5.461302	3.816188	2.477173	1.000000
5.274678	7.389674	5.306741	1.000000
1.968683	2.781975	6.808989	1.000000
4.454061	3.845416	6.808688	1.000000
6.703604	5.519308	0.863928	1.000000
2.222098	3.400160	4.274790	1.000000
6.140920	3.251581	1.630290	1.000000
6.341281	4.751641	5.509436	1.000000
7.970441	1.363963	6.254198	1.000000
5.618545	2.821773	2.401888	1.000000
4.009047	0.901507	2.498767	1.000000
5.877411	7.771672	4.675908	1.000000
2.870343	6.303853	4.397315	1.000000
2.383389	6.551827	6.901092	1.000000
4.986487	6.872922	6.325644	1.000000
0.902666	2.666634	0.086847	1.000000
7.176876	7.448493	2.715259	1.000000
3.265830	6.919666	4.979246	1.000000
5.191035	4.439975	1.614519	1.000000
1.507306	6.161285	0.707156	1.000000
0.355384	1.563494	0.073889	1.000000
3.159504	3.509023	1.580127	1.000000
4.750518	4.898837	7.202781	1.000000
5.914467	5.909443	4.275184	1.000000
5.948674	5.933228	8.029252	1.000000
1.511253	3.225778	2.554008	1.000000
5.585609	3.981808	7.072368	1.000000
2.504483	1.850696	5.254914	1.000000
0.458173	7.499210	4.182433	1.000000
6.726782	0.030972	0.052023	1.000000
7.312103	0.798174	5.135913	1.000000
6.159525	4.204624	1.686032	1.000000
1.464988	6.105752	6.498107	1.000000
3.514479	3.238671	2.617408	1.000000
4.632792	3.977056	0.966608	1.000000
1.665762	4.284599	4.259202	1.000000
6.489903	2.395888	2.689644	1.000000
3.715635	1.018502	3.457177	1.000000
3.617643	5.294878	2.403696	1.000000
3.641686	4.172438	0.775635	1.000000
1.002957	6.697845	1.760709	1.000000
4.947497	3.194849	5.493254	1.000000
2.557603	0.752606	4.112843	1.000000
1.974912	2.471735	1.830978	1.000000
6.930875	0.356626	4.165811	1.000000
6.607538	2.567616	0.947305	1.000000
4.158269	0.369554	6.070335	1.000000
6.167756	3.218960	5.819165	1.000000
7.882406	1.356394	0.882466	1.000000
2.338749	1.539560	0.145348	1.000000
4.112845	2.488893	1.611870	1.000000
3.766177	5.106215	0.816737	1.000000
1.229336	2.207525	7.166188	1.000000
4.329458	0.977430	6.736042	1.000000
6.685499	1.952179	3.526164	1.000000
3.664878	6.368031	2.443037	1.000000
3.100335	1.599644	4.455673	1.000000
7.424740	3.650379	3.747995	1.000000
4.697238	7.440492	3.862934	1.000000
6.943271	1.469717	2.661474	1.000000
3.849037	1.365115	5.152763	1.000000
2.003292	6.691628	0.019774	1.000000
7.543169	0.890481	0.009471	1.000000
5.948751	3.404949	0.007376	1.000000
4.083594	3.584718	1.550042	1.000000
4.025903	7.459665	0.010659	1.000000
5.375444	5.516037	0.017243	1.000000
1.853618	0.241301	5.919843	1.000000
0.268500	1.441633	3.549709	1.000000
3.294843	5.301269	6.385574	1.000000
3.215436	7.855932	2.319352	1.000000
3.135894	2.521669	1.922253	1.000000
7.827986	7.727348	0.044223	1.000000
1.908633	2.421671	4.258200	1.000000
7.638661	2.009008	2.952373	1.000000
1.581784	0.714441	0.020473	1.000000
1.672154	6.331583	2.400511	1.000000
0.187205	5.708353	3.350812	1.000000
1.619182	0.523016	3.705161	1.000000
3.529392	1.845621	6.768351	1.000000
3.726212	4.503095	7.033032	1.000000
5.934763	0.704438	2.422172	1.000000
4.535900	0.539961	1.640081	1.000000
0.401403	7.040899	6.036425	1.000000
7.530234	7.874754	1.746291	1.000000
4.734429	6.363746	1.722446	1.000000
3.332871	1.572528	0.028910	1.000000
5.077656	5.625851	3.490097	1.000000
3.477920	7.115698	0.689176	1.000000
1.361661	0.140330	2.696863	1.000000
2.496491	7.095115	0.704654	1.000000
3.440784	2.446968	5.536710	1.000000
7.781631	6.814130	0.091283	1.000000
4.364008	4.091791	5.774244	1.000000
7.265438	7.449597	0.881875	1.000000
1.815014	6.632793	4.861246	1.000000
6.416803	1.054536	3.349097	1.000000
6.879808	3.931555	5.465576	1.000000
4.246704	5.440079	4.478401	1.000000
4.511025	2.063814	5.154542	1.000000
2.848014	2.927411	6.403636	1.000000
5.858548	0.938019	4.246849	1.000000
4.378270	7.225996	4.833564	1.000000
7.131913	6.097126	0.066478	1.000000
7.936569	3.993655	5.521858	1.000000
5.284662	4.683372	3.178483	1.000000
6.931165	2.559603	7.192443	1.000000
5.057690	0.350088	4.279301	1.000000
2.577699	7.166874	2.655352	1.000000
1.716304	5.248118	2.700051	1.000000
2.079809	6.656526	1.595796	1.000000
4.485667	3.850197	2.472216	1.000000
0.731488	7.836692	1.563636	1.000000
3.734667	1.922018	0.896296	1.000000
7.070756	6.289999	3.418966	1.000000
6.630041	0.305227	1.727061	1.000000
0.957150	3.795938	6.045170	1.000000
2.340492	5.195391	7.218219	1.000000
2.893008	3.551406	0.049832	1.000000
6.841323	7.090844	0.038000	1.000000
6.365755	1.218162	1.795254	1.000000
4.622649	6.436239	3.317039	1.000000
5.639376	5.673644	5.835543	1.000000
7.639472	2.176001	4.008075	1.000000
2.533656	4.060480	5.120104	1.000000
2.521029	0.602580	0.042578	1.000000
3.970604	3.537540	8.123331	1.000000
2.614389	7.542873	1.608881	1.000000
6.222156	7.799363	5.588269	1.000000
7.951736	1.342734	4.595862	1.000000
5.165920	7.857647	0.944928	1.000000
0.877856	7.535592	0.028601	1.000000
0.612519	1.989298	2.664380	1.000000
5.045237	7.904932	6.220809	1.000000
6.759531	3.301882	4.575104	1.000000
0.053691	5.844513	1.759923	1.000000
3.939507	7.125508	5.835855	1.000000
5.537587	0.577287	3.415004	1.000000
7.082658	0.499662	2.528491	1.000000
7.754713	1.847814	5.525356	1.000000
6.703193	6.036493	1.685583	1.000000
1.630602	7.361283	6.458269	1.000000
5.895590	4.859089	4.099546	1.000000
0.917251	4.757177	4.922159	1.000000
0.762638	1.922559	6.045369	1.000000
2.609385	4.054322	0.928305	1.000000
2.591829	4.982438	2.249410	1.000000
3.251244	4.738832	1.617849	1.000000
0.874878	0.976750	6.683981	1.000000
7.222483	1.905269	1.841069	1.000000
3.933904	4.447862	4.559831	1.000000
7.799564	4.963973	7.003280	1.000000
5.318314	6.789363	4.229453	1.000000
4.317609	5.080009	5.388254	1.000000
1.016609	0.091854	4.748690	1.000000
1.658160	4.251925	2.375953	1.000000
0.161985	7.578385	5.297925	1.000000
1.188990	0.060191	0.750393	1.000000
0.653660	2.071350	0.876834	1.000000
3.994598	5.536246	3.433330	1.000000
4.271832	5.653451	6.346604	1.000000
0.538817	4.734882	5.911464	1.000000
4.537865	6.189312	5.446376	1.000000
6.087079	2.246273	1.658411	1.000000
0.471937	0.771633	1.655454	1.000000
0.606896	0.464932	3.403858	1.000000
3.191742	4.804785	5.133174	1.000000
0.997222	6.712080	8.057122	1.000000
6.725612	7.257802	1.724646	1.000000
7.909945	6.739951	4.135745	1.000000
7.197885	5.804697	7.055191	1.000000
5.898794	6.563577	6.166299	1.000000
3.866917	6.365529	4.398990	1.000000
3.591775	0.611108	0.046283	1.000000
1.568389	4.057865	5.276322	1.000000
7.902313	6.956436	1.811614	1.000000
7.304397	6.315701	2.488967	1.000000
3.663464	7.527747	1.494304	1.000000
4.977650	6.511682	0.081554	1.000000
0.226554	1.728297	1.649008	1.000000
5.748021	5.851591	0.937589	1.000000
2.939752	2.462542	0.051725	1.000000
2.264827	0.811628	6.915591	1.000000
3.344356	3.513336	4.404234	1.000000
6.307514	7.724509	2.490704	1.000000
4.348134	6.917634	1.050413	1.000000
1.981562	2.492559	0.028280	1.000000
5.226541	1.431153	4.768234	1.000000
1.135498	4.588443	3.429205	1.000000
3.654377	6.017298	7.210930	1.000000
4.095529	5.625137	1.597548	1.000000
3.814251	7.750923	4.034314	1.000000
2.491520	5.740912	6.346692	1.000000
5.031433	4.059479	4.859345	1.000000
3.699094	7.985312	5.362934	1.000000
3.301275	1.915499	3.446039	1.000000
1.090777	3.493956	1.668726	1.000000
6.976530	1.950838	8.060816	1.000000
3.476086	5.891989	5.299789	1.000000
1.602893	3.969308	7.166313	1.000000
5.571608	5.077897	4.967457	1.000000
2.438127	2.855064	5.460499	1.000000
5.409429	1.498316	0.032120	1.000000
3.802557	7.969137	7.188231	1.000000
0.206475	4.648403	3.127988	1.000000
2.507909	5.468635	3.386155	1.000000
4.134677	2.337368	8.089759	1.000000
2.351123	0.110544	2.614938	1.000000
2.980930	7.666554	0.044148	1.000000
4.183242	4.637801	1.596206	1.000000
6.026368	7.283324	8.061848	1.000000
5.184107	5.952479	7.030083	1.000000
7.084787	3.951164	1.664147	1.000000
4.327233	2.000714	3.339197	1.000000
2.232951	3.565027	3.318406	1.000000
7.245478	1.943862	0.025130	1.000000
5.900035	7.333801	0.019702	1.000000
3.450222	0.050324	3.230725	1.000000
6.144737	2.208774	0.031319	1.000000
6.000992	3.849676	4.917659	1.000000
1.283596	2.776506	6.015384	1.000000
6.419031	6.591670	0.836104	1.000000
0.502178	3.967586	7.088030	1.000000
2.084101	4.576854	1.535523	1.000000
5.556500	4.077456	5.844522	1.000000
6.397276	1.107413	5.074941	1.000000
1.246489	3.216534	3.934942	1.000000
2.609126	0.566160	1.678287	1.000000
0.027530	6.738453	3.069529	1.000000
7.116971	6.812874	6.105875	1.000000
0.869503	6.076292	5.696761	1.000000
2.190717	5.711148	0.033190	1.000000
2.654037	5.039568	0.855284	1.000000
1.964600	0.075170	4.798291	1.000000
7.115712	2.864348	5.399786	1.000000
2.077760	0.069016	0.989361	1.000000
6.957428	1.514598	1.024887	1.000000
7.496400	3.350948	0.932668	1.000000
5.943516	2.186775	5.276079	1.000000
7.926962	0.548963	6.984119	1.000000
6.462653	6.791781	2.587905	1.000000
7.130170	4.631436	3.237536	1.000000
4.982752	7.563087	0.000377	1.000000
2.961013	2.562909	4.515580	1.000000
1.537809	1.327594	5.829091	1.000000
4.371705	1.322258	4.327873	1.000000
4.371396	1.406367	0.015228	1.000000
2.699024	2.071737	1.109912	1.000000
4.954029	3.301115	3.258157	1.000000
0.831371	6.488334	3.810317	1.000000
6.634374	5.340526	3.558640	1.000000
1.238455	1.514467	1.673255	1.000000
2.635730	1.989990	7.171804	1.000000
2.516887	6.163206	0.847194	1.000000
3.964237	2.891728	3.502736	1.000000
1.116583	4.727203	1.600021	1.000000
5.058073	1.506945	3.614339	1.000000
1.237676	0.004177	7.175742	1.000000
5.997359	4.883212	6.490869	1.000000
2.454646	7.432664	5.500970	1.000000
4.854320	1.776160	7.190053	1.000000
6.841540	2.834860	3.651848	1.000000
6.898829	2.942047	0.060689	1.000000
7.930415	2.709268	0.034238	1.000000
2.750894	3.938725	2.463134	1.000000
3.253817	4.138549	6.153520	1.000000
1.167837	5.574691	0.059702	1.000000
7.212328	7.514059	4.807860	1.000000
1.921086	1.003441	2.792181	1.000000
0.570456	3.965851	0.920272	1.000000
0.814710	3.741673	3.183916	1.000000
6.250746	0.583863	0.871367	1.000000
7.694043	6.570464	5.196016	1.000000
1.567271	7.111992	3.018445	1.000000
2.984097	0.900088	2.561353	1.000000
0.595490	0.000433	6.196360	1.000000
1.748214	3.636369	0.014283	1.000000
0.708925	7.351181	2.607730	1.000000
6.278494	5.822977	6.851272	1.000000
7.206209	5.013799	0.024171	1.000000
0.675791	5.378936	4.073973	1.000000
7.755749	7.403562	6.833786	1.000000
6.158531	0.790364	7.124168	1.000000
0.349595	7.238948	0.822167	1.000000
3.343589	1.512121	1.806678	1.000000
0.406790	3.001816	0.967477	1.000000
1.311980	1.588538	3.520740	1.000000
7.119517	7.258653	3.796121	1.000000
0.964392	2.078329	4.360495	1.000000
5.766798	4.887779	0.875196	1.000000
0.751408	5.327014	2.391900	1.000000
1.647002	1.343964	4.754302	1.000000
2.937331	6.536041	0.026184	1.000000
4.223067	4.495120	0.019455	1.000000
5.788885	7.473391	3.535120	1.000000
3.386507	3.426387	5.534244	1.000000
4.573022	0.357868	3.431930	1.000000
6.276684	5.241992	0.011813	1.000000
4.590030	0.502012	0.083860	1.000000
3.171971	5.507284	0.008859	1.000000
7.183497	7.965439	5.709714	1.000000
7.024605	5.263322	6.222003	1.000000
0.781667	3.295944	4.786444	1.000000
7.986142	1.225457	2.420892	1.000000
6.538825	5.641959	2.617941	1.000000
0.020285	0.301626	4.706572	1.000000
1.039897	2.475465	1.933063	1.000000
1.133514	2.592537	3.239513	1.000000
3.964580	3.404262	0.111480	1.000000
4.789663	1.803497	2.470058	1.000000
7.480289	5.361424	2.692765	1.000000
6.919481	4.920473	1.916338	1.000000
1.420904	5.929835	3.273732	1.000000
3.104336	1.167158	0.991240	1.000000
6.476097	4.062746	3.994820	1.000000
5.517084	0.298578	1.653927	1.000000
1.865568	1.168671	0.863032	1.000000
2.881886	3.719484	8.068995	1.000000
1.632848	7.423404	1.932470	1.000000
1.347745	3.151374	0.749995	1.000000
0.109867	4.548835	0.002723	1.000000
2.734366	4.336668	4.134598	1.000000
6.128367	1.279811	6.199928	1.000000
0.802572	7.112333	6.910295	1.000000
3.189000	5.284520	4.320403	1.000000
2.015924	2.505249	3.027895	1.000000
2.175169	4.495068	3.343432	1.000000
6.862829	2.339829	6.165750	1.000000
2.598534	4.088339	6.939312	1.000000
2.746971	1.833634	2.612846	1.000000
5.200975	0.876678	0.910462	1.000000
3.306745	3.817285	3.357030	1.000000
5.392565	6.811651	2.731003	1.000000
6.054666	5.204818	1.701272	1.000000
7.156162	4.912932	8.058138	1.000000
2.022076	5.565309	1.443666	1.000000
2.154880	6.481177	3.751920	1.000000
0.471790	0.844481	5.628920	1.000000
3.307772	7.892156	6.351898	1.000000
5.043609	3.394996	1.645136	1.000000
3.305879	7.040199	7.149251	1.000000
5.225911	0.692667	6.751714	1.000000
6.975556	2.836678	1.930535	1.000000
5.662462	7.434405	6.861028	1.000000
2.581754	6.033936	2.561588	1.000000
2.522021	7.719943	6.816088	1.000000
6.118487	7.550847	0.998835	1.000000
2.947491	7.211856	3.694523	1.000000
5.970121	6.186030	3.335070	1.000000
4.131811	1.035099	0.798935	1.000000
4.520658	4.855374	2.403526	1.000000
