500
0.000000 8.549880
0.000000 8.549880
0.000000 8.549880
0.943517	1.625260	8.383039	1.000000
0.943949	0.893601	1.473698	1.000000
1.207356	2.639521	0.977645	1.000000
3.076556	1.702592	1.407651	1.000000
1.241431	0.436907	3.920647	1.000000
1.655558	2.612783	3.020593	1.000000
0.796897	2.569367	3.494542	1.000000
0.543923	0.306262	2.663926	1.000000
0.057306	2.292664	2.767695	1.000000
3.079243	2.625258	4.293092	1.000000
8.254864	2.830794	4.862178	1.000000
8.429950	1.909046	3.907538	1.000000
2.777152	0.264190	5.790058	1.000000
1.127588	2.602121	6.772059	1.000000
0.289282	0.762731	5.845770	1.000000
2.215103	1.162750	6.089554	1.000000
1.507492	1.777559	7.499955	1.000000
2.783665	1.606287	7.036166	1.000000
0.706715	2.472139	7.663903	1.000000
0.901478	8.036123	7.563087	1.000000
0.410286	1.882327	1.036495	1.000000
0.365430	4.423489	7.660613	1.000000
8.060100	1.869146	0.630777	1.000000
2.593372	2.574198	1.431525	1.000000
1.167352	1.888636	1.855862	1.000000
2.933566	3.862109	1.989686	1.000000
1.985152	4.221336	2.100308	1.000000
2.069109	3.136308	2.123584	1.000000
7.679700	3.577449	4.390797	1.000000
0.702833	4.922379	3.354586	1.000000
2.258524	2.852654	5.349279	1.000000
1.446057	1.756408	5.666026	1.000000
8.406626	2.523084	6.147841	1.000000
2.184739	4.495995	6.522082	1.000000
1.663753	3.308461	7.731639	1.000000
0.813885	1.640833	6.460221	1.000000
8.204795	2.767592	7.047425	1.000000
1.318938	4.320156	0.253360	1.000000
0.245633	4.919769	5.247704	1.000000
0.772344	3.276807	0.340102	1.000000
0.527205	2.709092	1.711281	1.000000
0.990136	4.570441	2.301935	1.000000
0.452526	6.443116	3.797575	1.000000
3.491323	3.457739	2.696262	1.000000
2.250391	4.951242	3.488865	1.000000
1.074112	5.515988	1.993822	1.000000
1.446496	5.525506	5.191689	1.000000
2.188752	4.633685	5.052260	1.000000
1.220966	4.553966	5.683498	1.000000
7.464171	5.393440	5.489019	1.000000
0.847992	6.305689	4.990381	1.000000
1.367024	3.889069	5.070353	1.000000
0.677202	3.330550	5.939444	1.000000
0.397176	6.593311	7.145464	1.000000
1.276238	4.730790	7.469121	1.000000
3.262284	4.851522	3.567565	1.000000
0.732699	2.989306	4.879319	1.000000
2.277282	4.295878	7.807833	1.000000
0.511657	4.844111	0.191912	1.000000
1.927257	3.421696	0.314802	1.000000
0.127565	4.744466	1.158933	1.000000
8.366236	7.823058	2.129509	1.000000
1.598006	5.651606	0.916668	1.000000
2.352282	4.820461	1.003892	1.000000
1.033052	8.103815	3.271570	1.000000
2.767869	7.879418	0.317465	1.000000
0.626691	7.170426	3.055649	1.000000
1.291686	5.688130	3.586641	1.000000
1.738809	6.606723	5.550697	1.000000
1.777703	8.377562	2.388724	1.000000
1.052286	7.432086	5.329041	1.000000
2.189879	6.612051	3.630867	1.000000
8.215176	6.150347	5.697808	1.000000
1.392365	7.100683	6.588072	1.000000
0.230592	7.521472	6.793626	1.000000
3.289903	5.175332	8.293499	1.000000
1.445653	6.124551	7.434240	1.000000
2.323646	7.136458	7.128061	1.000000
0.884020	6.285442	8.274645	1.000000
2.680467	6.262884	7.625052	1.000000
7.582650	8.393122	0.623300	1.000000
3.897119	1.769245	0.623355	1.000000
8.543913	7.702028	7.877654	1.000000
2.676326	1.590621	0.451460	1.000000
1.523695	0.434684	0.666014	1.000000
0.921338	7.809510	2.195229	1.000000
0.426232	1.028952	4.073766	1.000000
2.092493	8.506566	1.489018	1.000000
1.413476	7.185919	3.882292	1.000000
0.789458	1.614964	3.140084	1.000000
1.231744	0.968898	4.968356	1.000000
1.926688	8.057362	5.054056	1.000000
1.312001	0.797637	6.203482	1.000000
2.257791	0.297104	6.672897	1.000000
1.415090	8.106847	6.313606	1.000000
3.086674	6.716898	5.820809	1.000000
0.209353	0.141893	6.798907	1.000000
2.785656	0.624558	0.603092	1.000000
0.395406	8.459299	1.268831	1.000000
1.298579	6.797802	0.866241	1.000000
1.806906	2.332119	0.086103	1.000000
3.535094	0.947838	1.019882	1.000000
2.719192	2.284091	2.564432	1.000000
5.622424	1.785357	4.253421	1.000000
3.195053	8.512635	1.702025	1.000000
2.045640	8.335927	3.937067	1.000000
4.501503	2.822547	2.699908	1.000000
5.008851	0.981037	3.454883	1.000000
1.610887	7.233728	2.744523	1.000000
1.493330	4.438779	4.150079	1.000000
2.060768	2.996598	4.137886	1.000000
5.069915	7.660486	5.631907	1.000000
3.189266	8.452799	7.136431	1.000000
4.981388	0.053752	6.315173	1.000000
3.594620	1.764312	4.829229	1.000000
4.614815	0.847412	6.811256	1.000000
2.793920	0.773887	7.771684	1.000000
2.818243	2.628739	6.339125	1.000000
2.867143	2.487050	0.509832	1.000000
3.617347	1.812088	2.713060	1.000000
2.489336	1.244990	2.790962	1.000000
3.958116	4.368291	0.719610	1.000000
2.534487	3.842897	1.054685	1.000000
3.527535	3.571100	1.274896	1.000000
1.399436	3.630330	3.482238	1.000000
2.227193	5.466047	1.786818	1.000000
1.713886	2.072600	4.202636	1.000000
4.932773	2.664874	4.191901	1.000000
2.101454	0.919541	4.024825	1.000000
3.275129	5.117892	4.666856	1.000000
3.002917	4.524928	5.813999	1.000000
3.759912	1.892976	6.293643	1.000000
1.842081	1.865824	6.568661	1.000000
2.327473	3.758271	5.704728	1.000000
3.791489	3.999293	6.168850	1.000000
6.065706	2.398608	7.176020	1.000000
3.183262	2.674149	7.321771	1.000000
3.375183	3.992885	7.883688	1.000000
2.172489	2.509528	7.172028	1.000000
3.442144	3.195749	0.087740	1.000000
1.270787	5.380204	8.177464	1.000000
3.175136	7.343398	1.922979	1.000000
1.524999	3.785978	1.180731	1.000000
3.854247	4.811181	2.629631	1.000000
2.800470	4.523762	2.682975	1.000000
1.935586	6.231924	2.817569	1.000000
0.926892	6.223759	2.933405	1.000000
4.534537	4.790826	3.538701	1.000000
3.408887	3.763412	3.893371	1.000000
2.753766	5.785392	4.060017	1.000000
2.152347	5.570027	5.913407	1.000000
3.862071	3.836777	5.190114	1.000000
1.744099	3.398609	6.401322	1.000000
3.422314	4.658889	7.136660	1.000000
2.157183	5.381557	7.655925	1.000000
5.595214	2.748920	6.101072	1.000000
2.541440	2.954413	8.076581	1.000000
4.301204	4.315278	7.125490	1.000000
3.106253	4.182204	0.392008	1.000000
3.605001	5.375316	0.772497	1.000000
3.612552	6.525993	8.255319	1.000000
2.350371	7.477472	8.149336	1.000000
1.346282	7.107367	7.724642	1.000000
2.659924	5.735878	0.355607	1.000000
1.932063	6.644425	1.736705	1.000000
3.449689	8.335993	2.595522	1.000000
2.306685	7.479016	1.163294	1.000000
3.118247	6.674983	3.185276	1.000000
2.744770	6.088738	5.092155	1.000000
4.284238	7.338178	3.739764	1.000000
1.370070	5.515989	6.499978	1.000000
3.719536	6.136415	5.067497	1.000000
2.775490	3.667655	6.827164	1.000000
4.088052	6.346146	6.308976	1.000000
0.847348	6.153833	6.035589	1.000000
4.178856	4.711449	8.024213	1.000000
0.349127	5.548980	7.554383	1.000000
3.253239	7.308213	7.767329	1.000000
3.782628	6.818408	7.110832	1.000000
3.962631	5.834341	7.670487	1.000000
2.224029	6.598842	0.770787	1.000000
4.128975	8.199484	1.799378	1.000000
2.495420	0.208483	2.984122	1.000000
3.457501	7.747510	1.157646	1.000000
2.179536	1.038921	1.283370	1.000000
2.669364	7.535632	3.624769	1.000000
1.038903	8.131390	4.377981	1.000000
2.398993	7.063015	4.937116	1.000000
3.166109	0.150123	3.792463	1.000000
2.498547	0.681884	4.908137	1.000000
2.605735	1.680415	5.254563	1.000000
4.693637	0.548621	5.134250	1.000000
0.558362	8.338469	5.717044	1.000000
2.092494	8.094601	7.271116	1.000000
3.505362	8.236219	8.156240	1.000000
2.123380	7.489745	6.019855	1.000000
2.141118	1.351650	8.157958	1.000000
4.401239	1.872665	7.015507	1.000000
1.973574	0.060318	8.399128	1.000000
3.867754	0.654159	0.181881	1.000000
4.762252	0.371677	1.477228	1.000000
5.185033	1.317954	2.100047	1.000000
4.166151	1.412968	1.668873	1.000000
5.741986	2.021322	1.266408	1.000000
6.032708	7.959294	3.804815	1.000000
4.972421	1.944800	3.292537	1.000000
4.609197	1.682868	4.318338	1.000000
3.550348	0.494955	4.885358	1.000000
3.705430	0.891373	3.046126	1.000000
5.425739	1.486563	5.210471	1.000000
3.580723	1.246444	3.988225	1.000000
5.802310	0.867511	5.957567	1.000000
3.956315	7.327760	5.578814	1.000000
5.470153	3.319882	5.290841	1.000000
4.959749	1.558734	6.168646	1.000000
4.099908	2.710326	8.241053	1.000000
3.955574	8.107234	6.283364	1.000000
4.761825	0.647756	8.382274	1.000000
3.557364	0.938138	6.947873	1.000000
6.730187	2.837098	0.471345	1.000000
4.937773	1.454209	0.950851	1.000000
4.430190	4.502059	1.521474	1.000000
3.588917	2.545330	1.910541	1.000000
3.184834	1.825987	8.179350	1.000000
2.639523	2.946144	3.284693	1.000000
4.668783	2.540688	1.782802	1.000000
2.409233	3.850680	3.538697	1.000000
4.397460	3.738804	2.285939	1.000000
7.489862	3.679659	2.184617	1.000000
4.215931	5.552095	4.373799	1.000000
2.935824	1.912744	3.503307	1.000000
3.971680	2.887016	6.372037	1.000000
2.902063	3.727330	4.745341	1.000000
4.082504	3.430808	7.474656	1.000000
3.828629	2.851767	5.297299	1.000000
6.534168	2.943494	5.547995	1.000000
4.746403	2.775335	7.482535	1.000000
4.789324	5.206340	7.180389	1.000000
4.509130	3.522411	0.812384	1.000000
4.707844	2.037621	0.113698	1.000000
3.253594	4.997944	1.586772	1.000000
4.657967	5.557272	0.693899	1.000000
3.749737	7.488185	2.846345	1.000000
5.720028	5.988422	1.827861	1.000000
5.655052	4.632287	0.932980	1.000000
4.027328	6.329463	2.089582	1.000000
2.894156	5.847210	2.566083	1.000000
4.529847	5.568425	2.982522	1.000000
4.862948	3.456115	6.180238	1.000000
5.110422	4.836744	4.563256	1.000000
5.409666	4.332944	5.525434	1.000000
5.948010	4.802661	3.981312	1.000000
4.550972	5.710079	5.433862	1.000000
5.120618	5.451235	6.252613	1.000000
3.260248	5.700632	5.931334	1.000000
5.507049	4.353406	6.572401	1.000000
4.035023	5.242842	6.309760	1.000000
4.870723	6.428211	7.284300	1.000000
4.033344	2.643558	0.894795	1.000000
7.019584	2.310595	7.913281	1.000000
4.737572	6.201445	1.445307	1.000000
5.125567	7.196923	8.523086	1.000000
3.520280	6.870476	0.730429	1.000000
6.176312	5.464751	2.467655	1.000000
4.247414	5.404326	1.762146	1.000000
4.145451	8.431844	3.343956	1.000000
3.051408	7.668336	5.429913	1.000000
5.665386	7.349195	2.744433	1.000000
4.049722	6.405381	3.606301	1.000000
6.458060	6.561273	3.997241	1.000000
5.180591	6.505892	3.011129	1.000000
5.226191	6.376824	5.787119	1.000000
3.426258	6.880655	4.208687	1.000000
4.619874	7.134939	4.757253	1.000000
2.108823	6.304081	6.482529	1.000000
7.087369	6.851590	6.757898	1.000000
4.579079	6.548082	0.481583	1.000000
4.691096	7.275098	6.591775	1.000000
5.785631	5.822954	7.138130	1.000000
6.290284	6.607111	0.134590	1.000000
5.490232	6.567345	0.716377	1.000000
6.154738	0.151410	0.501705	1.000000
4.170832	7.219440	1.679078	1.000000
6.148499	0.818824	2.619851	1.000000
5.656618	5.614009	0.694577	1.000000
3.292355	0.923919	1.999505	1.000000
4.566415	0.743986	2.507022	1.000000
3.711487	7.830209	4.633366	1.000000
5.826284	7.195825	4.768068	1.000000
8.242772	6.939617	3.925774	1.000000
4.208982	0.339889	7.655033	1.000000
4.546763	8.180404	5.085019	1.000000
4.979019	6.354666	4.260298	1.000000
4.111418	0.981666	5.973707	1.000000
5.387103	8.250506	8.427050	1.000000
3.986544	7.832024	7.221713	1.000000
5.532491	7.152132	7.496596	1.000000
4.335123	7.571143	8.286210	1.000000
1.937153	6.558757	8.380508	1.000000
5.732403	1.737879	0.049023	1.000000
7.275737	2.113365	1.182625	1.000000
6.559616	1.521437	0.618508	1.000000
5.951013	1.606006	3.146035	1.000000
7.605160	1.660074	2.030483	1.000000
5.651885	0.181615	3.321994	1.000000
6.335765	2.519028	3.902502	1.000000
6.668150	1.602213	1.796451	1.000000
5.686578	0.777149	4.230856	1.000000
6.097680	8.201512	5.566965	1.000000
5.807267	3.505030	4.152995	1.000000
6.764294	3.209552	4.488872	1.000000
4.903569	2.350828	5.138574	1.000000
5.679051	1.552066	6.971580	1.000000
7.159102	1.498878	7.411803	1.000000
4.881009	3.384161	8.337343	1.000000
6.927379	1.176514	6.513851	1.000000
5.538274	7.842791	6.531607	1.000000
5.512408	2.489433	7.984675	1.000000
4.104039	1.562538	7.918912	1.000000
8.069383	7.954760	6.176871	1.000000
5.087842	1.631907	7.761522	1.000000
6.554691	4.599519	0.635737	1.000000
5.690834	3.210813	2.510001	1.000000
5.549215	2.928044	1.554062	1.000000
5.605186	2.255368	2.298974	1.000000
6.576011	2.835099	1.490850	1.000000
4.362948	3.857201	3.425949	1.000000
7.060666	3.647623	0.891618	1.000000
3.981458	2.799205	3.651025	1.000000
6.389638	4.114385	5.397275	1.000000
4.484539	4.700660	5.537103	1.000000
7.258512	3.623189	6.447495	1.000000
6.828341	2.464732	6.510349	1.000000
5.970482	2.440969	5.005833	1.000000
5.270612	3.782971	7.390368	1.000000
8.103954	2.194704	7.920597	1.000000
5.804206	2.656782	0.557067	1.000000
6.031816	3.336902	8.447038	1.000000
7.967875	3.219681	1.142743	1.000000
7.477794	1.416273	8.373966	1.000000
5.709320	4.474611	8.486548	1.000000
7.300193	5.421611	2.735009	1.000000
4.592128	7.740513	0.917599	1.000000
0.998486	3.607161	2.282112	1.000000
5.627841	4.675512	1.968933	1.000000
7.042673	5.392709	1.568002	1.000000
5.225485	5.579515	3.626374	1.000000
6.772890	4.613015	2.139354	1.000000
5.525288	4.478651	3.196160	1.000000
5.787783	6.042637	4.992848	1.000000
6.745996	5.384992	3.809012	1.000000
7.510206	3.052624	5.663583	1.000000
4.681254	3.834213	4.500332	1.000000
6.858318	4.485084	6.202548	1.000000
7.977406	5.056833	8.107254	1.000000
6.950483	4.787843	7.464585	1.000000
6.041444	4.557357	7.510407	1.000000
6.760117	5.853969	6.923660	1.000000
4.877041	5.360486	8.254590	1.000000
7.338213	5.264168	0.444927	1.000000
7.182638	5.866588	8.013090	1.000000
5.394292	7.298958	1.558878	1.000000
2.993289	6.259941	1.475432	1.000000
8.012583	5.290516	1.821694	1.000000
0.070233	4.116514	3.569720	1.000000
6.721563	6.485581	2.691719	1.000000
6.092092	5.933496	3.304613	1.000000
8.410362	6.161887	3.030340	1.000000
0.097771	6.256699	1.972096	1.000000
4.971164	8.138369	2.656050	1.000000
6.789050	5.759604	4.774129	1.000000
6.327562	5.155545	5.337506	1.000000
7.761458	4.722453	6.361745	1.000000
7.226948	6.132209	6.053007	1.000000
6.409239	6.676867	5.507263	1.000000
0.396954	4.766480	6.547511	1.000000
5.383288	6.229584	8.016848	1.000000
7.632635	7.383108	8.397972	1.000000
5.701993	7.761176	0.757370	1.000000
6.302847	5.261391	8.287768	1.000000
6.500657	7.228372	1.902135	1.000000
5.599392	0.808898	1.139852	1.000000
5.020377	8.499348	4.197343	1.000000
1.406062	0.602428	2.904751	1.000000
7.501250	7.800803	2.561192	1.000000
6.967823	0.602237	4.249483	1.000000
5.618864	8.311053	1.672502	1.000000
6.261156	8.320633	2.597327	1.000000
4.687044	7.003515	2.356407	1.000000
5.956814	6.954726	6.568093	1.000000
5.225365	0.293573	7.495880	1.000000
5.426872	7.095178	3.742662	1.000000
6.050632	8.466962	4.584925	1.000000
6.898582	8.026935	6.055944	1.000000
6.103088	0.425160	6.839222	1.000000
7.688068	7.081490	5.159606	1.000000
6.527843	8.170494	1.328498	1.000000
7.434143	0.022044	7.267192	1.000000
6.418601	7.972198	7.314764	1.000000
6.043572	0.826335	8.068294	1.000000
7.065694	0.641584	0.525268	1.000000
0.622188	0.674674	0.394211	1.000000
7.015750	0.985002	3.057971	1.000000
7.609011	0.362973	2.324039	1.000000
6.584035	1.657282	4.720249	1.000000
0.074205	1.125875	2.329607	1.000000
7.937048	1.503241	3.077464	1.000000
7.670290	2.685687	2.386491	1.000000
7.417413	0.822004	5.177268	1.000000
8.308799	1.643888	5.294769	1.000000
6.431162	0.583897	5.343401	1.000000
7.475584	2.321023	5.035617	1.000000
6.921486	8.215819	8.369661	1.000000
8.114852	0.893321	7.364803	1.000000
7.980793	0.052086	8.316259	1.000000
0.547566	1.296917	7.401751	1.000000
1.290655	0.546630	8.064192	1.000000
8.082772	0.998542	1.491279	1.000000
0.230087	2.474540	0.268878	1.000000
1.504440	1.605299	0.945386	1.000000
7.816439	2.975876	0.219597	1.000000
0.280249	3.695340	1.578667	1.000000
8.347293	3.393985	2.702629	1.000000
6.568682	3.581870	2.417327	1.000000
6.739594	2.310423	2.820915	1.000000
8.214862	4.423670	2.335099	1.000000
6.826646	3.285170	3.346516	1.000000
8.351911	3.075757	3.669916	1.000000
7.494278	2.674169	4.057451	1.000000
7.063078	1.773497	3.694978	1.000000
8.477869	3.858854	6.949980	1.000000
0.080650	3.911422	5.016372	1.000000
6.261571	1.723868	5.849841	1.000000
8.386776	1.491753	6.355039	1.000000
6.197898	3.395068	6.636052	1.000000
0.995970	3.886307	6.862082	1.000000
7.387215	1.799916	5.894763	1.000000
8.319248	3.788884	5.941345	1.000000
7.662056	4.317132	0.057536	1.000000
0.061921	3.130739	7.980815	1.000000
6.040437	3.806680	1.520918	1.000000
7.503760	4.435183	1.385498	1.000000
7.753862	5.989694	1.185209	1.000000
0.349679	5.335826	2.519938	1.000000
6.869601	4.404877	4.452440	1.000000
1.729209	5.263668	2.655185	1.000000
7.368872	6.286866	3.445758	1.000000
0.787789	3.716227	4.187346	1.000000
8.270456	5.035270	3.453343	1.000000
0.671254	5.257815	4.320129	1.000000
7.528885	4.526123	3.055115	1.000000
8.196969	6.238887	4.613622	1.000000
6.780301	4.312104	3.563831	1.000000
0.094346	5.733870	6.496866	1.000000
7.482779	4.044924	5.319283	1.000000
8.007245	4.647460	4.520109	1.000000
7.646410	3.164955	7.729060	1.000000
7.757189	5.768511	6.935405	1.000000
6.781188	7.171043	8.003866	1.000000
8.534555	3.963326	0.582893	1.000000
6.574377	6.179125	1.024248	1.000000
0.616043	5.871103	0.942318	1.000000
7.321630	6.717911	1.709718	1.000000
1.412281	4.788018	1.360614	1.000000
0.281234	7.000006	1.019814	1.000000
0.928601	7.670109	1.129507	1.000000
0.305205	7.919976	0.314102	1.000000
0.937335	6.829150	1.992460	1.000000
0.569542	7.226096	4.451754	1.000000
7.730094	1.490395	4.510458	1.000000
7.267397	8.443792	4.898905	1.000000
1.731222	6.217836	4.524008	1.000000
0.101639	7.171718	5.580113	1.000000
7.927256	6.963210	6.330713	1.000000
7.746600	0.586384	6.131592	1.000000
8.335683	5.784263	0.280688	1.000000
6.192893	5.283277	6.376595	1.000000
0.024144	6.850266	0.002737	1.000000
7.409167	6.357073	0.357970	1.000000
8.033948	6.529835	7.781704	1.000000
7.542682	8.028235	1.489011	1.000000
2.204155	1.742094	2.039263	1.000000
8.431731	1.178363	8.430205	1.000000
7.885605	6.927267	2.599079	1.000000
6.594428	0.576634	1.760889	1.000000
7.877247	0.484232	3.717097	1.000000
6.986156	8.547324	3.477741	1.000000
8.209434	7.740716	3.272386	1.000000
6.870710	7.267296	3.354557	1.000000
8.331325	0.704746	4.666234	1.000000
7.792651	8.109873	4.159428	1.000000
8.233655	8.038260	4.906429	1.000000
6.801225	7.479248	4.315543	1.000000
0.590978	1.774108	4.711333	1.000000
1.329326	0.437737	7.034770	1.000000
7.706670	7.489861	7.278761	1.000000
7.882975	7.108055	0.983360	1.000000
0.360606	0.274338	8.030134	1.000000
6.732083	7.240912	0.912802	1.000000
1.205532	7.828657	0.010756	1.000000
