500
0.000000 8.549880
0.000000 8.549880
0.000000 8.549880
0.522851	1.199592	1.402871	1.000000
1.912976	2.190240	1.459970	1.000000
8.505724	2.210212	1.317684	1.000000
1.671766	1.092268	1.606947	1.000000
1.049825	0.965830	2.724268	1.000000
1.785827	2.056683	3.502559	1.000000
0.709516	1.309502	3.847820	1.000000
2.170558	0.920600	3.308317	1.000000
0.418764	1.476260	4.990327	1.000000
1.476013	1.814232	4.658092	1.000000
1.285586	1.589535	5.984416	1.000000
1.193345	0.880429	4.693559	1.000000
1.904831	0.406747	6.211663	1.000000
1.950583	1.564952	6.677711	1.000000
0.442418	1.445368	6.894772	1.000000
1.204525	0.863222	7.208573	1.000000
0.171072	0.511842	7.578225	1.000000
2.151777	1.948096	7.749588	1.000000
1.397203	1.364690	8.277152	1.000000
1.844322	0.984144	0.653409	1.000000
0.774974	3.131320	1.100236	1.000000
1.592810	3.584403	1.342787	1.000000
0.154262	3.734083	2.090432	1.000000
0.890750	1.698824	2.228109	1.000000
0.661913	2.137521	3.232472	1.000000
1.614675	2.400757	2.495277	1.000000
0.751515	3.673796	2.885658	1.000000
1.928248	3.067491	3.177644	1.000000
0.612873	2.466160	5.205746	1.000000
1.104117	2.701203	4.084204	1.000000
0.828843	3.525278	4.740153	1.000000
2.393529	2.629538	6.210540	1.000000
0.136490	2.551268	6.450688	1.000000
1.944298	2.851022	5.407878	1.000000
1.110856	3.078723	6.106568	1.000000
1.923365	3.436707	6.802180	1.000000
1.192775	2.245808	6.855910	1.000000
1.221724	2.395489	7.984891	1.000000
0.157516	3.587461	0.163924	1.000000
1.735120	2.658102	0.513800	1.000000
0.381402	4.372408	0.949392	1.000000
1.491717	5.244989	1.373269	1.000000
0.893570	4.842066	2.160610	1.000000
2.386859	4.216640	1.773768	1.000000
8.008877	3.514593	2.991573	1.000000
1.692969	5.566713	2.328413	1.000000
0.110505	4.446355	2.865144	1.000000
1.211071	4.507464	3.207336	1.000000
1.370282	4.477645	4.740357	1.000000
2.138634	4.971255	3.792953	1.000000
1.739990	5.786386	5.187358	1.000000
2.235754	4.905917	4.932456	1.000000
0.977348	4.310444	5.804353	1.000000
1.845276	4.954763	6.182196	1.000000
1.040955	5.075066	6.826492	1.000000
1.289093	4.173840	6.826940	1.000000
0.812695	3.887943	7.704612	1.000000
1.810546	4.461831	7.868285	1.000000
1.196113	4.821437	0.224073	1.000000
1.137453	3.718470	0.310149	1.000000
0.588947	6.614001	0.649352	1.000000
1.253342	7.154988	1.351267	1.000000
0.883482	7.590194	2.194298	1.000000
0.866947	6.021050	1.738515	1.000000
0.744721	5.589350	2.778020	1.000000
1.689979	6.819018	2.689126	1.000000
0.467263	6.847247	2.936449	1.000000
2.242865	6.078775	3.344966	1.000000
1.270492	6.254994	3.437273	1.000000
1.689000	6.746078	5.481671	1.000000
0.804432	7.322438	4.773455	1.000000
2.281845	6.593405	4.615161	1.000000
0.754660	6.513763	5.731791	1.000000
1.553925	5.843334	6.245633	1.000000
0.122278	6.367689	6.639733	1.000000
2.033106	5.244524	7.038416	1.000000
1.270002	5.390730	8.015938	1.000000
0.919784	5.942885	7.334428	1.000000
1.346410	7.045926	0.023518	1.000000
1.588241	5.779297	0.367649	1.000000
1.124193	0.259868	1.722540	1.000000
1.967297	8.436670	0.853198	1.000000
0.172594	0.741384	2.378177	1.000000
1.771555	8.038807	1.946500	1.000000
1.511667	7.892233	3.112851	1.000000
1.738556	0.269991	2.604371	1.000000
1.390114	0.301804	3.722944	1.000000
1.054387	7.196964	3.704258	1.000000
0.768061	8.332970	4.806197	1.000000
1.634776	7.820282	4.514094	1.000000
1.453499	8.079649	5.464059	1.000000
2.202328	7.918957	6.312045	1.000000
0.997440	7.407154	6.160216	1.000000
0.514992	0.101511	6.633793	1.000000
8.126960	8.010694	7.532465	1.000000
2.152910	7.482806	7.799654	1.000000
0.896402	8.171267	7.627353	1.000000
2.126631	0.135783	7.552448	1.000000
1.338947	0.254562	8.519109	1.000000
0.870774	7.859233	0.382198	1.000000
2.712182	1.235475	1.086172	1.000000
3.186130	2.408760	0.793898	1.000000
2.089339	1.470426	2.455007	1.000000
3.639772	0.790360	1.182161	1.000000
2.529193	0.732750	1.979141	1.000000
3.245944	1.194558	2.881237	1.000000
2.770296	2.060925	3.312823	1.000000
3.409832	0.565039	3.794937	1.000000
2.223386	0.840585	4.295308	1.000000
3.767211	1.681327	3.619867	1.000000
2.105639	1.230580	5.404079	1.000000
4.305852	1.234596	4.470114	1.000000
2.876247	0.652432	6.122975	1.000000
3.309919	0.763253	4.825185	1.000000
3.148965	1.665628	7.672992	1.000000
3.568393	0.858968	6.689719	1.000000
2.601412	0.961382	7.253068	1.000000
3.415798	0.423242	7.673470	1.000000
2.442640	1.827834	0.365647	1.000000
3.373437	1.576712	0.136004	1.000000
2.656339	3.112561	1.471636	1.000000
4.085715	3.571008	1.170662	1.000000
2.617225	2.780921	2.483570	1.000000
3.152611	2.031499	1.647748	1.000000
3.714130	2.492768	2.678539	1.000000
3.470390	3.455495	2.072057	1.000000
2.986175	3.629329	3.714345	1.000000
4.495679	3.244306	3.008561	1.000000
2.767334	1.856543	4.450010	1.000000
3.645117	3.577648	4.492019	1.000000
2.303587	2.727084	4.166075	1.000000
2.955628	2.674692	5.230924	1.000000
2.821866	1.762883	5.867914	1.000000
2.645715	3.550362	5.861878	1.000000
1.713783	3.293517	7.924095	1.000000
3.560287	2.111158	6.507207	1.000000
2.745189	2.561298	7.153062	1.000000
3.537907	3.149029	6.879759	1.000000
2.344466	3.857434	0.049403	1.000000
2.933718	2.976693	8.205967	1.000000
3.089437	4.097644	0.971659	1.000000
2.971144	5.406468	0.614933	1.000000
2.441066	5.263673	1.628849	1.000000
3.404809	4.891269	1.411649	1.000000
2.323531	3.984314	2.728616	1.000000
3.308971	5.551903	2.168498	1.000000
2.478287	5.007193	2.665658	1.000000
3.373410	4.529168	2.530445	1.000000
1.993360	3.839248	3.798887	1.000000
3.464711	4.544410	4.045796	1.000000
2.504299	3.645364	4.684860	1.000000
3.195183	4.626952	5.400496	1.000000
1.731576	3.739026	5.547659	1.000000
2.704039	5.464124	6.062050	1.000000
2.568199	4.337251	6.959435	1.000000
3.523649	4.182527	6.278711	1.000000
3.652534	4.076456	7.487803	1.000000
2.571334	5.363739	8.209764	1.000000
2.216098	4.718595	0.658134	1.000000
3.731980	3.434711	0.296016	1.000000
2.935678	6.584652	1.125287	1.000000
3.739274	7.374291	0.935793	1.000000
2.512718	7.683593	1.465538	1.000000
3.825395	5.789674	1.018528	1.000000
2.059070	6.177220	1.320098	1.000000
2.602231	6.266637	2.298047	1.000000
2.072430	7.117918	3.609115	1.000000
3.193771	5.739116	3.206813	1.000000
2.786604	5.814634	4.703251	1.000000
3.028480	6.907404	3.698424	1.000000
2.332440	7.573745	5.395973	1.000000
3.466463	5.874112	5.446134	1.000000
2.611773	6.357030	5.630577	1.000000
2.804931	6.145150	6.935046	1.000000
2.151687	6.906524	6.297413	1.000000
3.367481	5.006375	7.053850	1.000000
2.600592	6.319495	7.794239	1.000000
3.055665	7.139791	7.152124	1.000000
2.345601	6.571273	0.304380	1.000000
3.446022	6.090298	0.066822	1.000000
2.726990	7.628856	0.602748	1.000000
3.258930	0.356242	0.207377	1.000000
3.067523	8.537933	1.558128	1.000000
3.760533	8.098636	1.992368	1.000000
2.490196	7.443448	2.586283	1.000000
2.801873	0.201852	2.834401	1.000000
2.367901	8.301791	3.716922	1.000000
3.347736	7.863544	3.489847	1.000000
2.656142	7.540391	4.407195	1.000000
4.216328	0.020379	4.474238	1.000000
2.049468	0.243476	5.116709	1.000000
3.080719	8.424698	4.974319	1.000000
3.265926	7.615632	6.098163	1.000000
3.662540	0.159452	5.876291	1.000000
1.416491	8.257077	6.686989	1.000000
3.140262	8.461241	6.928229	1.000000
1.882178	7.971417	0.035816	1.000000
3.035013	8.037377	7.912990	1.000000
2.537313	0.891717	8.362395	1.000000
3.009982	7.094651	8.332344	1.000000
4.191034	0.707787	0.298783	1.000000
4.271267	1.510052	0.920549	1.000000
3.943005	1.402626	2.073925	1.000000
4.488812	0.351016	1.734076	1.000000
3.848130	0.231763	2.786244	1.000000
5.420031	1.927385	2.988887	1.000000
4.777391	1.115952	3.292305	1.000000
5.345888	0.561919	2.532368	1.000000
4.646015	0.122269	3.561891	1.000000
4.627028	2.296828	3.434477	1.000000
3.768212	2.032589	4.962434	1.000000
5.485898	1.652636	4.099851	1.000000
4.466719	1.349973	5.990327	1.000000
4.570854	2.578691	5.829747	1.000000
4.238032	1.972679	7.386959	1.000000
4.951836	1.694755	6.766158	1.000000
4.569685	0.809685	7.155385	1.000000
5.780006	1.382239	7.361903	1.000000
4.927506	2.098212	8.387357	1.000000
4.887568	0.972313	8.114582	1.000000
3.982947	2.474518	1.672081	1.000000
4.785936	3.120622	0.608347	1.000000
4.815388	3.271266	2.081553	1.000000
5.312136	1.511898	1.714105	1.000000
4.761030	2.216503	2.271615	1.000000
5.337872	4.251538	1.917874	1.000000
5.110467	4.092721	2.955479	1.000000
5.514924	3.033506	2.667108	1.000000
3.277662	2.661024	4.003055	1.000000
5.346324	3.101325	3.711562	1.000000
4.345596	2.807763	4.234953	1.000000
5.109689	2.188449	5.066952	1.000000
3.867501	3.118794	5.295882	1.000000
5.340555	3.402631	6.031908	1.000000
4.612550	2.982621	7.001862	1.000000
5.339232	3.335386	7.496140	1.000000
3.980293	2.786064	8.099797	1.000000
4.059429	5.101461	7.918309	1.000000
4.611222	3.823876	7.881910	1.000000
5.681495	2.886100	8.494532	1.000000
4.210493	4.455502	0.626391	1.000000
5.431154	5.996615	0.670061	1.000000
4.191125	5.204259	1.832675	1.000000
6.408746	4.294068	1.590818	1.000000
4.269552	4.185573	1.991776	1.000000
4.148192	4.895608	2.898039	1.000000
3.742211	5.597443	3.988097	1.000000
4.828762	4.061916	4.102353	1.000000
4.083275	4.087574	5.210692	1.000000
4.983507	5.267471	4.418754	1.000000
4.117962	5.129183	5.009068	1.000000
5.073830	3.283053	4.962534	1.000000
4.385837	3.644467	6.196778	1.000000
4.705417	4.945994	5.851421	1.000000
3.867725	5.344629	6.216745	1.000000
5.322946	4.209084	6.722138	1.000000
3.269716	4.442441	8.444906	1.000000
5.746420	5.823613	8.095867	1.000000
4.659639	5.742524	0.180003	1.000000
5.548317	3.926623	8.326973	1.000000
4.546118	6.756770	0.950102	1.000000
5.649255	7.028215	0.476109	1.000000
3.783155	6.268468	1.904296	1.000000
5.222651	6.250351	1.681594	1.000000
4.030919	6.061656	2.929580	1.000000
4.690877	6.793448	2.333336	1.000000
4.657034	7.515739	4.061542	1.000000
4.803558	5.979408	3.583194	1.000000
4.241141	6.388338	4.249849	1.000000
5.748040	6.118946	4.221238	1.000000
3.642164	7.401652	4.722348	1.000000
4.798098	6.274156	5.058719	1.000000
4.209760	6.624222	5.743893	1.000000
5.042229	5.853507	6.065174	1.000000
4.175352	6.475647	6.785435	1.000000
4.467576	4.878314	6.996185	1.000000
3.718781	5.962350	7.540220	1.000000
5.036792	6.121281	7.212416	1.000000
3.951291	7.162607	7.877293	1.000000
4.933502	6.848096	7.952985	1.000000
4.670108	7.690325	0.231130	1.000000
5.471774	8.137080	0.989829	1.000000
4.245480	8.394212	1.005011	1.000000
4.535419	7.478285	1.586800	1.000000
3.859886	7.166755	2.470739	1.000000
4.914155	8.188684	2.211935	1.000000
4.298660	7.695202	3.140198	1.000000
5.508117	6.937590	3.479289	1.000000
5.446740	6.960302	4.663342	1.000000
5.174637	0.181342	4.953407	1.000000
4.325670	0.691208	5.295224	1.000000
5.302066	6.947312	6.019601	1.000000
4.554405	7.806455	5.105059	1.000000
5.857674	8.355660	6.244681	1.000000
4.291561	8.549272	6.709049	1.000000
5.110535	7.521702	7.002487	1.000000
4.086790	7.619734	6.748986	1.000000
5.353279	0.152474	8.450968	1.000000
4.167871	8.293273	8.034096	1.000000
5.540183	7.800004	8.054671	1.000000
5.367086	1.048131	0.808534	1.000000
6.489448	2.080578	0.475664	1.000000
5.779130	0.661021	1.682425	1.000000
6.710505	0.579958	2.031510	1.000000
6.363699	8.220660	1.495294	1.000000
6.184833	1.466988	2.413408	1.000000
6.408630	2.240305	3.619095	1.000000
6.403357	0.883855	3.452717	1.000000
5.848804	0.398963	4.237530	1.000000
7.340946	1.759451	4.114190	1.000000
6.433561	2.016949	4.563563	1.000000
6.709585	1.034491	4.554674	1.000000
5.832337	1.238554	5.103459	1.000000
6.141491	0.994277	6.064212	1.000000
5.482459	2.556514	6.944841	1.000000
7.029112	0.861743	6.498477	1.000000
5.441623	0.170772	7.502663	1.000000
6.793161	1.393657	7.494539	1.000000
6.004312	1.050312	8.259447	1.000000
7.118385	1.178512	0.114375	1.000000
5.414323	2.041508	0.898743	1.000000
7.385849	4.125570	8.269440	1.000000
5.626422	3.463727	1.277939	1.000000
6.615953	1.930279	1.546012	1.000000
5.822502	2.478568	1.771938	1.000000
6.153188	3.839081	2.454411	1.000000
6.086507	3.918482	3.454256	1.000000
6.495084	2.697881	2.516409	1.000000
6.250867	3.011446	4.341940	1.000000
8.290858	3.320947	4.607715	1.000000
6.269942	3.520912	5.448770	1.000000
7.187866	2.999989	4.860934	1.000000
6.012935	2.590398	5.609150	1.000000
7.193603	3.220208	5.845161	1.000000
6.321469	3.323885	6.745834	1.000000
7.007223	1.992197	6.520759	1.000000
6.445042	2.266543	7.319531	1.000000
6.637844	3.161757	8.415931	1.000000
7.172767	3.783315	0.626247	1.000000
6.386449	3.011634	0.875712	1.000000
5.187840	4.623889	0.339838	1.000000
6.143136	5.165748	0.574715	1.000000
5.015229	4.984985	1.300109	1.000000
5.933830	5.374618	1.893818	1.000000
5.959242	4.768674	2.728645	1.000000
6.432301	5.123365	3.768599	1.000000
5.350320	5.002321	3.593509	1.000000
7.243312	4.195434	3.572691	1.000000
5.991132	4.045919	4.589425	1.000000
6.893686	4.824426	4.617446	1.000000
6.027223	5.434120	5.002726	1.000000
7.314326	3.960381	4.907024	1.000000
5.238405	4.170446	5.451309	1.000000
6.314359	4.183499	6.122323	1.000000
5.859226	5.135982	5.873390	1.000000
6.974693	3.868610	7.275181	1.000000
5.207086	4.803996	7.792078	1.000000
7.302588	4.853239	7.306362	1.000000
6.352845	4.825637	8.238929	1.000000
6.142307	4.316559	7.360073	1.000000
6.349744	6.126642	1.305747	1.000000
7.443369	6.550462	8.488596	1.000000
5.585912	7.281149	1.545108	1.000000
7.300313	6.096809	1.715852	1.000000
5.031833	5.287648	2.561253	1.000000
7.407771	6.939299	2.577593	1.000000
5.833451	6.860007	2.408557	1.000000
7.306452	5.465364	3.739757	1.000000
6.174700	6.016896	3.136549	1.000000
6.675832	6.692224	4.146017	1.000000
5.593723	7.845163	5.473038	1.000000
6.873411	6.175320	4.923869	1.000000
6.052217	6.557967	5.466888	1.000000
6.958878	6.639504	6.159553	1.000000
5.882254	6.155651	6.516572	1.000000
6.619152	5.506486	6.748801	1.000000
5.814265	5.208095	7.161148	1.000000
7.393652	6.173145	7.055044	1.000000
6.567169	6.370142	0.259870	1.000000
6.672338	5.748446	7.692574	1.000000
6.416059	7.953980	8.535176	1.000000
7.197003	0.968442	1.242668	1.000000
7.387135	8.543506	1.335428	1.000000
6.586023	7.383202	0.857873	1.000000
5.946338	8.052802	2.413474	1.000000
7.024054	7.874370	2.230831	1.000000
5.798825	8.492646	3.273616	1.000000
6.595280	7.127965	3.036225	1.000000
6.001749	7.799309	4.193761	1.000000
6.847869	8.277041	3.103843	1.000000
6.695135	8.482994	4.771942	1.000000
6.690308	7.218659	4.964492	1.000000
6.452794	7.530167	6.170999	1.000000
6.754005	8.537024	5.932196	1.000000
5.122462	0.630859	6.384302	1.000000
7.147996	7.139137	7.141605	1.000000
6.264950	7.854670	7.277206	1.000000
6.410698	0.215990	7.862667	1.000000
6.421006	0.597397	0.621831	1.000000
6.222616	6.798297	7.867626	1.000000
7.805727	1.808842	8.494146	1.000000
0.892131	2.017828	0.498885	1.000000
7.698273	1.442323	1.991862	1.000000
8.445148	1.548713	0.573344	1.000000
7.679386	0.508530	2.478934	1.000000
8.482483	2.105646	2.490050	1.000000
7.037998	1.744278	2.787986	1.000000
8.241003	1.142338	3.419198	1.000000
8.464099	0.243145	3.949875	1.000000
7.905525	1.080334	4.611879	1.000000
6.917988	1.495444	5.462030	1.000000
1.114017	0.539454	5.630927	1.000000
7.904960	8.279142	5.614402	1.000000
8.429474	1.454123	5.881464	1.000000
7.452412	0.591695	5.635057	1.000000
8.195231	0.608992	6.398852	1.000000
7.679521	0.772976	7.786932	1.000000
7.835581	1.467401	6.934552	1.000000
6.962471	2.232665	8.230967	1.000000
0.402527	0.929597	8.404619	1.000000
6.993096	3.227222	1.633665	1.000000
7.973136	3.063147	1.799792	1.000000
7.836989	4.074552	1.531062	1.000000
7.400070	2.128751	0.991632	1.000000
7.579178	2.563831	2.727038	1.000000
0.874971	2.917365	2.090322	1.000000
6.934802	3.397391	2.867156	1.000000
8.504170	2.001655	4.005284	1.000000
7.300850	2.801007	3.675439	1.000000
8.436889	2.863247	3.614049	1.000000
0.012069	4.152735	4.901101	1.000000
7.834802	2.376301	5.384504	1.000000
8.138656	3.367213	6.580773	1.000000
0.139550	3.467280	5.606949	1.000000
7.569782	2.990458	7.863172	1.000000
8.212187	2.200546	7.503327	1.000000
7.417443	2.770288	6.944700	1.000000
0.186461	2.934498	7.567768	1.000000
7.786779	2.949964	0.499915	1.000000
0.395848	1.855859	8.056602	1.000000
8.087305	4.955508	0.443942	1.000000
0.563651	5.434289	1.098610	1.000000
7.064549	5.172007	1.209377	1.000000
8.291720	4.970094	1.958027	1.000000
7.009491	4.703042	2.531596	1.000000
8.070425	5.294731	3.230835	1.000000
0.021835	5.585427	4.076377	1.000000
0.511583	4.049973	3.861434	1.000000
8.086160	4.612104	3.949072	1.000000
0.936360	5.349807	3.859960	1.000000
6.857548	5.351611	5.510824	1.000000
0.160430	5.340534	4.978628	1.000000
7.800264	4.233230	6.335752	1.000000
7.825701	4.789047	5.388864	1.000000
7.809077	5.271063	6.395173	1.000000
0.287431	4.108899	6.752192	1.000000
8.164359	3.856711	7.548729	1.000000
0.415397	4.808539	7.725941	1.000000
7.181258	5.362229	0.114941	1.000000
7.979081	4.970802	8.028262	1.000000
8.341915	6.056453	1.070159	1.000000
0.046050	7.705999	1.191837	1.000000
7.834299	6.902635	1.527447	1.000000
8.456818	5.929504	2.282796	1.000000
6.995751	5.622819	2.775719	1.000000
0.146178	6.921474	1.969707	1.000000
7.632001	7.135997	3.578465	1.000000
8.133591	6.238882	3.159017	1.000000
7.826555	5.814901	4.966165	1.000000
0.083145	6.820299	4.005233	1.000000
7.837494	6.790671	4.652550	1.000000
0.869890	6.138633	4.780582	1.000000
7.868473	6.251131	6.021121	1.000000
8.470342	7.309026	5.718219	1.000000
7.923114	7.223793	6.545790	1.000000
0.234432	5.177434	5.930622	1.000000
8.417895	5.874046	7.552946	1.000000
1.422365	7.251385	7.051306	1.000000
0.293410	6.716872	8.099338	1.000000
0.250847	5.604202	8.517643	1.000000
7.670430	7.319077	0.557708	1.000000
0.638237	0.322949	0.758941	1.000000
8.431432	0.271950	1.337518	1.000000
8.085595	7.754666	2.133729	1.000000
7.867921	8.066442	3.196395	1.000000
0.705196	8.491185	2.709141	1.000000
7.372361	0.721274	3.555904	1.000000
0.258702	7.878549	3.459348	1.000000
7.026022	7.795780	4.168000	1.000000
0.093745	0.503484	5.185726	1.000000
7.831433	0.098736	4.645842	1.000000
8.167823	7.744532	4.359162	1.000000
7.481372	7.389961	5.475243	1.000000
0.406802	8.241234	5.651008	1.000000
7.638393	8.547051	6.789076	1.000000
0.304823	7.338189	7.101415	1.000000
7.242274	8.099656	8.118394	1.000000
7.901504	7.042957	7.676617	1.000000
7.845026	0.381210	0.393500	1.000000
8.396782	7.801797	8.440725	1.000000
